
  ACD/Labs04281711312D

 11 10  0  0  0  0  0  0  0  0  1 V2000
    0.0000   -8.0702    0.0000 O   0  0  0  0  0  0  0  0  0  0  0  0
    1.3281   -8.0702    0.0000 C   0  0  0  0  0  0  0  0  0  0  0  0
    1.9922   -9.2231    0.0000 O   0  0  0  0  0  0  0  0  0  0  0  0
    1.9922   -6.9174    0.0000 C   0  0  0  0  0  0  0  0  0  0  0  0
    1.3281   -5.7645    0.0000 C   0  0  0  0  0  0  0  0  0  0  0  0
    1.9922   -4.6116    0.0000 C   0  0  0  0  0  0  0  0  0  0  0  0
    1.3281   -3.4587    0.0000 C   0  0  0  0  0  0  0  0  0  0  0  0
    1.9922   -2.3058    0.0000 C   0  0  0  0  0  0  0  0  0  0  0  0
    1.3281   -1.1529    0.0000 C   0  0  0  0  0  0  0  0  0  0  0  0
    1.9922    0.0000    0.0000 O   0  0  0  0  0  0  0  0  0  0  0  0
    0.0000   -1.1529    0.0000 O   0  0  0  0  0  0  0  0  0  0  0  0
  1  2  1  0  0  0  0
  2  3  2  0  0  0  0
  2  4  1  0  0  0  0
  4  5  1  0  0  0  0
  5  6  1  0  0  0  0
  6  7  1  0  0  0  0
  7  8  1  0  0  0  0
  8  9  1  0  0  0  0
  9 10  1  0  0  0  0
  9 11  2  0  0  0  0
M  END
