385
  Marvin  12300703363D          

 23 22  0  0  0  0            999 V2000
    3.9254   -2.9319   -0.0000 O   0  0  0  0  0  0  0  0  0  0  0  0
   -4.0727    2.7236   -0.0000 O   0  0  0  0  0  0  0  0  0  0  0  0
    4.0820   -0.8602    0.0000 O   0  0  0  0  0  0  0  0  0  0  0  0
   -2.1716    3.5619   -0.0000 O   0  0  0  0  0  0  0  0  0  0  0  0
   -0.2398   -0.3391   -0.0000 C   0  0  0  0  0  0  0  0  0  0  0  0
    1.3067   -0.3615   -0.0000 C   0  0  0  0  0  0  0  0  0  0  0  0
   -0.7764    1.1115   -0.0000 C   0  0  0  0  0  0  0  0  0  0  0  0
    1.9125   -1.7849   -0.0000 C   0  0  0  0  0  0  0  0  0  0  0  0
   -2.3203    1.2081    0.0000 C   0  0  0  0  0  0  0  0  0  0  0  0
    3.3604   -1.8480   -0.0000 C   0  0  0  0  0  0  0  0  0  0  0  0
   -2.8624    2.5522   -0.0000 C   0  0  0  0  0  0  0  0  0  0  0  0
   -0.6120   -0.8655    0.8838 H   0  0  0  0  0  0  0  0  0  0  0  0
   -0.6120   -0.8655   -0.8838 H   0  0  0  0  0  0  0  0  0  0  0  0
    1.6654    0.1742   -0.8845 H   0  0  0  0  0  0  0  0  0  0  0  0
    1.6654    0.1742    0.8845 H   0  0  0  0  0  0  0  0  0  0  0  0
   -0.3909    1.6283    0.8845 H   0  0  0  0  0  0  0  0  0  0  0  0
   -0.3909    1.6283   -0.8845 H   0  0  0  0  0  0  0  0  0  0  0  0
    1.5466   -2.3169   -0.8828 H   0  0  0  0  0  0  0  0  0  0  0  0
    1.5466   -2.3169    0.8828 H   0  0  0  0  0  0  0  0  0  0  0  0
   -2.6999    0.6858    0.8828 H   0  0  0  0  0  0  0  0  0  0  0  0
   -2.6999    0.6858   -0.8828 H   0  0  0  0  0  0  0  0  0  0  0  0
    3.4555   -3.6760    0.0000 H   0  0  0  0  0  0  0  0  0  0  0  0
   -4.6176    2.0326    0.0000 H   0  0  0  0  0  0  0  0  0  0  0  0
  1 10  1  0  0  0  0
  1 22  1  0  0  0  0
  2 11  1  0  0  0  0
  2 23  1  0  0  0  0
  3 10  2  0  0  0  0
  4 11  2  0  0  0  0
  5  6  1  0  0  0  0
  5  7  1  0  0  0  0
  5 12  1  0  0  0  0
  5 13  1  0  0  0  0
  6  8  1  0  0  0  0
  6 14  1  0  0  0  0
  6 15  1  0  0  0  0
  7  9  1  0  0  0  0
  7 16  1  0  0  0  0
  7 17  1  0  0  0  0
  8 10  1  0  0  0  0
  8 18  1  0  0  0  0
  8 19  1  0  0  0  0
  9 11  1  0  0  0  0
  9 20  1  0  0  0  0
  9 21  1  0  0  0  0
M  END
$$$$
