
  ACD/Labs06251410132D

 13 13  0  0  0  0  0  0  0  0  2 V2000
    6.6474   -4.6067    0.0000 O   0  0  0  0  0  0  0  0  0  0  0  0
    5.9827   -3.4567    0.0000 C   0  0  0  0  0  0  0  0  0  0  0  0
    6.6474   -2.3067    0.0000 O   0  0  0  0  0  0  0  0  0  0  0  0
    4.6532   -3.4567    0.0000 C   0  0  0  0  0  0  0  0  0  0  0  0
    3.9885   -2.3067    0.0000 C   0  0  0  0  0  0  0  0  0  0  0  0
    4.6532   -1.1500    0.0000 C   0  0  0  0  0  0  0  0  0  0  0  0
    3.9885    0.0000    0.0000 C   0  0  0  0  0  0  0  0  0  0  0  0
    2.6590    0.0000    0.0000 C   0  0  0  0  0  0  0  0  0  0  0  0
    1.9942   -1.1500    0.0000 C   0  0  0  0  0  0  0  0  0  0  0  0
    2.6590   -2.3067    0.0000 C   0  0  0  0  0  0  0  0  0  0  0  0
    0.6647   -1.1500    0.0000 N   0  3  0  0  0  0  0  0  0  0  0  0
    0.0000    0.0000    0.0000 O   0  5  0  0  0  0  0  0  0  0  0  0
    0.0000   -2.3067    0.0000 O   0  0  0  0  0  0  0  0  0  0  0  0
  1  2  1  0  0  0  0
  2  3  2  0  0  0  0
  2  4  1  0  0  0  0
  4  5  1  0  0  0  0
  5  6  1  0  0  0  0
  5 10  2  0  0  0  0
  6  7  2  0  0  0  0
  7  8  1  0  0  0  0
  8  9  2  0  0  0  0
  9 10  1  0  0  0  0
  9 11  1  0  0  0  0
 11 12  1  0  0  0  0
 11 13  2  0  0  0  0
M  CHG  2  11   1  12  -1
M  END
