15876
  Marvin  12300703363D          

 20 20  0  0  0  0            999 V2000
   -2.0860   -3.0222    1.3323 O   0  0  0  0  0  0  0  0  0  0  0  0
   -1.1357   -1.3704    2.1381 O   0  0  0  0  0  0  0  0  0  0  0  0
    3.6638    1.9632   -0.2499 O   0  5  0  0  0  0  0  0  0  0  0  0
    3.6575    0.0253   -0.2531 O   0  0  0  0  0  0  0  0  0  0  0  0
    3.0051    0.9948   -0.2606 N   0  3  0  0  0  0  0  0  0  0  0  0
   -0.5013   -0.2281   -0.2917 C   0  0  0  0  0  0  0  0  0  0  0  0
   -1.2397   -1.5166   -0.2218 C   0  0  0  0  0  0  0  0  0  0  0  0
    0.9116   -0.2043   -0.2895 C   0  0  0  0  0  0  0  0  0  0  0  0
   -1.1948    1.0015   -0.2891 C   0  0  0  0  0  0  0  0  0  0  0  0
    1.6589    1.0006   -0.2760 C   0  0  0  0  0  0  0  0  0  0  0  0
   -0.4918    2.2168   -0.2754 C   0  0  0  0  0  0  0  0  0  0  0  0
    0.9149    2.2078   -0.2682 C   0  0  0  0  0  0  0  0  0  0  0  0
   -1.4892   -1.9733    1.1337 C   0  0  0  0  0  0  0  0  0  0  0  0
   -0.6844   -2.2936   -0.7556 H   0  0  0  0  0  0  0  0  0  0  0  0
   -2.1944   -1.4309   -0.7484 H   0  0  0  0  0  0  0  0  0  0  0  0
    1.4065   -1.1012   -0.2835 H   0  0  0  0  0  0  0  0  0  0  0  0
   -2.2175    1.0248   -0.2825 H   0  0  0  0  0  0  0  0  0  0  0  0
   -1.0031    3.1017   -0.2633 H   0  0  0  0  0  0  0  0  0  0  0  0
    1.3888    3.1138   -0.2529 H   0  0  0  0  0  0  0  0  0  0  0  0
   -2.3692   -3.5096    0.6573 H   0  0  0  0  0  0  0  0  0  0  0  0
  1 13  1  0  0  0  0
  1 20  1  0  0  0  0
  2 13  2  0  0  0  0
  3  5  1  0  0  0  0
  4  5  2  0  0  0  0
  5 10  1  0  0  0  0
  6  7  1  0  0  0  0
  6  8  2  0  0  0  0
  6  9  1  0  0  0  0
  7 13  1  0  0  0  0
  7 14  1  0  0  0  0
  7 15  1  0  0  0  0
  8 10  1  0  0  0  0
  8 16  1  0  0  0  0
  9 11  2  0  0  0  0
  9 17  1  0  0  0  0
 10 12  2  0  0  0  0
 11 12  1  0  0  0  0
 11 18  1  0  0  0  0
 12 19  1  0  0  0  0
M  CHG  2   3  -1   5   1
M  END
> <PUBCHEM_BONDANNOTATIONS>
10  12  8
11  12  8
6  8  8
6  9  8
8  10  8
9  11  8

$$$$
