19960
  Marvin  12300703363D          

 23 22  0  0  0  0            999 V2000
   -3.4943    3.0069    0.0362 O   0  0  0  0  0  0  0  0  0  0  0  0
    3.2414   -2.7495    0.0547 N   0  0  0  0  0  0  0  0  0  0  0  0
    0.6401    0.1248    0.0376 C   0  0  0  0  0  0  0  0  0  0  0  0
   -0.9094    0.1784    0.0363 C   0  0  0  0  0  0  0  0  0  0  0  0
    1.2113   -1.3155    0.0414 C   0  0  0  0  0  0  0  0  0  0  0  0
   -1.4837    1.6175    0.0360 C   0  0  0  0  0  0  0  0  0  0  0  0
    2.7563   -1.3663    0.0435 C   0  0  0  0  0  0  0  0  0  0  0  0
   -3.0280    1.6627    0.0361 C   0  0  0  0  0  0  0  0  0  0  0  0
    1.0111    0.6547    0.9193 H   0  0  0  0  0  0  0  0  0  0  0  0
    1.0125    0.6509   -0.8459 H   0  0  0  0  0  0  0  0  0  0  0  0
   -1.2799   -0.3504   -0.8463 H   0  0  0  0  0  0  0  0  0  0  0  0
   -1.2811   -0.3501    0.9185 H   0  0  0  0  0  0  0  0  0  0  0  0
    0.8420   -1.8457    0.9239 H   0  0  0  0  0  0  0  0  0  0  0  0
    0.8453   -1.8477   -0.8414 H   0  0  0  0  0  0  0  0  0  0  0  0
   -1.1200    2.1512   -0.8464 H   0  0  0  0  0  0  0  0  0  0  0  0
   -1.1202    2.1513    0.9185 H   0  0  0  0  0  0  0  0  0  0  0  0
    3.1537   -0.8723   -0.8455 H   0  0  0  0  0  0  0  0  0  0  0  0
    3.1523   -0.8615    0.9269 H   0  0  0  0  0  0  0  0  0  0  0  0
   -3.4233    1.1635    0.9234 H   0  0  0  0  0  0  0  0  0  0  0  0
   -3.4234    1.1635   -0.8511 H   0  0  0  0  0  0  0  0  0  0  0  0
    4.2612   -2.7100   -0.0080 H   0  0  0  0  0  0  0  0  0  0  0  0
    2.9073   -3.1919   -0.8042 H   0  0  0  0  0  0  0  0  0  0  0  0
   -4.4711    2.9355    0.0363 H   0  0  0  0  0  0  0  0  0  0  0  0
  1  8  1  0  0  0  0
  1 23  1  0  0  0  0
  2  7  1  0  0  0  0
  2 21  1  0  0  0  0
  2 22  1  0  0  0  0
  3  4  1  0  0  0  0
  3  5  1  0  0  0  0
  3  9  1  0  0  0  0
  3 10  1  0  0  0  0
  4  6  1  0  0  0  0
  4 11  1  0  0  0  0
  4 12  1  0  0  0  0
  5  7  1  0  0  0  0
  5 13  1  0  0  0  0
  5 14  1  0  0  0  0
  6  8  1  0  0  0  0
  6 15  1  0  0  0  0
  6 16  1  0  0  0  0
  7 17  1  0  0  0  0
  7 18  1  0  0  0  0
  8 19  1  0  0  0  0
  8 20  1  0  0  0  0
M  END
$$$$
