2762709
  Marvin  12310702243D          

 19 19  0  0  0  0            999 V2000
    0.0633   -1.8146    0.1419 O   0  0  0  0  0  0  0  0  0  0  0  0
    2.3757    0.9016   -1.0036 O   0  0  0  0  0  0  0  0  0  0  0  0
    2.3770    0.9333    1.6502 O   0  0  0  0  0  0  0  0  0  0  0  0
   -1.9296   -0.7706    0.2799 N   0  0  0  0  0  0  0  0  0  0  0  0
    0.0782    0.5289    0.3245 C   0  0  0  0  0  0  0  0  0  0  0  0
   -0.5706   -0.7244    0.2500 C   0  0  0  0  0  0  0  0  0  0  0  0
   -0.7114    1.6932    0.3812 C   0  0  0  0  0  0  0  0  0  0  0  0
   -2.1149    1.6059    0.3906 C   0  0  0  0  0  0  0  0  0  0  0  0
   -2.7140    0.3353    0.3536 C   0  0  0  0  0  0  0  0  0  0  0  0
    0.3190   -2.4611   -0.9990 C   0  0  0  0  0  0  0  0  0  0  0  0
    1.6479    0.6914    0.3260 B   0  0  0  0  0  0  0  0  0  0  0  0
   -0.2722    2.6173    0.4109 H   0  0  0  0  0  0  0  0  0  0  0  0
   -2.6876    2.4522    0.4234 H   0  0  0  0  0  0  0  0  0  0  0  0
   -3.7299    0.2360    0.3751 H   0  0  0  0  0  0  0  0  0  0  0  0
    0.8352   -3.3922   -0.7654 H   0  0  0  0  0  0  0  0  0  0  0  0
   -0.5943   -2.7081   -1.5467 H   0  0  0  0  0  0  0  0  0  0  0  0
    0.9699   -1.8660   -1.6444 H   0  0  0  0  0  0  0  0  0  0  0  0
    3.3283    0.8672   -0.7772 H   0  0  0  0  0  0  0  0  0  0  0  0
    3.3299    0.8748    1.4291 H   0  0  0  0  0  0  0  0  0  0  0  0
  1  6  1  0  0  0  0
  1 10  1  0  0  0  0
  2 11  1  0  0  0  0
  2 18  1  0  0  0  0
  3 11  1  0  0  0  0
  3 19  1  0  0  0  0
  4  6  1  0  0  0  0
  4  9  2  0  0  0  0
  5  6  2  0  0  0  0
  5  7  1  0  0  0  0
  5 11  1  0  0  0  0
  7  8  2  0  0  0  0
  7 12  1  0  0  0  0
  8  9  1  0  0  0  0
  8 13  1  0  0  0  0
  9 14  1  0  0  0  0
 10 15  1  0  0  0  0
 10 16  1  0  0  0  0
 10 17  1  0  0  0  0
M  END
> <PUBCHEM_BONDANNOTATIONS>
4  6  8
4  9  8
5  6  8
5  7  8
7  8  8
8  9  8

$$$$
