3772977
  Marvin  12310706153D          

 20 20  0  0  0  0            999 V2000
    2.5521   -1.9407   -0.1738 O   0  5  0  0  0  0  0  0  0  0  0  0
    0.8987   -2.9104   -0.1806 O   0  0  0  0  0  0  0  0  0  0  0  0
    1.0248    4.0475   -0.1657 O   0  5  0  0  0  0  0  0  0  0  0  0
    2.6675    3.0220   -0.1652 O   0  0  0  0  0  0  0  0  0  0  0  0
   -1.4744   -1.6784   -0.0969 N   0  0  0  0  0  0  0  0  0  0  0  0
    1.3835   -1.8481   -0.1781 N   0  3  0  0  0  0  0  0  0  0  0  0
    1.5007    2.9756   -0.1735 N   0  3  0  0  0  0  0  0  0  0  0  0
   -2.1604   -1.9894    0.9778 N   0  0  0  0  0  0  0  0  0  0  0  0
   -0.7182   -0.5963   -0.1481 C   0  0  0  0  0  0  0  0  0  0  0  0
    0.7029   -0.6788   -0.1787 C   0  0  0  0  0  0  0  0  0  0  0  0
    0.7885    1.8328   -0.1831 C   0  0  0  0  0  0  0  0  0  0  0  0
    1.4080    0.5560   -0.1880 C   0  0  0  0  0  0  0  0  0  0  0  0
   -1.3726    0.6529   -0.1652 C   0  0  0  0  0  0  0  0  0  0  0  0
   -0.6264    1.8407   -0.1850 C   0  0  0  0  0  0  0  0  0  0  0  0
    2.4304    0.5303   -0.1945 H   0  0  0  0  0  0  0  0  0  0  0  0
   -2.3951    0.7134   -0.1657 H   0  0  0  0  0  0  0  0  0  0  0  0
   -1.1437    2.7234   -0.1978 H   0  0  0  0  0  0  0  0  0  0  0  0
   -1.4773   -2.2689   -0.8225 H   0  0  0  0  0  0  0  0  0  0  0  0
   -2.5035   -2.9421    0.8393 H   0  0  0  0  0  0  0  0  0  0  0  0
   -1.4855   -2.0415    1.7453 H   0  0  0  0  0  0  0  0  0  0  0  0
  1  6  1  0  0  0  0
  2  6  2  0  0  0  0
  3  7  1  0  0  0  0
  4  7  2  0  0  0  0
  5  8  1  0  0  0  0
  5  9  1  0  0  0  0
  5 18  1  0  0  0  0
  6 10  1  0  0  0  0
  7 11  1  0  0  0  0
  8 19  1  0  0  0  0
  8 20  1  0  0  0  0
  9 10  2  0  0  0  0
  9 13  1  0  0  0  0
 10 12  1  0  0  0  0
 11 12  2  0  0  0  0
 11 14  1  0  0  0  0
 12 15  1  0  0  0  0
 13 14  2  0  0  0  0
 13 16  1  0  0  0  0
 14 17  1  0  0  0  0
M  CHG  4   1  -1   3  -1   6   1   7   1
M  END
> <PUBCHEM_BONDANNOTATIONS>
10  12  8
11  12  8
11  14  8
13  14  8
9  10  8
9  13  8

$$$$
