38282
  Marvin  12300703363D          

 28 29  0  0  0  0            999 V2000
    2.6007    4.6081   -0.4695 Cl  0  0  0  0  0  0  0  0  0  0  0  0
   -1.6339   -0.2444   -1.7367 O   0  0  0  0  0  0  0  0  0  0  0  0
   -0.5492   -2.5289    1.5257 N   0  0  0  0  0  0  0  0  0  0  0  0
   -0.7867   -0.4264   -0.5913 C   0  0  1  0  0  0  0  0  0  0  0  0
   -1.7362   -0.5230    0.6507 C   0  0  0  0  0  0  0  0  0  0  0  0
   -0.1191   -1.8240   -0.8384 C   0  0  0  0  0  0  0  0  0  0  0  0
   -1.0820   -1.1979    1.8819 C   0  0  0  0  0  0  0  0  0  0  0  0
    0.4406   -2.5219    0.4306 C   0  0  0  0  0  0  0  0  0  0  0  0
    0.0989    0.7948   -0.5378 C   0  0  0  0  0  0  0  0  0  0  0  0
    1.5072    0.7627   -0.3591 C   0  0  0  0  0  0  0  0  0  0  0  0
   -0.4807    2.0821   -0.6886 C   0  0  0  0  0  0  0  0  0  0  0  0
    2.2854    1.9353   -0.3276 C   0  0  0  0  0  0  0  0  0  0  0  0
    0.2835    3.2614   -0.6769 C   0  0  0  0  0  0  0  0  0  0  0  0
    1.6741    3.1904   -0.4917 C   0  0  0  0  0  0  0  0  0  0  0  0
   -2.1181    0.4556    0.9528 H   0  0  0  0  0  0  0  0  0  0  0  0
   -2.6171   -1.1190    0.3924 H   0  0  0  0  0  0  0  0  0  0  0  0
    0.6639   -1.7517   -1.5976 H   0  0  0  0  0  0  0  0  0  0  0  0
   -0.8656   -2.5143   -1.2463 H   0  0  0  0  0  0  0  0  0  0  0  0
   -1.8313   -1.3405    2.6635 H   0  0  0  0  0  0  0  0  0  0  0  0
   -0.2892   -0.5688    2.2946 H   0  0  0  0  0  0  0  0  0  0  0  0
    0.6892   -3.5593    0.1973 H   0  0  0  0  0  0  0  0  0  0  0  0
    1.3583   -2.0528    0.7858 H   0  0  0  0  0  0  0  0  0  0  0  0
   -0.0907   -2.9149    2.3542 H   0  0  0  0  0  0  0  0  0  0  0  0
   -1.0364   -0.1019   -2.5008 H   0  0  0  0  0  0  0  0  0  0  0  0
    2.0098   -0.1155   -0.2494 H   0  0  0  0  0  0  0  0  0  0  0  0
   -1.4905    2.1840   -0.8239 H   0  0  0  0  0  0  0  0  0  0  0  0
    3.2977    1.8666   -0.1879 H   0  0  0  0  0  0  0  0  0  0  0  0
   -0.1823    4.1642   -0.8061 H   0  0  0  0  0  0  0  0  0  0  0  0
  1 14  1  0  0  0  0
  2  4  1  0  0  0  0
  2 24  1  0  0  0  0
  3  7  1  0  0  0  0
  3  8  1  0  0  0  0
  3 23  1  0  0  0  0
  4  5  1  0  0  0  0
  4  6  1  0  0  0  0
  4  9  1  0  0  0  0
  5  7  1  0  0  0  0
  5 15  1  0  0  0  0
  5 16  1  0  0  0  0
  6  8  1  0  0  0  0
  6 17  1  0  0  0  0
  6 18  1  0  0  0  0
  7 19  1  0  0  0  0
  7 20  1  0  0  0  0
  8 21  1  0  0  0  0
  8 22  1  0  0  0  0
  9 10  2  0  0  0  0
  9 11  1  0  0  0  0
 10 12  1  0  0  0  0
 10 25  1  0  0  0  0
 11 13  2  0  0  0  0
 11 26  1  0  0  0  0
 12 14  2  0  0  0  0
 12 27  1  0  0  0  0
 13 14  1  0  0  0  0
 13 28  1  0  0  0  0
M  END
> <PUBCHEM_BONDANNOTATIONS>
10  12  8
11  13  8
12  14  8
13  14  8
9  10  8
9  11  8

$$$$
