
  ACD/Labs02211713352D

  9  9  0  0  0  0  0  0  0  0  2 V2000
    0.0000   -1.3549    0.0000 O   0  0  0  0  0  0  0  0  0  0  0  0
    1.3242   -1.2169    0.0000 N   0  3  0  0  0  0  0  0  0  0  0  0
    1.8662    0.0000    0.0000 O   0  5  0  0  0  0  0  0  0  0  0  0
    2.1065   -2.2906    0.0000 C   0  0  0  0  0  0  0  0  0  0  0  0
    3.4359   -2.2906    0.0000 N   0  0  0  0  0  0  0  0  0  0  0  0
    3.8449   -3.5535    0.0000 C   0  0  0  0  0  0  0  0  0  0  0  0
    5.1129   -3.9574    0.0000 Cl  0  0  0  0  0  0  0  0  0  0  0  0
    2.7712   -4.3408    0.0000 N   0  0  0  0  0  0  0  0  0  0  0  0
    1.6975   -3.5535    0.0000 C   0  0  0  0  0  0  0  0  0  0  0  0
  1  2  2  0  0  0  0
  2  3  1  0  0  0  0
  2  4  1  0  0  0  0
  4  5  1  0  0  0  0
  4  9  2  0  0  0  0
  5  6  2  0  0  0  0
  6  7  1  0  0  0  0
  6  8  1  0  0  0  0
  8  9  1  0  0  0  0
M  CHG  2   2   1   3  -1
M  END
