5280460
  Marvin  12300716493D          

 22 23  0  0  0  0            999 V2000
    2.2383    1.1506   -0.8983 O   0  0  0  0  0  0  0  0  0  0  0  0
   -1.9487   -1.8369    0.5814 O   0  0  0  0  0  0  0  0  0  0  0  0
    0.3806   -3.0379   -0.0589 O   0  0  0  0  0  0  0  0  0  0  0  0
    3.2839    3.0004   -1.0693 O   0  0  0  0  0  0  0  0  0  0  0  0
   -0.0591    0.9970   -0.5358 C   0  0  0  0  0  0  0  0  0  0  0  0
    1.2193    0.3877   -0.6882 C   0  0  0  0  0  0  0  0  0  0  0  0
   -1.1678    0.2023   -0.1842 C   0  0  0  0  0  0  0  0  0  0  0  0
   -0.9980   -1.1771    0.0601 C   0  0  0  0  0  0  0  0  0  0  0  0
    1.3560   -1.0079   -0.5699 C   0  0  0  0  0  0  0  0  0  0  0  0
    0.2474   -1.7943   -0.1971 C   0  0  0  0  0  0  0  0  0  0  0  0
   -0.1045    2.3866   -0.6948 C   0  0  0  0  0  0  0  0  0  0  0  0
    1.0311    3.0896   -0.8895 C   0  0  0  0  0  0  0  0  0  0  0  0
    2.2195    2.4102   -0.9600 C   0  0  0  0  0  0  0  0  0  0  0  0
   -2.2033   -1.8564    1.8981 C   0  0  0  0  0  0  0  0  0  0  0  0
   -2.0901    0.6303   -0.0629 H   0  0  0  0  0  0  0  0  0  0  0  0
    2.2683   -1.4440   -0.7267 H   0  0  0  0  0  0  0  0  0  0  0  0
   -0.9733    2.8678   -0.6515 H   0  0  0  0  0  0  0  0  0  0  0  0
    0.9989    4.0792   -0.9770 H   0  0  0  0  0  0  0  0  0  0  0  0
    1.1529   -3.4331   -0.2084 H   0  0  0  0  0  0  0  0  0  0  0  0
   -3.0776   -2.4782    2.0848 H   0  0  0  0  0  0  0  0  0  0  0  0
   -2.4107   -0.8568    2.2914 H   0  0  0  0  0  0  0  0  0  0  0  0
   -1.3631   -2.2793    2.4567 H   0  0  0  0  0  0  0  0  0  0  0  0
  1  6  1  0  0  0  0
  1 13  1  0  0  0  0
  2  8  1  0  0  0  0
  2 14  1  0  0  0  0
  3 10  1  0  0  0  0
  3 19  1  0  0  0  0
  4 13  2  0  0  0  0
  5  6  1  0  0  0  0
  5  7  2  0  0  0  0
  5 11  1  0  0  0  0
  6  9  2  0  0  0  0
  7  8  1  0  0  0  0
  7 15  1  0  0  0  0
  8 10  2  0  0  0  0
  9 10  1  0  0  0  0
  9 16  1  0  0  0  0
 11 12  2  0  0  0  0
 11 17  1  0  0  0  0
 12 13  1  0  0  0  0
 12 18  1  0  0  0  0
 14 20  1  0  0  0  0
 14 21  1  0  0  0  0
 14 22  1  0  0  0  0
M  END
> <PUBCHEM_BONDANNOTATIONS>
1  13  8
1  6  8
11  12  8
12  13  8
5  11  8
5  6  8
5  7  8
6  9  8
7  8  8
8  10  8
9  10  8

$$$$
