5073
  Marvin  12300703363D          

 57 61  0  0  0  0            999 V2000
   -8.9155    1.7304    2.7146 F   0  0  0  0  0  0  0  0  0  0  0  0
   -4.1330    2.5108    2.8226 O   0  0  0  0  0  0  0  0  0  0  0  0
    1.6163   -1.6000   -2.8480 O   0  0  0  0  0  0  0  0  0  0  0  0
   -0.2475   -0.6694    1.4263 N   0  0  0  0  0  0  0  0  0  0  0  0
    3.2617   -0.2379   -3.4429 N   0  0  0  0  0  0  0  0  0  0  0  0
   -3.1608    1.6376    2.8701 N   0  0  0  0  0  0  0  0  0  0  0  0
    4.2970    0.9605   -1.8092 N   0  0  0  0  0  0  0  0  0  0  0  0
   -2.8352   -0.8872    2.9242 C   0  0  1  0  0  0  0  0  0  0  0  0
   -2.6504   -1.4968    1.5053 C   0  0  0  0  0  0  0  0  0  0  0  0
   -1.4737   -0.7964    3.6677 C   0  0  0  0  0  0  0  0  0  0  0  0
   -1.5475   -0.7743    0.6953 C   0  0  0  0  0  0  0  0  0  0  0  0
   -0.3576   -0.1392    2.8203 C   0  0  0  0  0  0  0  0  0  0  0  0
    0.8465   -0.0501    0.6121 C   0  0  0  0  0  0  0  0  0  0  0  0
   -3.6243    0.3716    2.8857 C   0  0  0  0  0  0  0  0  0  0  0  0
    1.7501   -1.0843   -0.1145 C   0  0  0  0  0  0  0  0  0  0  0  0
    2.6211   -0.4899   -1.1481 C   0  0  0  0  0  0  0  0  0  0  0  0
   -5.0119    0.4725    2.8412 C   0  0  0  0  0  0  0  0  0  0  0  0
    3.2479   -0.6130   -4.8222 C   0  0  0  0  0  0  0  0  0  0  0  0
    4.6975   -0.8959   -5.3082 C   0  0  0  0  0  0  0  0  0  0  0  0
    4.1592    0.6865   -3.0612 C   0  0  0  0  0  0  0  0  0  0  0  0
    5.6403    0.3097   -5.0001 C   0  0  0  0  0  0  0  0  0  0  0  0
    5.0478    1.3523   -4.0070 C   0  0  0  0  0  0  0  0  0  0  0  0
    2.4780   -0.7959   -2.5048 C   0  0  0  0  0  0  0  0  0  0  0  0
    3.6035    0.4064   -0.8472 C   0  0  0  0  0  0  0  0  0  0  0  0
   -5.3018    1.8351    2.8045 C   0  0  0  0  0  0  0  0  0  0  0  0
   -6.0403   -0.4880    2.8306 C   0  0  0  0  0  0  0  0  0  0  0  0
    4.0314    0.8862    0.4611 C   0  0  0  0  0  0  0  0  0  0  0  0
   -6.6309    2.2903    2.7587 C   0  0  0  0  0  0  0  0  0  0  0  0
   -7.3770   -0.0447    2.7886 C   0  0  0  0  0  0  0  0  0  0  0  0
   -7.6724    1.3365    2.7529 C   0  0  0  0  0  0  0  0  0  0  0  0
   -3.4281   -1.5979    3.5086 H   0  0  0  0  0  0  0  0  0  0  0  0
   -2.3728   -2.5504    1.6002 H   0  0  0  0  0  0  0  0  0  0  0  0
   -3.5872   -1.4728    0.9394 H   0  0  0  0  0  0  0  0  0  0  0  0
   -1.1486   -1.8083    3.9288 H   0  0  0  0  0  0  0  0  0  0  0  0
   -1.5871   -0.2544    4.6115 H   0  0  0  0  0  0  0  0  0  0  0  0
   -1.4061   -1.3246   -0.2392 H   0  0  0  0  0  0  0  0  0  0  0  0
   -1.9063    0.2249    0.4291 H   0  0  0  0  0  0  0  0  0  0  0  0
    0.5876   -0.3122    3.3440 H   0  0  0  0  0  0  0  0  0  0  0  0
   -0.5153    0.9421    2.7928 H   0  0  0  0  0  0  0  0  0  0  0  0
    0.4372    0.6563   -0.1175 H   0  0  0  0  0  0  0  0  0  0  0  0
    1.4846    0.5617    1.2494 H   0  0  0  0  0  0  0  0  0  0  0  0
    2.3616   -1.6249    0.6121 H   0  0  0  0  0  0  0  0  0  0  0  0
    1.0853   -1.8534   -0.5148 H   0  0  0  0  0  0  0  0  0  0  0  0
    2.8271    0.2063   -5.4155 H   0  0  0  0  0  0  0  0  0  0  0  0
    2.6379   -1.4879   -5.0650 H   0  0  0  0  0  0  0  0  0  0  0  0
    4.7126   -1.1465   -6.3716 H   0  0  0  0  0  0  0  0  0  0  0  0
    5.0552   -1.7780   -4.7666 H   0  0  0  0  0  0  0  0  0  0  0  0
    6.5816   -0.0715   -4.5932 H   0  0  0  0  0  0  0  0  0  0  0  0
    5.8920    0.8244   -5.9311 H   0  0  0  0  0  0  0  0  0  0  0  0
    4.4436    2.0748   -4.5629 H   0  0  0  0  0  0  0  0  0  0  0  0
    5.8522    1.9193   -3.5278 H   0  0  0  0  0  0  0  0  0  0  0  0
   -5.8278   -1.4873    2.8539 H   0  0  0  0  0  0  0  0  0  0  0  0
    5.1182    0.9937    0.5235 H   0  0  0  0  0  0  0  0  0  0  0  0
    3.5847    1.8658    0.6463 H   0  0  0  0  0  0  0  0  0  0  0  0
    3.7591    0.2207    1.2806 H   0  0  0  0  0  0  0  0  0  0  0  0
   -6.8290    3.2925    2.7316 H   0  0  0  0  0  0  0  0  0  0  0  0
   -8.1306   -0.7359    2.7847 H   0  0  0  0  0  0  0  0  0  0  0  0
  1 30  1  0  0  0  0
  2  6  1  0  0  0  0
  2 25  1  0  0  0  0
  3 23  2  0  0  0  0
  4 11  1  0  0  0  0
  4 12  1  0  0  0  0
  4 13  1  0  0  0  0
  5 18  1  0  0  0  0
  5 20  1  0  0  0  0
  5 23  1  0  0  0  0
  6 14  2  0  0  0  0
  7 20  2  0  0  0  0
  7 24  1  0  0  0  0
  8  9  1  0  0  0  0
  8 10  1  0  0  0  0
  8 14  1  0  0  0  0
  8 31  1  0  0  0  0
  9 11  1  0  0  0  0
  9 32  1  0  0  0  0
  9 33  1  0  0  0  0
 10 12  1  0  0  0  0
 10 34  1  0  0  0  0
 10 35  1  0  0  0  0
 11 36  1  0  0  0  0
 11 37  1  0  0  0  0
 12 38  1  0  0  0  0
 12 39  1  0  0  0  0
 13 15  1  0  0  0  0
 13 40  1  0  0  0  0
 13 41  1  0  0  0  0
 14 17  1  0  0  0  0
 15 16  1  0  0  0  0
 15 42  1  0  0  0  0
 15 43  1  0  0  0  0
 16 23  1  0  0  0  0
 16 24  2  0  0  0  0
 17 25  2  0  0  0  0
 17 26  1  0  0  0  0
 18 19  1  0  0  0  0
 18 44  1  0  0  0  0
 18 45  1  0  0  0  0
 19 21  1  0  0  0  0
 19 46  1  0  0  0  0
 19 47  1  0  0  0  0
 20 22  1  0  0  0  0
 21 22  1  0  0  0  0
 21 48  1  0  0  0  0
 21 49  1  0  0  0  0
 22 50  1  0  0  0  0
 22 51  1  0  0  0  0
 24 27  1  0  0  0  0
 25 28  1  0  0  0  0
 26 29  2  0  0  0  0
 26 52  1  0  0  0  0
 27 53  1  0  0  0  0
 27 54  1  0  0  0  0
 27 55  1  0  0  0  0
 28 30  2  0  0  0  0
 28 56  1  0  0  0  0
 29 30  1  0  0  0  0
 29 57  1  0  0  0  0
M  END
> <PUBCHEM_BONDANNOTATIONS>
14  17  8
16  23  8
16  24  8
17  25  8
17  26  8
2  25  8
2  6  8
25  28  8
26  29  8
28  30  8
29  30  8
5  20  8
5  23  8
6  14  8
7  20  8
7  24  8

$$$$
