5564
  Marvin  12300703363D          

 24 25  0  0  0  0            999 V2000
   -2.0109   -3.1915   -1.0731 Cl  0  0  0  0  0  0  0  0  0  0  0  0
    2.3322    4.3363   -1.4088 Cl  0  0  0  0  0  0  0  0  0  0  0  0
   -1.7268   -2.7509    4.2587 Cl  0  0  0  0  0  0  0  0  0  0  0  0
   -0.5479   -0.6318   -1.0397 O   0  0  0  0  0  0  0  0  0  0  0  0
    2.1390   -0.6634   -1.3647 O   0  0  0  0  0  0  0  0  0  0  0  0
    0.0923    0.4256   -1.3405 C   0  0  0  0  0  0  0  0  0  0  0  0
   -0.7946   -1.0817    0.1410 C   0  0  0  0  0  0  0  0  0  0  0  0
    1.5046    0.4225   -1.4007 C   0  0  0  0  0  0  0  0  0  0  0  0
   -0.6152    1.6414   -1.4469 C   0  0  0  0  0  0  0  0  0  0  0  0
   -1.4949   -2.3044    0.2781 C   0  0  0  0  0  0  0  0  0  0  0  0
   -0.4003   -0.4097    1.3296 C   0  0  0  0  0  0  0  0  0  0  0  0
    2.2002    1.6474   -1.4460 C   0  0  0  0  0  0  0  0  0  0  0  0
    0.0854    2.8598   -1.4892 C   0  0  0  0  0  0  0  0  0  0  0  0
   -1.7851   -2.8248    1.5583 C   0  0  0  0  0  0  0  0  0  0  0  0
   -0.6859   -0.9228    2.6027 C   0  0  0  0  0  0  0  0  0  0  0  0
    1.4937    2.8668   -1.4574 C   0  0  0  0  0  0  0  0  0  0  0  0
   -1.3827   -2.1369    2.7198 C   0  0  0  0  0  0  0  0  0  0  0  0
   -1.6385    1.6470   -1.4452 H   0  0  0  0  0  0  0  0  0  0  0  0
    0.1074    0.4772    1.2906 H   0  0  0  0  0  0  0  0  0  0  0  0
    3.2234    1.6475   -1.4465 H   0  0  0  0  0  0  0  0  0  0  0  0
   -0.4417    3.7357   -1.5181 H   0  0  0  0  0  0  0  0  0  0  0  0
   -2.2915   -3.7085    1.6535 H   0  0  0  0  0  0  0  0  0  0  0  0
   -0.3815   -0.4026    3.4294 H   0  0  0  0  0  0  0  0  0  0  0  0
    3.0191   -0.6782   -1.3849 H   0  0  0  0  0  0  0  0  0  0  0  0
  1 10  1  0  0  0  0
  2 16  1  0  0  0  0
  3 17  1  0  0  0  0
  4  6  1  0  0  0  0
  4  7  1  0  0  0  0
  5  8  1  0  0  0  0
  5 24  1  0  0  0  0
  6  8  2  0  0  0  0
  6  9  1  0  0  0  0
  7 10  2  0  0  0  0
  7 11  1  0  0  0  0
  8 12  1  0  0  0  0
  9 13  2  0  0  0  0
  9 18  1  0  0  0  0
 10 14  1  0  0  0  0
 11 15  2  0  0  0  0
 11 19  1  0  0  0  0
 12 16  2  0  0  0  0
 12 20  1  0  0  0  0
 13 16  1  0  0  0  0
 13 21  1  0  0  0  0
 14 17  2  0  0  0  0
 14 22  1  0  0  0  0
 15 17  1  0  0  0  0
 15 23  1  0  0  0  0
M  END
> <PUBCHEM_BONDANNOTATIONS>
10  14  8
11  15  8
12  16  8
13  16  8
14  17  8
15  17  8
6  8  8
6  9  8
7  10  8
7  11  8
8  12  8
9  13  8

$$$$
