
  ACD/Labs04281711072D

 10  9  0  0  1  0  0  0  0  0  1 V2000
    0.0000   -2.3043    0.0000 N   0  0  0  0  0  0  0  0  0  0  0  0
    1.3314   -2.3043    0.0000 C   0  0  0  0  0  0  0  0  0  0  0  0
    1.3314   -3.6356    0.0000 H   0  0  0  0  0  0  0  0  0  0  0  0
    2.6581   -2.3043    0.0000 C   0  0  0  0  0  0  0  0  0  0  0  0
    3.3238   -1.1545    0.0000 C   0  0  0  0  0  0  0  0  0  0  0  0
    4.6551   -1.1545    0.0000 N   0  0  0  0  0  0  0  0  0  0  0  0
    2.6581    0.0000    0.0000 O   0  0  0  0  0  0  0  0  0  0  0  0
    1.3314   -0.9776    0.0000 C   0  0  0  0  0  0  0  0  0  0  0  0
    2.4812   -0.3119    0.0000 O   0  0  0  0  0  0  0  0  0  0  0  0
    0.1769   -0.3119    0.0000 O   0  0  0  0  0  0  0  0  0  0  0  0
  1  2  1  0  0  0  0
  2  3  1  1  0  0  0
  2  4  1  0  0  0  0
  2  8  1  0  0  0  0
  4  5  1  0  0  0  0
  5  6  1  0  0  0  0
  5  7  2  0  0  0  0
  8  9  1  0  0  0  0
  8 10  2  0  0  0  0
M  END
