6862
  Marvin  12300703363D          

 24 25  0  0  0  0            999 V2000
    2.6468   -2.7819    1.3567 O   0  0  0  0  0  0  0  0  0  0  0  0
    1.6732   -1.1571    2.1883 O   0  0  0  0  0  0  0  0  0  0  0  0
   -0.4005    0.0341   -0.2242 C   0  0  0  0  0  0  0  0  0  0  0  0
    1.0287    0.0425   -0.2333 C   0  0  0  0  0  0  0  0  0  0  0  0
   -1.1128    1.2748   -0.2329 C   0  0  0  0  0  0  0  0  0  0  0  0
    1.8772   -1.1885   -0.1644 C   0  0  0  0  0  0  0  0  0  0  0  0
    1.7004    1.2889   -0.2583 C   0  0  0  0  0  0  0  0  0  0  0  0
   -1.1722   -1.1573   -0.1993 C   0  0  0  0  0  0  0  0  0  0  0  0
   -0.4031    2.4950   -0.2415 C   0  0  0  0  0  0  0  0  0  0  0  0
   -2.5269    1.2952   -0.2265 C   0  0  0  0  0  0  0  0  0  0  0  0
    0.9977    2.5024   -0.2557 C   0  0  0  0  0  0  0  0  0  0  0  0
   -2.5782   -1.1320   -0.1959 C   0  0  0  0  0  0  0  0  0  0  0  0
   -3.2560    0.0955   -0.2103 C   0  0  0  0  0  0  0  0  0  0  0  0
    2.0615   -1.7215    1.1747 C   0  0  0  0  0  0  0  0  0  0  0  0
    2.8758   -1.0094   -0.5745 H   0  0  0  0  0  0  0  0  0  0  0  0
    1.4668   -1.9599   -0.8195 H   0  0  0  0  0  0  0  0  0  0  0  0
    2.7228    1.3393   -0.2649 H   0  0  0  0  0  0  0  0  0  0  0  0
   -0.7385   -2.0813   -0.1824 H   0  0  0  0  0  0  0  0  0  0  0  0
   -0.8908    3.3952   -0.2353 H   0  0  0  0  0  0  0  0  0  0  0  0
   -3.0471    2.1769   -0.2327 H   0  0  0  0  0  0  0  0  0  0  0  0
    1.5060    3.3901   -0.2588 H   0  0  0  0  0  0  0  0  0  0  0  0
   -3.1102   -2.0058   -0.1821 H   0  0  0  0  0  0  0  0  0  0  0  0
   -4.2786    0.1162   -0.2073 H   0  0  0  0  0  0  0  0  0  0  0  0
    2.9578   -3.2513    0.6804 H   0  0  0  0  0  0  0  0  0  0  0  0
  1 14  1  0  0  0  0
  1 24  1  0  0  0  0
  2 14  2  0  0  0  0
  3  4  1  0  0  0  0
  3  5  1  0  0  0  0
  3  8  2  0  0  0  0
  4  6  1  0  0  0  0
  4  7  2  0  0  0  0
  5  9  1  0  0  0  0
  5 10  2  0  0  0  0
  6 14  1  0  0  0  0
  6 15  1  0  0  0  0
  6 16  1  0  0  0  0
  7 11  1  0  0  0  0
  7 17  1  0  0  0  0
  8 12  1  0  0  0  0
  8 18  1  0  0  0  0
  9 11  2  0  0  0  0
  9 19  1  0  0  0  0
 10 13  1  0  0  0  0
 10 20  1  0  0  0  0
 11 21  1  0  0  0  0
 12 13  2  0  0  0  0
 12 22  1  0  0  0  0
 13 23  1  0  0  0  0
M  END
> <PUBCHEM_BONDANNOTATIONS>
10  13  8
12  13  8
3  4  8
3  5  8
3  8  8
4  7  8
5  10  8
5  9  8
7  11  8
8  12  8
9  11  8

$$$$
