
  ACD/Labs04281710392D

 14 15  0  0  0  0  0  0  0  0  1 V2000
    4.6088    0.0000    0.0000 O   0  0  0  0  0  0  0  0  0  0  0  0
    4.6088   -1.3288    0.0000 C   0  0  0  0  0  0  0  0  0  0  0  0
    5.7640   -1.9931    0.0000 O   0  0  0  0  0  0  0  0  0  0  0  0
    3.4596   -1.9931    0.0000 C   0  0  0  0  0  0  0  0  0  0  0  0
    3.4596   -3.3279    0.0000 C   0  0  0  0  0  0  0  0  0  0  0  0
    2.3044   -3.9923    0.0000 C   0  0  0  0  0  0  0  0  0  0  0  0
    2.3044   -5.3210    0.0000 C   0  0  0  0  0  0  0  0  0  0  0  0
    1.1552   -5.9854    0.0000 C   0  0  0  0  0  0  0  0  0  0  0  0
    0.0000   -5.3210    0.0000 C   0  0  0  0  0  0  0  0  0  0  0  0
    0.0000   -3.9923    0.0000 C   0  0  0  0  0  0  0  0  0  0  0  0
    1.1552   -3.3279    0.0000 C   0  0  0  0  0  0  0  0  0  0  0  0
    3.4596   -5.9854    0.0000 C   0  0  0  0  0  0  0  0  0  0  0  0
    4.6088   -5.3210    0.0000 C   0  0  0  0  0  0  0  0  0  0  0  0
    4.6088   -3.9923    0.0000 C   0  0  0  0  0  0  0  0  0  0  0  0
  1  2  1  0  0  0  0
  2  3  2  0  0  0  0
  2  4  1  0  0  0  0
  4  5  1  0  0  0  0
  5  6  2  0  0  0  0
  5 14  1  0  0  0  0
  6  7  1  0  0  0  0
  6 11  1  0  0  0  0
  7  8  1  0  0  0  0
  7 12  2  0  0  0  0
  8  9  2  0  0  0  0
  9 10  1  0  0  0  0
 10 11  2  0  0  0  0
 12 13  1  0  0  0  0
 13 14  2  0  0  0  0
M  END
