6990
  Marvin  12300703363D          

 19 19  0  0  0  0            999 V2000
    1.6004   -1.1574   -0.0000 O   0  0  0  0  0  0  0  0  0  0  0  0
    1.3305    3.3647   -0.0000 O   0  0  0  0  0  0  0  0  0  0  0  0
   -2.5544   -1.4855   -0.0000 O   0  0  0  0  0  0  0  0  0  0  0  0
   -0.6077   -0.2888   -0.0000 C   0  0  0  0  0  0  0  0  0  0  0  0
    0.8145   -0.1794   -0.0000 C   0  0  0  0  0  0  0  0  0  0  0  0
   -1.3162    0.9488   -0.0000 C   0  0  0  0  0  0  0  0  0  0  0  0
    1.4684    1.0700   -0.0000 C   0  0  0  0  0  0  0  0  0  0  0  0
    0.7289    2.2624   -0.0000 C   0  0  0  0  0  0  0  0  0  0  0  0
   -1.3277   -1.5055    0.0000 C   0  0  0  0  0  0  0  0  0  0  0  0
   -0.6730    2.2013   -0.0000 C   0  0  0  0  0  0  0  0  0  0  0  0
   -0.8533   -2.8840    0.0000 C   0  0  0  0  0  0  0  0  0  0  0  0
   -2.3398    0.9789   -0.0000 H   0  0  0  0  0  0  0  0  0  0  0  0
    2.4921    1.1231   -0.0000 H   0  0  0  0  0  0  0  0  0  0  0  0
   -1.2270    3.0624    0.0000 H   0  0  0  0  0  0  0  0  0  0  0  0
   -1.2207   -3.4077    0.8855 H   0  0  0  0  0  0  0  0  0  0  0  0
   -1.2207   -3.4077   -0.8855 H   0  0  0  0  0  0  0  0  0  0  0  0
    0.2201   -3.0327    0.0000 H   0  0  0  0  0  0  0  0  0  0  0  0
    2.4740   -1.0471   -0.0000 H   0  0  0  0  0  0  0  0  0  0  0  0
    2.2118    3.3842    0.0000 H   0  0  0  0  0  0  0  0  0  0  0  0
  1  5  1  0  0  0  0
  1 18  1  0  0  0  0
  2  8  1  0  0  0  0
  2 19  1  0  0  0  0
  3  9  2  0  0  0  0
  4  5  2  0  0  0  0
  4  6  1  0  0  0  0
  4  9  1  0  0  0  0
  5  7  1  0  0  0  0
  6 10  2  0  0  0  0
  6 12  1  0  0  0  0
  7  8  2  0  0  0  0
  7 13  1  0  0  0  0
  8 10  1  0  0  0  0
  9 11  1  0  0  0  0
 10 14  1  0  0  0  0
 11 15  1  0  0  0  0
 11 16  1  0  0  0  0
 11 17  1  0  0  0  0
M  END
> <PUBCHEM_BONDANNOTATIONS>
4  5  8
4  6  8
5  7  8
6  10  8
7  8  8
8  10  8

$$$$
