75064
  Marvin  12310720203D          

 17 17  0  0  0  0            999 V2000
    1.2163   -2.0206   -0.0000 O   0  0  0  0  0  0  0  0  0  0  0  0
    2.5001    0.2981    0.0000 O   0  0  0  0  0  0  0  0  0  0  0  0
    1.1222    2.5978    0.0000 O   0  0  0  0  0  0  0  0  0  0  0  0
   -2.8099   -2.2654   -0.0000 O   0  0  0  0  0  0  0  0  0  0  0  0
   -0.8818   -0.9846    0.0000 C   0  0  0  0  0  0  0  0  0  0  0  0
    0.5405   -0.9540    0.0000 C   0  0  0  0  0  0  0  0  0  0  0  0
    1.2402    0.2762    0.0000 C   0  0  0  0  0  0  0  0  0  0  0  0
    0.5257    1.4913    0.0000 C   0  0  0  0  0  0  0  0  0  0  0  0
   -1.5699    0.2549   -0.0000 C   0  0  0  0  0  0  0  0  0  0  0  0
   -0.8790    1.4778    0.0000 C   0  0  0  0  0  0  0  0  0  0  0  0
   -1.5894   -2.1835   -0.0000 C   0  0  0  0  0  0  0  0  0  0  0  0
   -2.5926    0.2987    0.0000 H   0  0  0  0  0  0  0  0  0  0  0  0
   -1.4048    2.3558   -0.0000 H   0  0  0  0  0  0  0  0  0  0  0  0
   -1.1146   -3.0540    0.0000 H   0  0  0  0  0  0  0  0  0  0  0  0
    2.0970   -2.0011    0.0000 H   0  0  0  0  0  0  0  0  0  0  0  0
    2.9354    1.0635   -0.0000 H   0  0  0  0  0  0  0  0  0  0  0  0
    0.6646    3.3493   -0.0000 H   0  0  0  0  0  0  0  0  0  0  0  0
  1  6  1  0  0  0  0
  1 15  1  0  0  0  0
  2  7  1  0  0  0  0
  2 16  1  0  0  0  0
  3  8  1  0  0  0  0
  3 17  1  0  0  0  0
  4 11  2  0  0  0  0
  5  6  2  0  0  0  0
  5  9  1  0  0  0  0
  5 11  1  0  0  0  0
  6  7  1  0  0  0  0
  7  8  2  0  0  0  0
  8 10  1  0  0  0  0
  9 10  2  0  0  0  0
  9 12  1  0  0  0  0
 10 13  1  0  0  0  0
 11 14  1  0  0  0  0
M  END
> <PUBCHEM_BONDANNOTATIONS>
5  6  8
5  9  8
6  7  8
7  8  8
8  10  8
9  10  8

$$$$
