7139
  Marvin  12300703363D          

 26 26  0  0  0  0            999 V2000
    2.2867    0.3053   -0.0386 O   0  0  0  0  0  0  0  0  0  0  0  0
    0.9283    2.6331   -0.3929 O   0  0  0  0  0  0  0  0  0  0  0  0
   -2.6720   -3.7699    1.3893 O   0  0  0  0  0  0  0  0  0  0  0  0
   -1.7318   -2.1254    2.2261 O   0  0  0  0  0  0  0  0  0  0  0  0
   -1.0956   -0.9333   -0.1958 C   0  0  0  0  0  0  0  0  0  0  0  0
    0.3170   -0.9079   -0.1651 C   0  0  0  0  0  0  0  0  0  0  0  0
   -1.8289   -2.2256   -0.1325 C   0  0  0  0  0  0  0  0  0  0  0  0
    1.0238    0.3123   -0.1641 C   0  0  0  0  0  0  0  0  0  0  0  0
   -1.7912    0.2968   -0.2294 C   0  0  0  0  0  0  0  0  0  0  0  0
    0.3141    1.5291   -0.2816 C   0  0  0  0  0  0  0  0  0  0  0  0
   -1.0951    1.5173   -0.2768 C   0  0  0  0  0  0  0  0  0  0  0  0
   -2.0795   -2.7131    1.2119 C   0  0  0  0  0  0  0  0  0  0  0  0
    2.9502    0.3086    1.1236 C   0  0  0  0  0  0  0  0  0  0  0  0
    1.3165    3.1926   -1.5438 C   0  0  0  0  0  0  0  0  0  0  0  0
    0.8441   -1.7854   -0.1282 H   0  0  0  0  0  0  0  0  0  0  0  0
   -1.2730   -2.9901   -0.6832 H   0  0  0  0  0  0  0  0  0  0  0  0
   -2.7868   -2.1349   -0.6523 H   0  0  0  0  0  0  0  0  0  0  0  0
   -2.8140    0.3178   -0.2172 H   0  0  0  0  0  0  0  0  0  0  0  0
   -1.6199    2.3953   -0.3094 H   0  0  0  0  0  0  0  0  0  0  0  0
    4.0200    0.2982    0.9164 H   0  0  0  0  0  0  0  0  0  0  0  0
    2.7138   -0.5719    1.7270 H   0  0  0  0  0  0  0  0  0  0  0  0
    2.7278    1.2054    1.7082 H   0  0  0  0  0  0  0  0  0  0  0  0
    1.8404    4.1217   -1.3207 H   0  0  0  0  0  0  0  0  0  0  0  0
    0.4594    3.4295   -2.1796 H   0  0  0  0  0  0  0  0  0  0  0  0
    1.9993    2.5434   -2.0986 H   0  0  0  0  0  0  0  0  0  0  0  0
   -2.9537   -4.2492    0.7074 H   0  0  0  0  0  0  0  0  0  0  0  0
  1  8  1  0  0  0  0
  1 13  1  0  0  0  0
  2 10  1  0  0  0  0
  2 14  1  0  0  0  0
  3 12  1  0  0  0  0
  3 26  1  0  0  0  0
  4 12  2  0  0  0  0
  5  6  2  0  0  0  0
  5  7  1  0  0  0  0
  5  9  1  0  0  0  0
  6  8  1  0  0  0  0
  6 15  1  0  0  0  0
  7 12  1  0  0  0  0
  7 16  1  0  0  0  0
  7 17  1  0  0  0  0
  8 10  2  0  0  0  0
  9 11  2  0  0  0  0
  9 18  1  0  0  0  0
 10 11  1  0  0  0  0
 11 19  1  0  0  0  0
 13 20  1  0  0  0  0
 13 21  1  0  0  0  0
 13 22  1  0  0  0  0
 14 23  1  0  0  0  0
 14 24  1  0  0  0  0
 14 25  1  0  0  0  0
M  END
> <PUBCHEM_BONDANNOTATIONS>
10  11  8
5  6  8
5  9  8
6  8  8
8  10  8
9  11  8

$$$$
