
  ACD/Labs06251410052D

 10 10  0  0  0  0  0  0  0  0  2 V2000
    3.0772   -4.7792    0.0000 O   0  5  0  0  0  0  0  0  0  0  0  0
    3.9677   -3.7886    0.0000 N   0  3  0  0  0  0  0  0  0  0  0  0
    5.2692   -4.0678    0.0000 O   0  0  0  0  0  0  0  0  0  0  0  0
    3.5567   -2.5240    0.0000 C   0  0  0  0  0  0  0  0  0  0  0  0
    4.3366   -1.4490    0.0000 C   0  0  0  0  0  0  0  0  0  0  0  0
    3.5567   -0.3741    0.0000 C   0  0  0  0  0  0  0  0  0  0  0  0
    2.2921   -0.7851    0.0000 C   0  0  0  0  0  0  0  0  0  0  0  0
    1.2172    0.0000    0.0000 C   0  0  0  0  0  0  0  0  0  0  0  0
    0.0000   -0.5427    0.0000 O   0  0  0  0  0  0  0  0  0  0  0  0
    2.2921   -2.1130    0.0000 S   0  0  0  0  0  0  0  0  0  0  0  0
  1  2  1  0  0  0  0
  2  3  2  0  0  0  0
  2  4  1  0  0  0  0
  4  5  2  0  0  0  0
  4 10  1  0  0  0  0
  5  6  1  0  0  0  0
  6  7  2  0  0  0  0
  7  8  1  0  0  0  0
  7 10  1  0  0  0  0
  8  9  2  0  0  0  0
M  CHG  2   1  -1   2   1
M  END
