
  ACD/Labs03221914022D

 11 11  0  0  0  0  0  0  0  0  2 V2000
    0.0000   -1.3299    0.0000 C   0  0  0  0  0  0  0  0  0  0  0  0
    1.1514   -1.9978    0.0000 C   0  0  0  0  0  0  0  0  0  0  0  0
    2.3029   -1.3299    0.0000 C   0  0  0  0  0  0  0  0  0  0  0  0
    3.4543   -1.9978    0.0000 C   0  0  0  0  0  0  0  0  0  0  0  0
    3.4543   -3.3277    0.0000 C   0  0  0  0  0  0  0  0  0  0  0  0
    2.3029   -3.9898    0.0000 C   0  0  0  0  0  0  0  0  0  0  0  0
    1.1514   -3.3277    0.0000 C   0  0  0  0  0  0  0  0  0  0  0  0
    0.0000   -3.9898    0.0000 N   0  0  0  0  0  0  0  0  0  0  0  0
    4.6058   -1.3299    0.0000 N   0  3  0  0  0  0  0  0  0  0  0  0
    5.7572   -1.9978    0.0000 O   0  5  0  0  0  0  0  0  0  0  0  0
    4.6058    0.0000    0.0000 O   0  0  0  0  0  0  0  0  0  0  0  0
  1  2  1  0  0  0  0
  2  3  2  0  0  0  0
  2  7  1  0  0  0  0
  3  4  1  0  0  0  0
  4  5  2  0  0  0  0
  4  9  1  0  0  0  0
  5  6  1  0  0  0  0
  6  7  2  0  0  0  0
  7  8  1  0  0  0  0
  9 10  1  0  0  0  0
  9 11  2  0  0  0  0
M  CHG  2   9   1  10  -1
M  END
