7441
  Marvin  12300703363D          

 19 19  0  0  0  0            999 V2000
   -0.6428    3.8945    0.0704 O   0  5  0  0  0  0  0  0  0  0  0  0
   -2.3077    2.9032    0.0634 O   0  0  0  0  0  0  0  0  0  0  0  0
    1.7552   -1.8670   -0.1362 N   0  0  0  0  0  0  0  0  0  0  0  0
   -1.1406    2.8329    0.0654 N   0  3  0  0  0  0  0  0  0  0  0  0
   -0.4052   -0.8170   -0.0080 C   0  0  0  0  0  0  0  0  0  0  0  0
    1.0120   -0.7840   -0.0434 C   0  0  0  0  0  0  0  0  0  0  0  0
   -1.1031    0.4146    0.0304 C   0  0  0  0  0  0  0  0  0  0  0  0
   -0.4537    1.6763    0.0534 C   0  0  0  0  0  0  0  0  0  0  0  0
    1.6875    0.4508    0.0125 C   0  0  0  0  0  0  0  0  0  0  0  0
    0.9630    1.6535    0.0611 C   0  0  0  0  0  0  0  0  0  0  0  0
   -1.2057   -2.0688    0.0024 C   0  0  0  0  0  0  0  0  0  0  0  0
   -2.1268    0.3897    0.0425 H   0  0  0  0  0  0  0  0  0  0  0  0
    2.7112    0.4931    0.0106 H   0  0  0  0  0  0  0  0  0  0  0  0
    1.4980    2.5248    0.0971 H   0  0  0  0  0  0  0  0  0  0  0  0
   -1.8334   -2.0970    0.8952 H   0  0  0  0  0  0  0  0  0  0  0  0
   -1.8499   -2.1092   -0.8777 H   0  0  0  0  0  0  0  0  0  0  0  0
   -0.6090   -2.9810    0.0107 H   0  0  0  0  0  0  0  0  0  0  0  0
    2.6857   -1.8057   -0.0671 H   0  0  0  0  0  0  0  0  0  0  0  0
    1.3653   -2.7037   -0.2829 H   0  0  0  0  0  0  0  0  0  0  0  0
  1  4  1  0  0  0  0
  2  4  2  0  0  0  0
  3  6  1  0  0  0  0
  3 18  1  0  0  0  0
  3 19  1  0  0  0  0
  4  8  1  0  0  0  0
  5  6  2  0  0  0  0
  5  7  1  0  0  0  0
  5 11  1  0  0  0  0
  6  9  1  0  0  0  0
  7  8  2  0  0  0  0
  7 12  1  0  0  0  0
  8 10  1  0  0  0  0
  9 10  2  0  0  0  0
  9 13  1  0  0  0  0
 10 14  1  0  0  0  0
 11 15  1  0  0  0  0
 11 16  1  0  0  0  0
 11 17  1  0  0  0  0
M  CHG  2   1  -1   4   1
M  END
> <PUBCHEM_BONDANNOTATIONS>
5  6  8
5  7  8
6  9  8
7  8  8
8  10  8
9  10  8

$$$$
