
  ACD/Labs04281711592D

  9  9  0  0  0  0  0  0  0  0  1 V2000
    2.3036    0.0000    0.0000 O   0  0  0  0  0  0  0  0  0  0  0  0
    0.0000   -2.6629    0.0000 O   0  0  0  0  0  0  0  0  0  0  0  0
    2.3036   -3.9924    0.0000 O   0  0  0  0  0  0  0  0  0  0  0  0
    1.1538   -2.0002    0.0000 C   0  0  0  0  0  0  0  0  0  0  0  0
    1.1538   -0.6707    0.0000 C   0  0  0  0  0  0  0  0  0  0  0  0
    2.3036   -2.6629    0.0000 C   0  0  0  0  0  0  0  0  0  0  0  0
    3.4534   -2.0002    0.0000 C   0  0  0  0  0  0  0  0  0  0  0  0
    3.4534   -0.6707    0.0000 C   0  0  0  0  0  0  0  0  0  0  0  0
    0.0000    0.0000    0.0000 C   0  0  0  0  0  0  0  0  0  0  0  0
  1  5  1  0  0  0  0
  1  8  1  0  0  0  0
  2  4  1  0  0  0  0
  3  6  2  0  0  0  0
  4  5  2  0  0  0  0
  4  6  1  0  0  0  0
  5  9  1  0  0  0  0
  6  7  1  0  0  0  0
  7  8  2  0  0  0  0
M  END
