
  ACD/Labs03221914022D

 18 17  0  0  0  0  0  0  0  0  1 V2000
    0.0000    0.0000    0.0000 C   0  0  0  0  0  0  0  0  0  0  0  0
    1.1434   -0.6639    0.0000 C   0  0  0  0  0  0  0  0  0  0  0  0
    2.3052    0.0000    0.0000 C   0  0  0  0  0  0  0  0  0  0  0  0
    3.4486   -0.6639    0.0000 C   0  0  0  0  0  0  0  0  0  0  0  0
    4.6104    0.0000    0.0000 C   0  0  0  0  0  0  0  0  0  0  0  0
    5.7722   -0.6639    0.0000 C   0  0  0  0  0  0  0  0  0  0  0  0
    6.9156    0.0000    0.0000 C   0  0  0  0  0  0  0  0  0  0  0  0
    8.0774   -0.6639    0.0000 C   0  0  0  0  0  0  0  0  0  0  0  0
    9.2208    0.0000    0.0000 C   0  0  0  0  0  0  0  0  0  0  0  0
   10.3642   -0.6639    0.0000 C   0  0  0  0  0  0  0  0  0  0  0  0
   11.5260    0.0000    0.0000 C   0  0  0  0  0  0  0  0  0  0  0  0
   12.6694   -0.6639    0.0000 C   0  0  0  0  0  0  0  0  0  0  0  0
   13.8312    0.0000    0.0000 C   0  0  0  0  0  0  0  0  0  0  0  0
   14.9930   -0.6639    0.0000 C   0  0  0  0  0  0  0  0  0  0  0  0
   16.1364    0.0000    0.0000 C   0  0  0  0  0  0  0  0  0  0  0  0
   17.2982   -0.6639    0.0000 C   0  0  0  0  0  0  0  0  0  0  0  0
   17.2982   -1.9917    0.0000 O   0  0  0  0  0  0  0  0  0  0  0  0
   18.4416    0.0000    0.0000 O   0  0  0  0  0  0  0  0  0  0  0  0
  1  2  1  0  0  0  0
  2  3  1  0  0  0  0
  3  4  1  0  0  0  0
  4  5  1  0  0  0  0
  5  6  1  0  0  0  0
  6  7  1  0  0  0  0
  7  8  1  0  0  0  0
  8  9  1  0  0  0  0
  9 10  1  0  0  0  0
 10 11  1  0  0  0  0
 11 12  1  0  0  0  0
 12 13  1  0  0  0  0
 13 14  1  0  0  0  0
 14 15  1  0  0  0  0
 15 16  1  0  0  0  0
 16 17  2  0  0  0  0
 16 18  1  0  0  0  0
M  END
