1047
  Marvin  12300703363D          

 13 13  0  0  0  0            999 V2000
    0.5605   -2.6974    0.4033 O   0  0  0  0  0  0  0  0  0  0  0  0
    2.2116   -1.8273   -0.4946 O   0  0  0  0  0  0  0  0  0  0  0  0
   -0.9242   -0.4169   -0.0324 N   0  0  0  0  0  0  0  0  0  0  0  0
    0.3889    1.9289   -0.1007 N   0  0  0  0  0  0  0  0  0  0  0  0
    0.4373   -0.4621   -0.0600 C   0  0  0  0  0  0  0  0  0  0  0  0
    1.1120    0.7803   -0.0980 C   0  0  0  0  0  0  0  0  0  0  0  0
   -1.6553    0.7261   -0.0460 C   0  0  0  0  0  0  0  0  0  0  0  0
    1.0812   -1.6854   -0.0517 C   0  0  0  0  0  0  0  0  0  0  0  0
   -0.9671    1.9503   -0.0763 C   0  0  0  0  0  0  0  0  0  0  0  0
    2.1323    0.8436   -0.1130 H   0  0  0  0  0  0  0  0  0  0  0  0
   -2.6761    0.6883   -0.0352 H   0  0  0  0  0  0  0  0  0  0  0  0
   -1.4682    2.8405   -0.0798 H   0  0  0  0  0  0  0  0  0  0  0  0
   -0.2330   -2.6687    0.7844 H   0  0  0  0  0  0  0  0  0  0  0  0
  1  8  1  0  0  0  0
  1 13  1  0  0  0  0
  2  8  2  0  0  0  0
  3  5  2  0  0  0  0
  3  7  1  0  0  0  0
  4  6  2  0  0  0  0
  4  9  1  0  0  0  0
  5  6  1  0  0  0  0
  5  8  1  0  0  0  0
  6 10  1  0  0  0  0
  7  9  2  0  0  0  0
  7 11  1  0  0  0  0
  9 12  1  0  0  0  0
M  END
> <PUBCHEM_BONDANNOTATIONS>
3  5  8
3  7  8
4  6  8
4  9  8
5  6  8
7  9  8

$$$$
