
  ACD/Labs04281711512D

 15 15  0  0  0  0  0  0  0  0  2 V2000
    3.9851   -6.9066    0.0000 O   0  0  0  0  0  0  0  0  0  0  0  0
    4.6551   -5.7532    0.0000 C   0  0  0  0  0  0  0  0  0  0  0  0
    5.9811   -5.7532    0.0000 O   0  0  0  0  0  0  0  0  0  0  0  0
    3.9851   -4.6067    0.0000 C   0  0  0  0  0  0  0  0  0  0  0  0
    4.6551   -3.4533    0.0000 C   0  0  0  0  0  0  0  0  0  0  0  0
    3.9851   -2.2999    0.0000 C   0  0  0  0  0  0  0  0  0  0  0  0
    2.6590   -2.2999    0.0000 C   0  0  0  0  0  0  0  0  0  0  0  0
    1.9960   -3.4533    0.0000 C   0  0  0  0  0  0  0  0  0  0  0  0
    2.6590   -4.6067    0.0000 C   0  0  0  0  0  0  0  0  0  0  0  0
    0.6630   -3.4533    0.0000 N   0  3  0  0  0  0  0  0  0  0  0  0
    0.0000   -2.2999    0.0000 O   0  5  0  0  0  0  0  0  0  0  0  0
    0.0000   -4.6067    0.0000 O   0  0  0  0  0  0  0  0  0  0  0  0
    1.9960   -1.1534    0.0000 N   0  3  0  0  0  0  0  0  0  0  0  0
    2.6590    0.0000    0.0000 O   0  5  0  0  0  0  0  0  0  0  0  0
    0.6630   -1.1534    0.0000 O   0  0  0  0  0  0  0  0  0  0  0  0
  1  2  1  0  0  0  0
  2  3  2  0  0  0  0
  2  4  1  0  0  0  0
  4  5  1  0  0  0  0
  4  9  2  0  0  0  0
  5  6  2  0  0  0  0
  6  7  1  0  0  0  0
  7  8  2  0  0  0  0
  7 13  1  0  0  0  0
  8  9  1  0  0  0  0
  8 10  1  0  0  0  0
 10 11  1  0  0  0  0
 10 12  2  0  0  0  0
 13 14  1  0  0  0  0
 13 15  2  0  0  0  0
M  CHG  4  10   1  11  -1  13   1  14  -1
M  END
