
  ACD/Labs04281711282D

 10 10  0  0  0  0  0  0  0  0  1 V2000
    1.1495    0.0000    0.0000 C   0  0  0  0  0  0  0  0  0  0  0  0
    2.3037   -0.6655    0.0000 C   0  0  0  0  0  0  0  0  0  0  0  0
    2.3037   -1.9965    0.0000 C   0  0  0  0  0  0  0  0  0  0  0  0
    3.4532   -2.6574    0.0000 N   0  0  0  0  0  0  0  0  0  0  0  0
    3.4532   -3.9884    0.0000 C   0  0  0  0  0  0  0  0  0  0  0  0
    4.6074   -4.6539    0.0000 C   0  0  0  0  0  0  0  0  0  0  0  0
    2.3037   -4.6539    0.0000 C   0  0  0  0  0  0  0  0  0  0  0  0
    1.1495   -3.9884    0.0000 C   0  0  0  0  0  0  0  0  0  0  0  0
    1.1495   -2.6574    0.0000 C   0  0  0  0  0  0  0  0  0  0  0  0
    0.0000   -1.9965    0.0000 O   0  0  0  0  0  0  0  0  0  0  0  0
  1  2  1  0  0  0  0
  2  3  1  0  0  0  0
  3  4  2  0  0  0  0
  3  9  1  0  0  0  0
  4  5  1  0  0  0  0
  5  6  1  0  0  0  0
  5  7  2  0  0  0  0
  7  8  1  0  0  0  0
  8  9  2  0  0  0  0
  9 10  1  0  0  0  0
M  END
