10871
  Marvin  12300703363D          

 19 19  0  0  0  0            999 V2000
    2.8377    3.3666   -0.4011 Cl  0  0  0  0  0  0  0  0  0  0  0  0
   -2.0436   -2.8379    0.0003 O   0  0  0  0  0  0  0  0  0  0  0  0
   -0.3970   -1.5138   -0.2623 N   0  0  0  0  0  0  0  0  0  0  0  0
    0.2910   -0.3808   -0.3823 C   0  0  0  0  0  0  0  0  0  0  0  0
    1.6982   -0.4651   -0.2915 C   0  0  0  0  0  0  0  0  0  0  0  0
   -0.2915    0.8924   -0.5907 C   0  0  0  0  0  0  0  0  0  0  0  0
    2.4935    0.6959   -0.3099 C   0  0  0  0  0  0  0  0  0  0  0  0
    0.4969    2.0570   -0.6048 C   0  0  0  0  0  0  0  0  0  0  0  0
    1.8927    1.9627   -0.4422 C   0  0  0  0  0  0  0  0  0  0  0  0
   -1.5593   -1.7483    0.2727 C   0  0  0  0  0  0  0  0  0  0  0  0
   -2.3125   -0.9029    1.1802 C   0  0  0  0  0  0  0  0  0  0  0  0
    2.1614   -1.3730   -0.1893 H   0  0  0  0  0  0  0  0  0  0  0  0
   -1.3000    0.9871   -0.7299 H   0  0  0  0  0  0  0  0  0  0  0  0
    0.0419   -2.2731   -0.5911 H   0  0  0  0  0  0  0  0  0  0  0  0
    3.5086    0.6094   -0.2163 H   0  0  0  0  0  0  0  0  0  0  0  0
    0.0448    2.9659   -0.7279 H   0  0  0  0  0  0  0  0  0  0  0  0
   -2.6244   -1.4660    2.0619 H   0  0  0  0  0  0  0  0  0  0  0  0
   -3.2019   -0.5224    0.6749 H   0  0  0  0  0  0  0  0  0  0  0  0
   -1.7363   -0.0536    1.5492 H   0  0  0  0  0  0  0  0  0  0  0  0
  1  9  1  0  0  0  0
  2 10  2  0  0  0  0
  3  4  1  0  0  0  0
  3 10  1  0  0  0  0
  3 14  1  0  0  0  0
  4  5  2  0  0  0  0
  4  6  1  0  0  0  0
  5  7  1  0  0  0  0
  5 12  1  0  0  0  0
  6  8  2  0  0  0  0
  6 13  1  0  0  0  0
  7  9  2  0  0  0  0
  7 15  1  0  0  0  0
  8  9  1  0  0  0  0
  8 16  1  0  0  0  0
 10 11  1  0  0  0  0
 11 17  1  0  0  0  0
 11 18  1  0  0  0  0
 11 19  1  0  0  0  0
M  END
> <PUBCHEM_BONDANNOTATIONS>
4  5  8
4  6  8
5  7  8
6  8  8
7  9  8
8  9  8

$$$$
