
  ACD/Labs04281710482D

 23 25  0  0  0  0  0  0  0  0  1 V2000
    3.4124   -5.6004    0.0000 S   0  0  0  0  0  0  0  0  0  0  0  0
    7.9891   -1.7163    0.0000 S   0  0  0  0  0  0  0  0  0  0  0  0
    4.4161   -6.5338    0.0000 O   0  0  0  0  0  0  0  0  0  0  0  0
    2.2883   -6.6041    0.0000 O   0  0  0  0  0  0  0  0  0  0  0  0
    3.4727   -1.6460    0.0000 O   0  0  0  0  0  0  0  0  0  0  0  0
    5.7510   -1.6761    0.0000 O   0  0  0  0  0  0  0  0  0  0  0  0
    4.6269   -4.9581    0.0000 N   0  0  0  0  0  0  0  0  0  0  0  0
    6.8751   -3.6834    0.0000 N   0  0  0  0  0  0  0  0  0  0  0  0
    9.2939   -3.4124    0.0000 N   0  0  0  0  0  0  0  0  0  0  0  0
    2.2783   -4.9280    0.0000 C   0  0  0  0  0  0  0  0  0  0  0  0
    4.5767   -3.6433    0.0000 C   0  0  0  0  0  0  0  0  0  0  0  0
    2.2984   -3.6132    0.0000 C   0  0  0  0  0  0  0  0  0  0  0  0
    3.4526   -2.9708    0.0000 C   0  0  0  0  0  0  0  0  0  0  0  0
    5.7309   -3.0009    0.0000 C   0  0  0  0  0  0  0  0  0  0  0  0
    1.1341   -5.5703    0.0000 C   0  0  0  0  0  0  0  0  0  0  0  0
    1.1642   -2.9307    0.0000 C   0  0  0  0  0  0  0  0  0  0  0  0
    5.7008   -5.6406    0.0000 C   0  0  0  0  0  0  0  0  0  0  0  0
    0.0000   -4.9079    0.0000 C   0  0  0  0  0  0  0  0  0  0  0  0
    8.0293   -3.0411    0.0000 C   0  0  0  0  0  0  0  0  0  0  0  0
    0.0201   -3.5831    0.0000 C   0  0  0  0  0  0  0  0  0  0  0  0
    9.2337   -1.2746    0.0000 C   0  0  0  0  0  0  0  0  0  0  0  0
   10.0366   -2.3185    0.0000 C   0  0  0  0  0  0  0  0  0  0  0  0
    9.6050    0.0000    0.0000 C   0  0  0  0  0  0  0  0  0  0  0  0
  1  3  2  0  0  0  0
  1  4  2  0  0  0  0
  1  7  1  0  0  0  0
  1 10  1  0  0  0  0
  2 19  1  0  0  0  0
  2 21  1  0  0  0  0
  5 13  1  0  0  0  0
  6 14  2  0  0  0  0
  7 11  1  0  0  0  0
  7 17  1  0  0  0  0
  8 14  1  0  0  0  0
  8 19  1  0  0  0  0
  9 19  2  0  0  0  0
  9 22  1  0  0  0  0
 10 12  2  0  0  0  0
 10 15  1  0  0  0  0
 11 13  2  0  0  0  0
 11 14  1  0  0  0  0
 12 13  1  0  0  0  0
 12 16  1  0  0  0  0
 15 18  2  0  0  0  0
 16 20  2  0  0  0  0
 18 20  1  0  0  0  0
 21 22  2  0  0  0  0
 21 23  1  0  0  0  0
M  END
