
  Marvin  01010805563D          

 23 25  0  0  0  0            999 V2000
   -1.2076    2.2825    1.5361 S   0  0  2  0  0  0  0  0  0  0  0  0
    0.2786    1.7495    1.0130 N   0  0  0  0  0  0  0  0  0  0  0  0
    0.5371    0.4682    0.7080 C   0  0  0  0  0  0  0  0  0  0  0  0
   -0.3431   -0.5557    0.9297 C   0  0  0  0  0  0  0  0  0  0  0  0
    1.7168    0.1242    0.0877 C   0  0  0  0  0  0  0  0  0  0  0  0
   -2.2277    0.8915    1.6594 C   0  0  0  0  0  0  0  0  0  0  0  0
   -1.6725   -0.4090    1.3941 C   0  0  0  0  0  0  0  0  0  0  0  0
    2.1325   -0.5643   -2.1415 C   0  0  0  0  0  0  0  0  0  0  0  0
    1.7642    0.2766   -1.1941 N   0  0  0  0  0  0  0  0  0  0  0  0
    2.2479   -0.1259   -3.4042 N   0  0  0  0  0  0  0  0  0  0  0  0
    2.4003   -2.2683   -1.9415 S   0  0  0  0  0  0  0  0  0  0  0  0
   -1.8793    3.3189    0.5306 O   0  0  0  0  0  0  0  0  0  0  0  0
   -1.1460    2.9123    2.9982 O   0  0  0  0  0  0  0  0  0  0  0  0
    2.5252   -1.0976   -4.2844 C   0  0  0  0  0  0  0  0  0  0  0  0
    2.6163   -2.3317   -3.6554 C   0  0  0  0  0  0  0  0  0  0  0  0
    2.6356   -0.3744    0.7256 O   0  0  0  0  0  0  0  0  0  0  0  0
    0.0232   -1.7232    0.6744 O   0  0  0  0  0  0  0  0  0  0  0  0
    1.1652    2.8395    0.9821 C   0  0  0  0  0  0  0  0  0  0  0  0
   -2.5452   -1.5427    1.5728 C   0  0  0  0  0  0  0  0  0  0  0  0
   -3.5864    1.1095    2.0395 C   0  0  0  0  0  0  0  0  0  0  0  0
    2.8664   -3.5789   -4.3728 C   0  0  0  0  0  0  0  0  0  0  0  0
   -3.8984   -1.3563    1.9623 C   0  0  0  0  0  0  0  0  0  0  0  0
   -4.4032   -0.0446    2.1805 C   0  0  0  0  0  0  0  0  0  0  0  0
  1  2  1  0  0  0  0
  1  6  1  0  0  0  0
  1 12  2  0  0  0  0
  1 13  2  0  0  0  0
  2  3  1  0  0  0  0
  2 18  1  0  0  0  0
  3  4  2  0  0  0  0
  3  5  1  0  0  0  0
  4 17  1  0  0  0  0
  4  7  1  0  0  0  0
  5  9  1  0  0  0  0
  5 16  2  0  0  0  0
  6  7  1  0  0  0  0
  6 20  2  0  0  0  0
  7 19  2  0  0  0  0
  8  9  1  0  0  0  0
  8 10  2  0  0  0  0
  8 11  1  0  0  0  0
 10 14  1  0  0  0  0
 11 15  1  0  0  0  0
 14 15  2  0  0  0  0
 15 21  1  0  0  0  0
 19 22  1  0  0  0  0
 20 23  1  0  0  0  0
 22 23  2  0  0  0  0
M  END
$$$$
