
  ACD/Labs03221914022D

 16 15  0  0  0  0  0  0  0  0  1 V2000
    0.0000    0.0000    0.0000 C   0  0  0  0  0  0  0  0  0  0  0  0
    1.1404   -0.6746    0.0000 C   0  0  0  0  0  0  0  0  0  0  0  0
    2.2969    0.0000    0.0000 C   0  0  0  0  0  0  0  0  0  0  0  0
    3.4373   -0.6746    0.0000 C   0  0  0  0  0  0  0  0  0  0  0  0
    4.5937    0.0000    0.0000 C   0  0  0  0  0  0  0  0  0  0  0  0
    5.7341   -0.6746    0.0000 C   0  0  0  0  0  0  0  0  0  0  0  0
    6.8906    0.0000    0.0000 C   0  0  0  0  0  0  0  0  0  0  0  0
    8.0310   -0.6746    0.0000 C   0  0  0  0  0  0  0  0  0  0  0  0
    9.1714    0.0000    0.0000 C   0  0  0  0  0  0  0  0  0  0  0  0
   10.3278   -0.6746    0.0000 C   0  0  0  0  0  0  0  0  0  0  0  0
   11.4682    0.0000    0.0000 C   0  0  0  0  0  0  0  0  0  0  0  0
   12.6247   -0.6746    0.0000 C   0  0  0  0  0  0  0  0  0  0  0  0
   13.7651    0.0000    0.0000 C   0  0  0  0  0  0  0  0  0  0  0  0
   14.9215   -0.6746    0.0000 C   0  0  0  0  0  0  0  0  0  0  0  0
   14.9215   -1.9917    0.0000 O   0  0  0  0  0  0  0  0  0  0  0  0
   16.0619    0.0000    0.0000 O   0  0  0  0  0  0  0  0  0  0  0  0
  1  2  1  0  0  0  0
  2  3  1  0  0  0  0
  3  4  1  0  0  0  0
  4  5  1  0  0  0  0
  5  6  1  0  0  0  0
  6  7  1  0  0  0  0
  7  8  1  0  0  0  0
  8  9  1  0  0  0  0
  9 10  1  0  0  0  0
 10 11  1  0  0  0  0
 11 12  1  0  0  0  0
 12 13  1  0  0  0  0
 13 14  1  0  0  0  0
 14 15  2  0  0  0  0
 14 16  1  0  0  0  0
M  END
