11087
  Marvin  12300703363D          

 17 17  0  0  0  0            999 V2000
   -2.4232   -1.6474    0.4814 O   0  0  0  0  0  0  0  0  0  0  0  0
   -1.1021   -2.5402   -0.8008 O   0  0  0  0  0  0  0  0  0  0  0  0
    2.8549   -1.5578   -0.1277 O   0  5  0  0  0  0  0  0  0  0  0  0
    1.3186   -2.6340    0.1902 O   0  0  0  0  0  0  0  0  0  0  0  0
    1.6862   -1.5457   -0.0091 N   0  3  0  0  0  0  0  0  0  0  0  0
   -0.5331   -0.4300   -0.0730 C   0  0  0  0  0  0  0  0  0  0  0  0
    0.9043   -0.4401   -0.0578 C   0  0  0  0  0  0  0  0  0  0  0  0
   -1.2160    0.8170   -0.0623 C   0  0  0  0  0  0  0  0  0  0  0  0
    1.5628    0.8226   -0.0618 C   0  0  0  0  0  0  0  0  0  0  0  0
   -0.5288    2.0388   -0.0533 C   0  0  0  0  0  0  0  0  0  0  0  0
    0.8697    2.0426   -0.0587 C   0  0  0  0  0  0  0  0  0  0  0  0
   -1.3539   -1.5591   -0.1183 C   0  0  0  0  0  0  0  0  0  0  0  0
   -2.2393    0.8768   -0.0735 H   0  0  0  0  0  0  0  0  0  0  0  0
    2.5839    0.8923   -0.0570 H   0  0  0  0  0  0  0  0  0  0  0  0
   -1.0435    2.9228   -0.0473 H   0  0  0  0  0  0  0  0  0  0  0  0
    1.3787    2.9297   -0.0567 H   0  0  0  0  0  0  0  0  0  0  0  0
   -2.7191   -0.9884    0.9855 H   0  0  0  0  0  0  0  0  0  0  0  0
  1 12  1  0  0  0  0
  1 17  1  0  0  0  0
  2 12  2  0  0  0  0
  3  5  1  0  0  0  0
  4  5  2  0  0  0  0
  5  7  1  0  0  0  0
  6  7  1  0  0  0  0
  6  8  2  0  0  0  0
  6 12  1  0  0  0  0
  7  9  2  0  0  0  0
  8 10  1  0  0  0  0
  8 13  1  0  0  0  0
  9 11  1  0  0  0  0
  9 14  1  0  0  0  0
 10 11  2  0  0  0  0
 10 15  1  0  0  0  0
 11 16  1  0  0  0  0
M  CHG  2   3  -1   5   1
M  END
> <PUBCHEM_BONDANNOTATIONS>
10  11  8
6  7  8
6  8  8
7  9  8
8  10  8
9  11  8

$$$$
