
  ACD/Labs03221914022D

 12 12  0  0  0  0  0  0  0  0  2 V2000
    0.0606   -0.6477    0.0000 C   0  0  0  0  0  0  0  0  0  0  0  0
    1.2023    0.0000    0.0000 C   0  0  0  0  0  0  0  0  0  0  0  0
    2.3672   -0.6617    0.0000 C   0  0  0  0  0  0  0  0  0  0  0  0
    2.3253   -1.9945    0.0000 C   0  0  0  0  0  0  0  0  0  0  0  0
    1.1790   -2.6422    0.0000 C   0  0  0  0  0  0  0  0  0  0  0  0
    0.0466   -1.9665    0.0000 C   0  0  0  0  0  0  0  0  0  0  0  0
    1.1650   -3.9796    0.0000 C   0  0  0  0  0  0  0  0  0  0  0  0
    2.3160   -4.6599    0.0000 O   0  0  0  0  0  0  0  0  0  0  0  0
    0.0000   -4.6320    0.0000 O   0  0  0  0  0  0  0  0  0  0  0  0
    3.4717   -2.6888    0.0000 N   0  3  0  0  0  0  0  0  0  0  0  0
    4.6413   -2.0411    0.0000 O   0  5  0  0  0  0  0  0  0  0  0  0
    3.4437   -4.0215    0.0000 O   0  0  0  0  0  0  0  0  0  0  0  0
  1  2  2  0  0  0  0
  1  6  1  0  0  0  0
  2  3  1  0  0  0  0
  3  4  2  0  0  0  0
  4  5  1  0  0  0  0
  4 10  1  0  0  0  0
  5  6  2  0  0  0  0
  5  7  1  0  0  0  0
  7  8  2  0  0  0  0
  7  9  1  0  0  0  0
 10 11  1  0  0  0  0
 10 12  2  0  0  0  0
M  CHG  2  10   1  11  -1
M  END
