
  ACD/Labs04281710402D

 22 24  0  0  0  0  0  0  0  0  1 V2000
    5.9141   -7.3762    0.0000 O   0  0  0  0  0  0  0  0  0  0  0  0
    7.0641   -6.7109    0.0000 S   0  0  0  0  0  0  0  0  0  0  0  0
    6.3987   -5.5609    0.0000 C   0  0  0  0  0  0  0  0  0  0  0  0
    7.0641   -4.4027    0.0000 C   0  0  0  0  0  0  0  0  0  0  0  0
    6.3987   -3.2528    0.0000 C   0  0  0  0  0  0  0  0  0  0  0  0
    5.0681   -3.2528    0.0000 C   0  0  0  0  0  0  0  0  0  0  0  0
    4.4027   -2.1028    0.0000 C   0  0  0  0  0  0  0  0  0  0  0  0
    4.9449   -0.8871    0.0000 C   0  0  0  0  0  0  0  0  0  0  0  0
    6.2427   -0.6161    0.0000 C   0  0  0  0  0  0  0  0  0  0  0  0
    3.9592    0.0000    0.0000 O   0  0  0  0  0  0  0  0  0  0  0  0
    2.8010   -0.6653    0.0000 N   0  0  0  0  0  0  0  0  0  0  0  0
    3.0803   -1.9632    0.0000 C   0  0  0  0  0  0  0  0  0  0  0  0
    2.1932   -2.9488    0.0000 C   0  0  0  0  0  0  0  0  0  0  0  0
    0.8871   -2.6778    0.0000 C   0  0  0  0  0  0  0  0  0  0  0  0
    0.0000   -3.6635    0.0000 C   0  0  0  0  0  0  0  0  0  0  0  0
    0.4107   -4.9284    0.0000 C   0  0  0  0  0  0  0  0  0  0  0  0
    1.7085   -5.2077    0.0000 C   0  0  0  0  0  0  0  0  0  0  0  0
    2.6039   -4.2138    0.0000 C   0  0  0  0  0  0  0  0  0  0  0  0
    4.4027   -4.4027    0.0000 C   0  0  0  0  0  0  0  0  0  0  0  0
    5.0681   -5.5609    0.0000 C   0  0  0  0  0  0  0  0  0  0  0  0
    8.2140   -6.0455    0.0000 N   0  0  0  0  0  0  0  0  0  0  0  0
    7.7294   -7.8608    0.0000 O   0  0  0  0  0  0  0  0  0  0  0  0
  1  2  2  0  0  0  0
  2  3  1  0  0  0  0
  2 21  1  0  0  0  0
  2 22  2  0  0  0  0
  3  4  2  0  0  0  0
  3 20  1  0  0  0  0
  4  5  1  0  0  0  0
  5  6  2  0  0  0  0
  6  7  1  0  0  0  0
  6 19  1  0  0  0  0
  7  8  2  0  0  0  0
  7 12  1  0  0  0  0
  8  9  1  0  0  0  0
  8 10  1  0  0  0  0
 10 11  1  0  0  0  0
 11 12  2  0  0  0  0
 12 13  1  0  0  0  0
 13 14  2  0  0  0  0
 13 18  1  0  0  0  0
 14 15  1  0  0  0  0
 15 16  2  0  0  0  0
 16 17  1  0  0  0  0
 17 18  2  0  0  0  0
 19 20  2  0  0  0  0
M  END
