121025
  Marvin  01010805553D          

 22 23  0  0  0  0            999 V2000
    2.2274    4.2518    0.4404 O   0  0  0  0  0  0  0  0  0  0  0  0
    0.3499    4.3674   -0.4698 O   0  0  0  0  0  0  0  0  0  0  0  0
    2.2114    1.4385   -0.0305 N   0  0  0  0  0  0  0  0  0  0  0  0
    1.8003    0.2124   -0.0474 N   0  0  0  0  0  0  0  0  0  0  0  0
    0.4549    0.1926   -0.0510 C   0  0  0  0  0  0  0  0  0  0  0  0
   -0.3656   -0.9587   -0.0404 C   0  0  0  0  0  0  0  0  0  0  0  0
    0.0391    1.5211   -0.0640 C   0  0  0  0  0  0  0  0  0  0  0  0
    1.1847    2.3044   -0.0424 C   0  0  0  0  0  0  0  0  0  0  0  0
    0.0746   -2.1651   -0.6337 C   0  0  0  0  0  0  0  0  0  0  0  0
   -1.6469   -0.9355    0.5622 C   0  0  0  0  0  0  0  0  0  0  0  0
   -0.7490   -3.3060   -0.6428 C   0  0  0  0  0  0  0  0  0  0  0  0
   -2.4693   -2.0752    0.5613 C   0  0  0  0  0  0  0  0  0  0  0  0
   -2.0208   -3.2605   -0.0456 C   0  0  0  0  0  0  0  0  0  0  0  0
    1.2572    3.6761   -0.0298 C   0  0  0  0  0  0  0  0  0  0  0  0
   -0.9249    1.8616   -0.0804 H   0  0  0  0  0  0  0  0  0  0  0  0
    0.9943   -2.2284   -1.0800 H   0  0  0  0  0  0  0  0  0  0  0  0
   -2.0019   -0.0926    1.0221 H   0  0  0  0  0  0  0  0  0  0  0  0
    3.1470    1.6981   -0.0193 H   0  0  0  0  0  0  0  0  0  0  0  0
   -0.4241   -4.1685   -1.0865 H   0  0  0  0  0  0  0  0  0  0  0  0
   -3.3916   -2.0399    1.0028 H   0  0  0  0  0  0  0  0  0  0  0  0
   -2.6207   -4.0885   -0.0511 H   0  0  0  0  0  0  0  0  0  0  0  0
    2.8739    3.7947    0.8261 H   0  0  0  0  0  0  0  0  0  0  0  0
  1 14  1  0  0  0  0
  1 22  1  0  0  0  0
  2 14  2  0  0  0  0
  3  4  1  0  0  0  0
  3  8  1  0  0  0  0
  3 18  1  0  0  0  0
  4  5  2  0  0  0  0
  5  6  1  0  0  0  0
  5  7  1  0  0  0  0
  6  9  2  0  0  0  0
  6 10  1  0  0  0  0
  7  8  2  0  0  0  0
  7 15  1  0  0  0  0
  8 14  1  0  0  0  0
  9 11  1  0  0  0  0
  9 16  1  0  0  0  0
 10 12  2  0  0  0  0
 10 17  1  0  0  0  0
 11 13  2  0  0  0  0
 11 19  1  0  0  0  0
 12 13  1  0  0  0  0
 12 20  1  0  0  0  0
 13 21  1  0  0  0  0
M  END
> <PUBCHEM_BONDANNOTATIONS>
10  12  8
11  13  8
12  13  8
3  4  8
3  8  8
4  5  8
5  7  8
6  10  8
6  9  8
7  8  8
9  11  8

$$$$
