11298
  Marvin  12300703363D          

 19 19  0  0  0  0            999 V2000
    3.1733    1.8172    0.0651 O   0  5  0  0  0  0  0  0  0  0  0  0
    3.2885   -0.0878   -0.0112 O   0  0  0  0  0  0  0  0  0  0  0  0
    1.0780   -1.6387    0.0790 N   0  0  0  0  0  0  0  0  0  0  0  0
    2.5557    0.8200    0.0320 N   0  3  0  0  0  0  0  0  0  0  0  0
   -0.9689   -0.4837   -0.0283 C   0  0  0  0  0  0  0  0  0  0  0  0
    0.4551   -0.4763    0.0238 C   0  0  0  0  0  0  0  0  0  0  0  0
    1.2037    0.7432    0.0257 C   0  0  0  0  0  0  0  0  0  0  0  0
   -1.6479    0.7545   -0.0576 C   0  0  0  0  0  0  0  0  0  0  0  0
    0.4546    1.9494   -0.0006 C   0  0  0  0  0  0  0  0  0  0  0  0
   -0.9466    1.9661   -0.0397 C   0  0  0  0  0  0  0  0  0  0  0  0
   -1.8284   -1.6999   -0.0363 C   0  0  0  0  0  0  0  0  0  0  0  0
   -2.6709    0.7969   -0.0890 H   0  0  0  0  0  0  0  0  0  0  0  0
    0.9183    2.8616    0.0034 H   0  0  0  0  0  0  0  0  0  0  0  0
   -1.4532    2.8547   -0.0570 H   0  0  0  0  0  0  0  0  0  0  0  0
   -2.4823   -1.6981    0.8382 H   0  0  0  0  0  0  0  0  0  0  0  0
   -2.4495   -1.7141   -0.9342 H   0  0  0  0  0  0  0  0  0  0  0  0
   -1.2860   -2.6440   -0.0160 H   0  0  0  0  0  0  0  0  0  0  0  0
    0.6430   -2.4275   -0.1644 H   0  0  0  0  0  0  0  0  0  0  0  0
    1.9635   -1.6935    0.3673 H   0  0  0  0  0  0  0  0  0  0  0  0
  1  4  1  0  0  0  0
  2  4  2  0  0  0  0
  3  6  1  0  0  0  0
  3 18  1  0  0  0  0
  3 19  1  0  0  0  0
  4  7  1  0  0  0  0
  5  6  2  0  0  0  0
  5  8  1  0  0  0  0
  5 11  1  0  0  0  0
  6  7  1  0  0  0  0
  7  9  2  0  0  0  0
  8 10  2  0  0  0  0
  8 12  1  0  0  0  0
  9 10  1  0  0  0  0
  9 13  1  0  0  0  0
 10 14  1  0  0  0  0
 11 15  1  0  0  0  0
 11 16  1  0  0  0  0
 11 17  1  0  0  0  0
M  CHG  2   1  -1   4   1
M  END
> <PUBCHEM_BONDANNOTATIONS>
5  6  8
5  8  8
6  7  8
7  9  8
8  10  8
9  10  8

$$$$
