
  ACD/Labs04281711562D

 11 11  0  0  0  0  0  0  0  0  2 V2000
    5.7600   -1.9987    0.0000 O   0  0  0  0  0  0  0  0  0  0  0  0
    4.6080   -2.6611    0.0000 N   0  3  0  0  0  0  0  0  0  0  0  0
    4.6080   -3.9917    0.0000 O   0  5  0  0  0  0  0  0  0  0  0  0
    3.4560   -1.9987    0.0000 C   0  0  0  0  0  0  0  0  0  0  0  0
    2.3040   -2.6611    0.0000 C   0  0  0  0  0  0  0  0  0  0  0  0
    2.3040   -3.9917    0.0000 N   0  0  0  0  0  0  0  0  0  0  0  0
    1.1520   -1.9987    0.0000 C   0  0  0  0  0  0  0  0  0  0  0  0
    0.0000   -2.6611    0.0000 C   0  0  0  0  0  0  0  0  0  0  0  0
    1.1520   -0.6682    0.0000 C   0  0  0  0  0  0  0  0  0  0  0  0
    2.3040    0.0000    0.0000 C   0  0  0  0  0  0  0  0  0  0  0  0
    3.4560   -0.6682    0.0000 C   0  0  0  0  0  0  0  0  0  0  0  0
  1  2  2  0  0  0  0
  2  3  1  0  0  0  0
  2  4  1  0  0  0  0
  4  5  2  0  0  0  0
  4 11  1  0  0  0  0
  5  6  1  0  0  0  0
  5  7  1  0  0  0  0
  7  8  1  0  0  0  0
  7  9  2  0  0  0  0
  9 10  1  0  0  0  0
 10 11  2  0  0  0  0
M  CHG  2   2   1   3  -1
M  END
