
  CDK  04291007072D          

 14 15  0  0  0  0            999 V2000
   -2.6909   -1.4124    0.0000 Br  0  0  0  0  0  0  0  0  0  0  0  0
   -1.8659   -1.4124    0.0000 C   0  0  0  0  0  0  0  0  0  0  0  0
   -1.4534   -0.6979    0.0000 C   0  0  0  0  0  0  0  0  0  0  0  0
   -0.6284   -0.6979    0.0000 N   0  0  0  0  0  0  0  0  0  0  0  0
   -0.1435   -1.3654    0.0000 C   0  0  0  0  0  0  0  0  0  0  0  0
   -0.3984   -2.1500    0.0000 O   0  0  0  0  0  0  0  0  0  0  0  0
    0.6411   -1.1104    0.0000 C   0  0  0  0  0  0  0  0  0  0  0  0
    0.6411   -0.2854    0.0000 C   0  0  0  0  0  0  0  0  0  0  0  0
    1.3556    0.1271    0.0000 C   0  0  0  0  0  0  0  0  0  0  0  0
    2.0701   -0.2854    0.0000 C   0  0  0  0  0  0  0  0  0  0  0  0
    2.0701   -1.1104    0.0000 C   0  0  0  0  0  0  0  0  0  0  0  0
    1.3556   -1.5229    0.0000 C   0  0  0  0  0  0  0  0  0  0  0  0
   -0.1435   -0.0305    0.0000 C   0  0  0  0  0  0  0  0  0  0  0  0
   -0.3984    0.7541    0.0000 O   0  0  0  0  0  0  0  0  0  0  0  0
  1  2  1  0  0  0  0
  2  3  1  0  0  0  0
  3  4  1  0  0  0  0
  4  5  1  0  0  0  0
  5  6  2  0  0  0  0
  5  7  1  0  0  0  0
  7  8  2  0  0  0  0
  8  9  1  0  0  0  0
  9 10  2  0  0  0  0
 10 11  1  0  0  0  0
 11 12  2  0  0  0  0
  7 12  1  0  0  0  0
  8 13  1  0  0  0  0
  4 13  1  0  0  0  0
 13 14  2  0  0  0  0
M  END
