1123
  Marvin  12300703363D          

 14 13  0  0  0  0            999 V2000
    1.5499   -0.6697    0.0749 S   0  0  1  0  0  0  0  0  0  0  0  0
    2.1002   -0.6329   -1.4178 O   0  0  0  0  0  0  0  0  0  0  0  0
    2.0603   -2.0040    0.7702 O   0  0  0  0  0  0  0  0  0  0  0  0
    2.1534    0.5663    0.8735 O   0  0  0  0  0  0  0  0  0  0  0  0
   -2.3019    0.7911    0.0108 N   0  0  0  0  0  0  0  0  0  0  0  0
   -0.2586   -0.6349    0.0662 C   0  0  0  0  0  0  0  0  0  0  0  0
   -0.8364    0.7954    0.0284 C   0  0  0  0  0  0  0  0  0  0  0  0
   -0.6126   -1.1434    0.9650 H   0  0  0  0  0  0  0  0  0  0  0  0
   -0.6025   -1.2049   -0.7996 H   0  0  0  0  0  0  0  0  0  0  0  0
   -0.4856    1.3279   -0.8576 H   0  0  0  0  0  0  0  0  0  0  0  0
   -0.5232    1.3494    0.9155 H   0  0  0  0  0  0  0  0  0  0  0  0
   -2.5993    1.7681    0.0635 H   0  0  0  0  0  0  0  0  0  0  0  0
   -2.6104    0.3450    0.8773 H   0  0  0  0  0  0  0  0  0  0  0  0
    2.9667   -0.6533   -1.5705 H   0  0  0  0  0  0  0  0  0  0  0  0
  1  2  1  0  0  0  0
  1  3  2  0  0  0  0
  1  4  2  0  0  0  0
  1  6  1  0  0  0  0
  2 14  1  0  0  0  0
  5  7  1  0  0  0  0
  5 12  1  0  0  0  0
  5 13  1  0  0  0  0
  6  7  1  0  0  0  0
  6  8  1  0  0  0  0
  6  9  1  0  0  0  0
  7 10  1  0  0  0  0
  7 11  1  0  0  0  0
M  END
$$$$
