11397
  Marvin  12300703363D          

 20 21  0  0  0  0            999 V2000
   -1.1058    3.5331    0.0000 O   0  0  0  0  0  0  0  0  0  0  0  0
   -1.1058   -3.5331    0.0000 O   0  0  0  0  0  0  0  0  0  0  0  0
   -0.4723   -0.0000    0.0000 C   0  0  0  0  0  0  0  0  0  0  0  0
    0.9532   -0.0000   -0.0000 C   0  0  0  0  0  0  0  0  0  0  0  0
   -1.1711    1.2272   -0.0000 C   0  0  0  0  0  0  0  0  0  0  0  0
   -1.1711   -1.2272   -0.0000 C   0  0  0  0  0  0  0  0  0  0  0  0
    1.6427    1.2334    0.0000 C   0  0  0  0  0  0  0  0  0  0  0  0
    1.6427   -1.2334    0.0000 C   0  0  0  0  0  0  0  0  0  0  0  0
   -0.4734    2.4486   -0.0000 C   0  0  0  0  0  0  0  0  0  0  0  0
   -0.4734   -2.4486   -0.0000 C   0  0  0  0  0  0  0  0  0  0  0  0
    0.9339    2.4503    0.0000 C   0  0  0  0  0  0  0  0  0  0  0  0
    0.9339   -2.4503   -0.0000 C   0  0  0  0  0  0  0  0  0  0  0  0
   -2.1955    1.2389    0.0000 H   0  0  0  0  0  0  0  0  0  0  0  0
   -2.1955   -1.2389    0.0000 H   0  0  0  0  0  0  0  0  0  0  0  0
    2.6656    1.2642   -0.0000 H   0  0  0  0  0  0  0  0  0  0  0  0
    2.6656   -1.2642   -0.0000 H   0  0  0  0  0  0  0  0  0  0  0  0
    1.4487    3.3343   -0.0000 H   0  0  0  0  0  0  0  0  0  0  0  0
    1.4487   -3.3343    0.0000 H   0  0  0  0  0  0  0  0  0  0  0  0
   -1.9856    3.5340   -0.0000 H   0  0  0  0  0  0  0  0  0  0  0  0
   -1.9856   -3.5340    0.0000 H   0  0  0  0  0  0  0  0  0  0  0  0
  1  9  1  0  0  0  0
  1 19  1  0  0  0  0
  2 10  1  0  0  0  0
  2 20  1  0  0  0  0
  3  4  2  0  0  0  0
  3  5  1  0  0  0  0
  3  6  1  0  0  0  0
  4  7  1  0  0  0  0
  4  8  1  0  0  0  0
  5  9  2  0  0  0  0
  5 13  1  0  0  0  0
  6 10  2  0  0  0  0
  6 14  1  0  0  0  0
  7 11  2  0  0  0  0
  7 15  1  0  0  0  0
  8 12  2  0  0  0  0
  8 16  1  0  0  0  0
  9 11  1  0  0  0  0
 10 12  1  0  0  0  0
 11 17  1  0  0  0  0
 12 18  1  0  0  0  0
M  END
> <PUBCHEM_BONDANNOTATIONS>
10  12  8
3  4  8
3  5  8
3  6  8
4  7  8
4  8  8
5  9  8
6  10  8
7  11  8
8  12  8
9  11  8

$$$$
