11470
  Marvin  12300703363D          

 20 20  0  0  0  0            999 V2000
   -2.4990   -2.0507   -0.0433 O   0  0  0  0  0  0  0  0  0  0  0  0
    0.9756    3.9819    0.4541 O   0  0  0  0  0  0  0  0  0  0  0  0
    2.5769    3.0997   -0.4931 O   0  0  0  0  0  0  0  0  0  0  0  0
   -0.5854   -0.8115   -0.0498 C   0  0  0  0  0  0  0  0  0  0  0  0
    0.7861    1.7423   -0.0461 C   0  0  0  0  0  0  0  0  0  0  0  0
    0.8293   -0.7144   -0.0615 C   0  0  0  0  0  0  0  0  0  0  0  0
   -1.2875    0.4234   -0.0419 C   0  0  0  0  0  0  0  0  0  0  0  0
    1.4988    0.5228   -0.0659 C   0  0  0  0  0  0  0  0  0  0  0  0
   -0.6258    1.6664   -0.0371 C   0  0  0  0  0  0  0  0  0  0  0  0
   -1.2730   -2.0390   -0.0463 C   0  0  0  0  0  0  0  0  0  0  0  0
   -0.7233   -3.3868   -0.0453 C   0  0  0  0  0  0  0  0  0  0  0  0
    1.4533    2.9625   -0.0317 C   0  0  0  0  0  0  0  0  0  0  0  0
    1.4308   -1.5370   -0.0647 H   0  0  0  0  0  0  0  0  0  0  0  0
   -2.3111    0.4506   -0.0396 H   0  0  0  0  0  0  0  0  0  0  0  0
    2.5231    0.5132   -0.0718 H   0  0  0  0  0  0  0  0  0  0  0  0
   -1.1981    2.5156   -0.0363 H   0  0  0  0  0  0  0  0  0  0  0  0
   -1.0624   -3.9284   -0.9312 H   0  0  0  0  0  0  0  0  0  0  0  0
   -1.0622   -3.9277    0.8411 H   0  0  0  0  0  0  0  0  0  0  0  0
    0.3616   -3.4534   -0.0447 H   0  0  0  0  0  0  0  0  0  0  0  0
    0.1922    3.9704    0.8551 H   0  0  0  0  0  0  0  0  0  0  0  0
  1 10  2  0  0  0  0
  2 12  1  0  0  0  0
  2 20  1  0  0  0  0
  3 12  2  0  0  0  0
  4  6  2  0  0  0  0
  4  7  1  0  0  0  0
  4 10  1  0  0  0  0
  5  8  2  0  0  0  0
  5  9  1  0  0  0  0
  5 12  1  0  0  0  0
  6  8  1  0  0  0  0
  6 13  1  0  0  0  0
  7  9  2  0  0  0  0
  7 14  1  0  0  0  0
  8 15  1  0  0  0  0
  9 16  1  0  0  0  0
 10 11  1  0  0  0  0
 11 17  1  0  0  0  0
 11 18  1  0  0  0  0
 11 19  1  0  0  0  0
M  END
> <PUBCHEM_BONDANNOTATIONS>
4  6  8
4  7  8
5  8  8
5  9  8
6  8  8
7  9  8

$$$$
