
  ACD/Labs06251410052D

 12 12  0  0  0  0  0  0  0  0  1 V2000
    3.3229   -6.9082    0.0000 C   0  0  0  0  0  0  0  0  0  0  0  0
    3.9861   -5.7546    0.0000 C   0  0  0  0  0  0  0  0  0  0  0  0
    5.3193   -5.7546    0.0000 O   0  0  0  0  0  0  0  0  0  0  0  0
    3.3229   -4.6078    0.0000 C   0  0  0  0  0  0  0  0  0  0  0  0
    3.9861   -3.4541    0.0000 C   0  0  0  0  0  0  0  0  0  0  0  0
    3.3229   -2.3004    0.0000 C   0  0  0  0  0  0  0  0  0  0  0  0
    1.9965   -2.3004    0.0000 C   0  0  0  0  0  0  0  0  0  0  0  0
    1.3264   -3.4541    0.0000 C   0  0  0  0  0  0  0  0  0  0  0  0
    1.9965   -4.6078    0.0000 C   0  0  0  0  0  0  0  0  0  0  0  0
    1.3264   -1.1537    0.0000 C   0  0  0  0  0  0  0  0  0  0  0  0
    1.9965    0.0000    0.0000 O   0  0  0  0  0  0  0  0  0  0  0  0
    0.0000   -1.1537    0.0000 O   0  0  0  0  0  0  0  0  0  0  0  0
  1  2  1  0  0  0  0
  2  3  2  0  0  0  0
  2  4  1  0  0  0  0
  4  5  1  0  0  0  0
  4  9  2  0  0  0  0
  5  6  2  0  0  0  0
  6  7  1  0  0  0  0
  7  8  2  0  0  0  0
  7 10  1  0  0  0  0
  8  9  1  0  0  0  0
 10 11  1  0  0  0  0
 10 12  2  0  0  0  0
M  END
