11830
  Marvin  12300703363D          

 19 20  0  0  0  0            999 V2000
    3.1847   -2.0316   -0.0000 O   0  5  0  0  0  0  0  0  0  0  0  0
    3.2500   -0.1137    0.0000 O   0  0  0  0  0  0  0  0  0  0  0  0
    1.0693    1.4143    0.0000 N   0  0  0  0  0  0  0  0  0  0  0  0
    2.5484   -1.0476    0.0000 N   0  3  0  0  0  0  0  0  0  0  0  0
   -0.9774    0.2010   -0.0000 C   0  0  0  0  0  0  0  0  0  0  0  0
    0.4486    0.2021   -0.0000 C   0  0  0  0  0  0  0  0  0  0  0  0
    1.1983   -1.0097   -0.0000 C   0  0  0  0  0  0  0  0  0  0  0  0
   -1.6672   -1.0284    0.0000 C   0  0  0  0  0  0  0  0  0  0  0  0
    0.4505   -2.2180   -0.0000 C   0  0  0  0  0  0  0  0  0  0  0  0
   -1.6664    1.4345    0.0000 C   0  0  0  0  0  0  0  0  0  0  0  0
   -0.9547   -2.2359    0.0000 C   0  0  0  0  0  0  0  0  0  0  0  0
   -0.9579    2.6495   -0.0000 C   0  0  0  0  0  0  0  0  0  0  0  0
    0.4448    2.6151    0.0000 C   0  0  0  0  0  0  0  0  0  0  0  0
   -2.6904   -1.0595   -0.0000 H   0  0  0  0  0  0  0  0  0  0  0  0
    0.9215   -3.1264   -0.0000 H   0  0  0  0  0  0  0  0  0  0  0  0
   -2.6893    1.4645   -0.0000 H   0  0  0  0  0  0  0  0  0  0  0  0
   -1.4592   -3.1263    0.0000 H   0  0  0  0  0  0  0  0  0  0  0  0
   -1.4524    3.5434   -0.0000 H   0  0  0  0  0  0  0  0  0  0  0  0
    0.9991    3.4728   -0.0000 H   0  0  0  0  0  0  0  0  0  0  0  0
  1  4  1  0  0  0  0
  2  4  2  0  0  0  0
  3  6  1  0  0  0  0
  3 13  2  0  0  0  0
  4  7  1  0  0  0  0
  5  6  2  0  0  0  0
  5  8  1  0  0  0  0
  5 10  1  0  0  0  0
  6  7  1  0  0  0  0
  7  9  2  0  0  0  0
  8 11  2  0  0  0  0
  8 14  1  0  0  0  0
  9 11  1  0  0  0  0
  9 15  1  0  0  0  0
 10 12  2  0  0  0  0
 10 16  1  0  0  0  0
 11 17  1  0  0  0  0
 12 13  1  0  0  0  0
 12 18  1  0  0  0  0
 13 19  1  0  0  0  0
M  CHG  2   1  -1   4   1
M  END
> <PUBCHEM_BONDANNOTATIONS>
10  12  8
12  13  8
3  13  8
3  6  8
5  10  8
5  6  8
5  8  8
6  7  8
7  9  8
8  11  8
9  11  8

$$$$
