11888
  Marvin  12300703363D          

 18 18  0  0  0  0            999 V2000
    2.9831   -1.3730   -0.1260 O   0  5  0  0  0  0  0  0  0  0  0  0
    1.4725   -2.5015   -0.1166 O   0  0  0  0  0  0  0  0  0  0  0  0
    1.8090   -1.3860   -0.1235 N   0  3  0  0  0  0  0  0  0  0  0  0
   -2.6942   -1.6740    1.9870 N   0  0  0  0  0  0  0  0  0  0  0  0
   -0.4291   -0.2903   -0.1284 C   0  0  0  0  0  0  0  0  0  0  0  0
    1.0082   -0.2923   -0.1272 C   0  0  0  0  0  0  0  0  0  0  0  0
   -1.3248   -1.4914   -0.1194 C   0  0  0  0  0  0  0  0  0  0  0  0
   -1.1184    0.9549   -0.1463 C   0  0  0  0  0  0  0  0  0  0  0  0
    1.6549    0.9786   -0.1270 C   0  0  0  0  0  0  0  0  0  0  0  0
   -0.4424    2.1830   -0.1387 C   0  0  0  0  0  0  0  0  0  0  0  0
    0.9556    2.1940   -0.1288 C   0  0  0  0  0  0  0  0  0  0  0  0
   -2.0713   -1.5971    1.0255 C   0  0  0  0  0  0  0  0  0  0  0  0
   -1.9966   -1.4546   -0.9802 H   0  0  0  0  0  0  0  0  0  0  0  0
   -0.8366   -2.4546   -0.2034 H   0  0  0  0  0  0  0  0  0  0  0  0
   -2.1422    0.9982   -0.1596 H   0  0  0  0  0  0  0  0  0  0  0  0
    2.6749    1.0580   -0.1243 H   0  0  0  0  0  0  0  0  0  0  0  0
   -0.9625    3.0638   -0.1394 H   0  0  0  0  0  0  0  0  0  0  0  0
    1.4600    3.0842   -0.1238 H   0  0  0  0  0  0  0  0  0  0  0  0
  1  3  1  0  0  0  0
  2  3  2  0  0  0  0
  3  6  1  0  0  0  0
  4 12  3  0  0  0  0
  5  6  1  0  0  0  0
  5  7  1  0  0  0  0
  5  8  2  0  0  0  0
  6  9  2  0  0  0  0
  7 12  1  0  0  0  0
  7 13  1  0  0  0  0
  7 14  1  0  0  0  0
  8 10  1  0  0  0  0
  8 15  1  0  0  0  0
  9 11  1  0  0  0  0
  9 16  1  0  0  0  0
 10 11  2  0  0  0  0
 10 17  1  0  0  0  0
 11 18  1  0  0  0  0
M  CHG  2   1  -1   3   1
M  END
> <PUBCHEM_BONDANNOTATIONS>
10  11  8
5  6  8
5  8  8
6  9  8
8  10  8
9  11  8

$$$$
