
  ACD/Labs04281711072D

 18 18  0  0  0  0  0  0  0  0  2 V2000
    6.5953    0.0000    0.0000 O   0  5  0  0  0  0  0  0  0  0  0  0
    3.9572    0.0000    0.0000 O   0  0  0  0  0  0  0  0  0  0  0  0
    5.2762   -0.7559    0.0000 N   0  3  0  0  0  0  0  0  0  0  0  0
    0.0000   -3.8015    0.0000 N   0  0  0  0  0  0  0  0  0  0  0  0
    3.9572   -3.0383    0.0000 C   0  0  0  0  0  0  0  0  0  0  0  0
    5.2762   -2.2824    0.0000 C   0  0  0  0  0  0  0  0  0  0  0  0
    2.6381   -2.2824    0.0000 C   0  0  0  0  0  0  0  0  0  0  0  0
    3.9572   -4.5648    0.0000 C   0  0  0  0  0  0  0  0  0  0  0  0
    6.5953   -3.0383    0.0000 C   0  0  0  0  0  0  0  0  0  0  0  0
    5.2762   -5.3281    0.0000 C   0  0  0  0  0  0  0  0  0  0  0  0
    6.5953   -4.5648    0.0000 C   0  0  0  0  0  0  0  0  0  0  0  0
    1.3191   -3.0383    0.0000 C   0  0  0  0  0  0  0  0  0  0  0  0
    3.2458   -1.5562    0.0000 H   0  0  0  0  0  0  0  0  0  0  0  0
    2.0304   -1.5562    0.0000 H   0  0  0  0  0  0  0  0  0  0  0  0
    3.1346   -5.0391    0.0000 H   0  0  0  0  0  0  0  0  0  0  0  0
    7.4104   -2.5714    0.0000 H   0  0  0  0  0  0  0  0  0  0  0  0
    5.2762   -6.2692    0.0000 H   0  0  0  0  0  0  0  0  0  0  0  0
    7.4104   -5.0391    0.0000 H   0  0  0  0  0  0  0  0  0  0  0  0
  1  3  1  0  0  0  0
  2  3  2  0  0  0  0
  3  6  1  0  0  0  0
  4 12  3  0  0  0  0
  5  6  1  0  0  0  0
  5  7  1  0  0  0  0
  5  8  2  0  0  0  0
  6  9  2  0  0  0  0
  7 12  1  0  0  0  0
  7 13  1  0  0  0  0
  7 14  1  0  0  0  0
  8 10  1  0  0  0  0
  8 15  1  0  0  0  0
  9 11  1  0  0  0  0
  9 16  1  0  0  0  0
 10 11  2  0  0  0  0
 10 17  1  0  0  0  0
 11 18  1  0  0  0  0
M  CHG  2   1  -1   3   1
M  END
