11907
  Marvin  12300703363D          

 14 14  0  0  0  0            999 V2000
   -1.3741   -1.8551    0.0000 O   0  0  0  0  0  0  0  0  0  0  0  0
    1.9775   -2.9197    0.0000 N   0  0  0  0  0  0  0  0  0  0  0  0
   -0.6884   -0.7958   -0.0000 C   0  0  0  0  0  0  0  0  0  0  0  0
    0.7294   -0.8053    0.0000 C   0  0  0  0  0  0  0  0  0  0  0  0
   -1.3807    0.4334    0.0000 C   0  0  0  0  0  0  0  0  0  0  0  0
    1.4312    0.4233   -0.0000 C   0  0  0  0  0  0  0  0  0  0  0  0
   -0.6755    1.6494   -0.0000 C   0  0  0  0  0  0  0  0  0  0  0  0
    0.7299    1.6443    0.0000 C   0  0  0  0  0  0  0  0  0  0  0  0
    1.3998   -1.9268   -0.0000 C   0  0  0  0  0  0  0  0  0  0  0  0
   -2.4035    0.4542   -0.0000 H   0  0  0  0  0  0  0  0  0  0  0  0
    2.4558    0.4597    0.0000 H   0  0  0  0  0  0  0  0  0  0  0  0
   -1.1861    2.5354    0.0000 H   0  0  0  0  0  0  0  0  0  0  0  0
    1.2398    2.5308   -0.0000 H   0  0  0  0  0  0  0  0  0  0  0  0
   -2.2552   -1.8277    0.0000 H   0  0  0  0  0  0  0  0  0  0  0  0
  1  3  1  0  0  0  0
  1 14  1  0  0  0  0
  2  9  3  0  0  0  0
  3  4  1  0  0  0  0
  3  5  2  0  0  0  0
  4  6  2  0  0  0  0
  4  9  1  0  0  0  0
  5  7  1  0  0  0  0
  5 10  1  0  0  0  0
  6  8  1  0  0  0  0
  6 11  1  0  0  0  0
  7  8  2  0  0  0  0
  7 12  1  0  0  0  0
  8 13  1  0  0  0  0
M  END
> <PUBCHEM_BONDANNOTATIONS>
3  4  8
3  5  8
4  6  8
5  7  8
6  8  8
7  8  8

$$$$
