11915
  Marvin  12300703363D          

 17 17  0  0  0  0            999 V2000
   -2.1926   -1.3218    0.0767 O   0  0  0  0  0  0  0  0  0  0  0  0
   -0.9647   -3.5712    0.4349 O   0  0  0  0  0  0  0  0  0  0  0  0
    0.5453   -2.8664   -0.7606 O   0  0  0  0  0  0  0  0  0  0  0  0
   -0.2765   -0.1083   -0.0528 C   0  0  0  0  0  0  0  0  0  0  0  0
    1.1413   -0.0107   -0.0168 C   0  0  0  0  0  0  0  0  0  0  0  0
   -0.9798    1.1294   -0.0812 C   0  0  0  0  0  0  0  0  0  0  0  0
    1.8139    1.2270   -0.0264 C   0  0  0  0  0  0  0  0  0  0  0  0
   -0.3236    2.3742   -0.0789 C   0  0  0  0  0  0  0  0  0  0  0  0
   -0.9702   -1.3364   -0.0307 C   0  0  0  0  0  0  0  0  0  0  0  0
    1.0785    2.4222   -0.0567 C   0  0  0  0  0  0  0  0  0  0  0  0
   -0.4549   -2.5952   -0.1145 C   0  0  0  0  0  0  0  0  0  0  0  0
    1.7357   -0.8390    0.0277 H   0  0  0  0  0  0  0  0  0  0  0  0
   -2.0023    1.1582   -0.0999 H   0  0  0  0  0  0  0  0  0  0  0  0
    2.8360    1.2608   -0.0068 H   0  0  0  0  0  0  0  0  0  0  0  0
   -0.8637    3.2429   -0.0918 H   0  0  0  0  0  0  0  0  0  0  0  0
    1.5612    3.3239   -0.0600 H   0  0  0  0  0  0  0  0  0  0  0  0
   -1.6838   -3.4896    0.9378 H   0  0  0  0  0  0  0  0  0  0  0  0
  1  9  2  0  0  0  0
  2 11  1  0  0  0  0
  2 17  1  0  0  0  0
  3 11  2  0  0  0  0
  4  5  2  0  0  0  0
  4  6  1  0  0  0  0
  4  9  1  0  0  0  0
  5  7  1  0  0  0  0
  5 12  1  0  0  0  0
  6  8  2  0  0  0  0
  6 13  1  0  0  0  0
  7 10  2  0  0  0  0
  7 14  1  0  0  0  0
  8 10  1  0  0  0  0
  8 15  1  0  0  0  0
  9 11  1  0  0  0  0
 10 16  1  0  0  0  0
M  END
> <PUBCHEM_BONDANNOTATIONS>
4  5  8
4  6  8
5  7  8
6  8  8
7  10  8
8  10  8

$$$$
