1182
  Marvin  12300703363D          

 19 18  0  0  1  0            999 V2000
   -2.5531    1.5002    0.1048 O   0  0  0  0  0  0  0  0  0  0  0  0
   -0.6978    2.3706    0.3468 O   0  0  0  0  0  0  0  0  0  0  0  0
   -1.2385   -0.7318    1.2792 N   0  0  0  0  0  0  0  0  0  0  0  0
    0.8240   -0.0768    0.0200 C   0  0  1  0  0  0  0  0  0  0  0  0
   -0.7382    0.0177    0.1128 C   0  0  2  0  0  0  0  0  0  0  0  0
    1.3522   -1.5400    0.0769 C   0  0  0  0  0  0  0  0  0  0  0  0
    1.4103    0.6224   -1.2411 C   0  0  0  0  0  0  0  0  0  0  0  0
   -1.3400    1.3421    0.1864 C   0  0  0  0  0  0  0  0  0  0  0  0
    1.2391    0.4351    0.8951 H   0  0  0  0  0  0  0  0  0  0  0  0
   -1.1457   -0.4793   -0.7727 H   0  0  0  0  0  0  0  0  0  0  0  0
    1.0302   -2.0512    0.9853 H   0  0  0  0  0  0  0  0  0  0  0  0
    2.4443   -1.5646    0.0757 H   0  0  0  0  0  0  0  0  0  0  0  0
    0.9975   -2.1179   -0.7797 H   0  0  0  0  0  0  0  0  0  0  0  0
    2.5019    0.5840   -1.2384 H   0  0  0  0  0  0  0  0  0  0  0  0
    1.0537    0.1422   -2.1549 H   0  0  0  0  0  0  0  0  0  0  0  0
    1.1397    1.6765   -1.2926 H   0  0  0  0  0  0  0  0  0  0  0  0
   -2.2604   -0.6970    1.2685 H   0  0  0  0  0  0  0  0  0  0  0  0
   -0.9261   -0.2443    2.1221 H   0  0  0  0  0  0  0  0  0  0  0  0
   -3.0932    0.8120    0.0058 H   0  0  0  0  0  0  0  0  0  0  0  0
  1  8  1  0  0  0  0
  1 19  1  0  0  0  0
  2  8  2  0  0  0  0
  3  5  1  0  0  0  0
  3 17  1  0  0  0  0
  3 18  1  0  0  0  0
  4  5  1  0  0  0  0
  4  6  1  0  0  0  0
  4  7  1  0  0  0  0
  4  9  1  0  0  0  0
  5  8  1  0  0  0  0
  5 10  1  0  0  0  0
  6 11  1  0  0  0  0
  6 12  1  0  0  0  0
  6 13  1  0  0  0  0
  7 14  1  0  0  0  0
  7 15  1  0  0  0  0
  7 16  1  0  0  0  0
M  END
> <PUBCHEM_BONDANNOTATIONS>
5  3  3

$$$$
