
  ACD/Labs06251410112D

 13 13  0  0  0  0  0  0  0  0  2 V2000
    3.9873   -5.7563    0.0000 N   0  0  0  0  0  0  0  0  0  0  0  0
    3.3239   -4.6092    0.0000 C   0  0  0  0  0  0  0  0  0  0  0  0
    3.9873   -3.4552    0.0000 C   0  0  0  0  0  0  0  0  0  0  0  0
    3.3239   -2.3011    0.0000 C   0  0  0  0  0  0  0  0  0  0  0  0
    1.9971   -2.3011    0.0000 C   0  0  0  0  0  0  0  0  0  0  0  0
    1.3268   -3.4552    0.0000 C   0  0  0  0  0  0  0  0  0  0  0  0
    1.9971   -4.6092    0.0000 C   0  0  0  0  0  0  0  0  0  0  0  0
    1.3268   -5.7563    0.0000 C   0  0  0  0  0  0  0  0  0  0  0  0
    0.0000   -5.7563    0.0000 O   0  0  0  0  0  0  0  0  0  0  0  0
    1.9971   -6.9103    0.0000 O   0  0  0  0  0  0  0  0  0  0  0  0
    1.3268   -1.1540    0.0000 N   0  3  0  0  0  0  0  0  0  0  0  0
    1.9971    0.0000    0.0000 O   0  5  0  0  0  0  0  0  0  0  0  0
    0.0000   -1.1540    0.0000 O   0  0  0  0  0  0  0  0  0  0  0  0
  1  2  1  0  0  0  0
  2  3  1  0  0  0  0
  2  7  2  0  0  0  0
  3  4  2  0  0  0  0
  4  5  1  0  0  0  0
  5  6  2  0  0  0  0
  5 11  1  0  0  0  0
  6  7  1  0  0  0  0
  7  8  1  0  0  0  0
  8  9  1  0  0  0  0
  8 10  2  0  0  0  0
 11 12  1  0  0  0  0
 11 13  2  0  0  0  0
M  CHG  2  11   1  12  -1
M  END
