12082
  Marvin  12300703363D          

 20 20  0  0  0  0            999 V2000
   -0.6998   -2.4203    0.3188 O   0  0  0  0  0  0  0  0  0  0  0  0
   -2.2297   -1.4598   -0.8389 O   0  0  0  0  0  0  0  0  0  0  0  0
    1.8225    3.2704   -0.0925 N   0  0  0  0  0  0  0  0  0  0  0  0
   -0.3722   -0.2621   -0.3212 C   0  0  0  0  0  0  0  0  0  0  0  0
    1.1364    2.1546   -0.1913 C   0  0  0  0  0  0  0  0  0  0  0  0
    1.0453   -0.2816   -0.3130 C   0  0  0  0  0  0  0  0  0  0  0  0
   -1.0100    1.0037   -0.3013 C   0  0  0  0  0  0  0  0  0  0  0  0
    1.7932    0.9106   -0.2558 C   0  0  0  0  0  0  0  0  0  0  0  0
   -0.2702    2.1972   -0.2236 C   0  0  0  0  0  0  0  0  0  0  0  0
   -1.1275   -1.4292   -0.3007 C   0  0  0  0  0  0  0  0  0  0  0  0
   -1.3247   -3.4939    0.8152 C   0  0  0  0  0  0  0  0  0  0  0  0
    1.5586   -1.1672   -0.3463 H   0  0  0  0  0  0  0  0  0  0  0  0
   -2.0308    1.0805   -0.3192 H   0  0  0  0  0  0  0  0  0  0  0  0
    2.8162    0.8617   -0.2495 H   0  0  0  0  0  0  0  0  0  0  0  0
   -0.7688    3.0905   -0.1849 H   0  0  0  0  0  0  0  0  0  0  0  0
    2.7557    3.2590   -0.1561 H   0  0  0  0  0  0  0  0  0  0  0  0
    1.3772    4.0810    0.0493 H   0  0  0  0  0  0  0  0  0  0  0  0
   -0.5788   -4.1717    1.2303 H   0  0  0  0  0  0  0  0  0  0  0  0
   -1.9947   -3.1922    1.6244 H   0  0  0  0  0  0  0  0  0  0  0  0
   -1.8980   -4.0313    0.0565 H   0  0  0  0  0  0  0  0  0  0  0  0
  1 10  1  0  0  0  0
  1 11  1  0  0  0  0
  2 10  2  0  0  0  0
  3  5  1  0  0  0  0
  3 16  1  0  0  0  0
  3 17  1  0  0  0  0
  4  6  2  0  0  0  0
  4  7  1  0  0  0  0
  4 10  1  0  0  0  0
  5  8  2  0  0  0  0
  5  9  1  0  0  0  0
  6  8  1  0  0  0  0
  6 12  1  0  0  0  0
  7  9  2  0  0  0  0
  7 13  1  0  0  0  0
  8 14  1  0  0  0  0
  9 15  1  0  0  0  0
 11 18  1  0  0  0  0
 11 19  1  0  0  0  0
 11 20  1  0  0  0  0
M  END
> <PUBCHEM_BONDANNOTATIONS>
4  6  8
4  7  8
5  8  8
5  9  8
6  8  8
7  9  8

$$$$
