
  ACD/Labs04281710332D

 12 12  0  0  0  0  0  0  0  0  1 V2000
    3.3229   -6.9082    0.0000 C   0  0  0  0  0  0  0  0  0  0  0  0
    3.9861   -5.7546    0.0000 N   0  0  0  0  0  0  0  0  0  0  0  0
    3.3229   -4.6078    0.0000 C   0  0  0  0  0  0  0  0  0  0  0  0
    3.9861   -3.4541    0.0000 C   0  0  0  0  0  0  0  0  0  0  0  0
    3.3229   -2.3004    0.0000 C   0  0  0  0  0  0  0  0  0  0  0  0
    1.9965   -2.3004    0.0000 C   0  0  0  0  0  0  0  0  0  0  0  0
    1.3264   -3.4541    0.0000 C   0  0  0  0  0  0  0  0  0  0  0  0
    1.9965   -4.6078    0.0000 C   0  0  0  0  0  0  0  0  0  0  0  0
    1.3264   -1.1537    0.0000 C   0  0  0  0  0  0  0  0  0  0  0  0
    1.9965    0.0000    0.0000 O   0  0  0  0  0  0  0  0  0  0  0  0
    0.0000   -1.1537    0.0000 O   0  0  0  0  0  0  0  0  0  0  0  0
    5.3193   -5.7546    0.0000 C   0  0  0  0  0  0  0  0  0  0  0  0
  1  2  1  0  0  0  0
  2  3  1  0  0  0  0
  2 12  1  0  0  0  0
  3  4  1  0  0  0  0
  3  8  2  0  0  0  0
  4  5  2  0  0  0  0
  5  6  1  0  0  0  0
  6  7  2  0  0  0  0
  6  9  1  0  0  0  0
  7  8  1  0  0  0  0
  9 10  2  0  0  0  0
  9 11  1  0  0  0  0
M  END
