12092
  Marvin  12300703363D          

 23 23  0  0  0  0            999 V2000
    3.1896    3.0490    0.2821 O   0  0  0  0  0  0  0  0  0  0  0  0
    1.6618    4.0728   -0.6370 O   0  0  0  0  0  0  0  0  0  0  0  0
   -1.1536   -1.5845    0.0357 N   0  0  0  0  0  0  0  0  0  0  0  0
   -0.3687   -0.4977   -0.0887 C   0  0  0  0  0  0  0  0  0  0  0  0
    1.0415   -0.5931   -0.1358 C   0  0  0  0  0  0  0  0  0  0  0  0
   -0.9431    0.7923   -0.1461 C   0  0  0  0  0  0  0  0  0  0  0  0
    1.2729    1.8573   -0.1939 C   0  0  0  0  0  0  0  0  0  0  0  0
    1.8463    0.5624   -0.1789 C   0  0  0  0  0  0  0  0  0  0  0  0
   -0.1400    1.9446   -0.2027 C   0  0  0  0  0  0  0  0  0  0  0  0
   -1.0955   -2.3288    1.2337 C   0  0  0  0  0  0  0  0  0  0  0  0
   -2.1435   -1.8690   -0.9284 C   0  0  0  0  0  0  0  0  0  0  0  0
    2.0576    3.0064   -0.1892 C   0  0  0  0  0  0  0  0  0  0  0  0
    1.4979   -1.5092   -0.1336 H   0  0  0  0  0  0  0  0  0  0  0  0
   -1.9593    0.9080   -0.1287 H   0  0  0  0  0  0  0  0  0  0  0  0
    2.8623    0.4370   -0.2019 H   0  0  0  0  0  0  0  0  0  0  0  0
   -0.6139    2.8515   -0.2291 H   0  0  0  0  0  0  0  0  0  0  0  0
   -0.0756   -2.5144    1.5792 H   0  0  0  0  0  0  0  0  0  0  0  0
   -1.5643   -3.3135    1.1654 H   0  0  0  0  0  0  0  0  0  0  0  0
   -1.6191   -1.7792    2.0197 H   0  0  0  0  0  0  0  0  0  0  0  0
   -2.3545   -2.9372   -1.0207 H   0  0  0  0  0  0  0  0  0  0  0  0
   -1.8703   -1.5323   -1.9323 H   0  0  0  0  0  0  0  0  0  0  0  0
   -3.0761   -1.3727   -0.6488 H   0  0  0  0  0  0  0  0  0  0  0  0
    3.5477    2.3504    0.6801 H   0  0  0  0  0  0  0  0  0  0  0  0
  1 12  1  0  0  0  0
  1 23  1  0  0  0  0
  2 12  2  0  0  0  0
  3  4  1  0  0  0  0
  3 10  1  0  0  0  0
  3 11  1  0  0  0  0
  4  5  2  0  0  0  0
  4  6  1  0  0  0  0
  5  8  1  0  0  0  0
  5 13  1  0  0  0  0
  6  9  2  0  0  0  0
  6 14  1  0  0  0  0
  7  8  2  0  0  0  0
  7  9  1  0  0  0  0
  7 12  1  0  0  0  0
  8 15  1  0  0  0  0
  9 16  1  0  0  0  0
 10 17  1  0  0  0  0
 10 18  1  0  0  0  0
 10 19  1  0  0  0  0
 11 20  1  0  0  0  0
 11 21  1  0  0  0  0
 11 22  1  0  0  0  0
M  END
> <PUBCHEM_BONDANNOTATIONS>
4  5  8
4  6  8
5  8  8
6  9  8
7  8  8
7  9  8

$$$$
