
  ACD/Labs04281710392D

 11 11  0  0  0  0  0  0  0  0  1 V2000
    5.9814   -4.6057    0.0000 C   0  0  0  0  0  0  0  0  0  0  0  0
    5.3175   -3.4573    0.0000 C   0  0  0  0  0  0  0  0  0  0  0  0
    5.9814   -2.3029    0.0000 O   0  0  0  0  0  0  0  0  0  0  0  0
    3.9896   -3.4573    0.0000 N   0  0  0  0  0  0  0  0  0  0  0  0
    3.3257   -2.3029    0.0000 C   0  0  0  0  0  0  0  0  0  0  0  0
    3.9896   -1.1544    0.0000 C   0  0  0  0  0  0  0  0  0  0  0  0
    3.3257    0.0000    0.0000 C   0  0  0  0  0  0  0  0  0  0  0  0
    1.9918    0.0000    0.0000 C   0  0  0  0  0  0  0  0  0  0  0  0
    1.3279   -1.1544    0.0000 C   0  0  0  0  0  0  0  0  0  0  0  0
    0.0000   -1.1544    0.0000 O   0  0  0  0  0  0  0  0  0  0  0  0
    1.9918   -2.3029    0.0000 C   0  0  0  0  0  0  0  0  0  0  0  0
  1  2  1  0  0  0  0
  2  3  2  0  0  0  0
  2  4  1  0  0  0  0
  4  5  1  0  0  0  0
  5  6  2  0  0  0  0
  5 11  1  0  0  0  0
  6  7  1  0  0  0  0
  7  8  2  0  0  0  0
  8  9  1  0  0  0  0
  9 10  1  0  0  0  0
  9 11  2  0  0  0  0
M  END
