12136
  Marvin  12300703363D          

 20 20  0  0  0  0            999 V2000
   -1.1687   -1.1746    0.7564 O   0  0  0  0  0  0  0  0  0  0  0  0
   -2.5686   -2.0679    2.0569 O   0  0  0  0  0  0  0  0  0  0  0  0
   -2.0499   -3.1823    0.2989 N   0  0  0  0  0  0  0  0  0  0  0  0
    0.3634    0.3228   -0.2266 C   0  0  0  0  0  0  0  0  0  0  0  0
   -0.3639   -0.9681   -0.2974 C   0  0  0  0  0  0  0  0  0  0  0  0
    1.7784    0.3661   -0.2086 C   0  0  0  0  0  0  0  0  0  0  0  0
   -0.3431    1.5494   -0.2146 C   0  0  0  0  0  0  0  0  0  0  0  0
    2.4672    1.5928   -0.2025 C   0  0  0  0  0  0  0  0  0  0  0  0
    0.3425    2.7792   -0.2073 C   0  0  0  0  0  0  0  0  0  0  0  0
    1.7481    2.8001   -0.2063 C   0  0  0  0  0  0  0  0  0  0  0  0
   -1.9171   -2.1303    1.0266 C   0  0  0  0  0  0  0  0  0  0  0  0
   -0.9546   -0.9657   -1.2182 H   0  0  0  0  0  0  0  0  0  0  0  0
    0.3351   -1.8075   -0.3698 H   0  0  0  0  0  0  0  0  0  0  0  0
    2.3281   -0.4967   -0.2088 H   0  0  0  0  0  0  0  0  0  0  0  0
   -1.3664    1.5596   -0.2204 H   0  0  0  0  0  0  0  0  0  0  0  0
    3.4902    1.6055   -0.2001 H   0  0  0  0  0  0  0  0  0  0  0  0
   -0.1800    3.6588   -0.2075 H   0  0  0  0  0  0  0  0  0  0  0  0
    2.2486    3.6925   -0.2093 H   0  0  0  0  0  0  0  0  0  0  0  0
   -2.6248   -3.8735    0.5563 H   0  0  0  0  0  0  0  0  0  0  0  0
   -1.5645   -3.2600   -0.4976 H   0  0  0  0  0  0  0  0  0  0  0  0
  1  5  1  0  0  0  0
  1 11  1  0  0  0  0
  2 11  2  0  0  0  0
  3 11  1  0  0  0  0
  3 19  1  0  0  0  0
  3 20  1  0  0  0  0
  4  5  1  0  0  0  0
  4  6  2  0  0  0  0
  4  7  1  0  0  0  0
  5 12  1  0  0  0  0
  5 13  1  0  0  0  0
  6  8  1  0  0  0  0
  6 14  1  0  0  0  0
  7  9  2  0  0  0  0
  7 15  1  0  0  0  0
  8 10  2  0  0  0  0
  8 16  1  0  0  0  0
  9 10  1  0  0  0  0
  9 17  1  0  0  0  0
 10 18  1  0  0  0  0
M  END
> <PUBCHEM_BONDANNOTATIONS>
4  6  8
4  7  8
6  8  8
7  9  8
8  10  8
9  10  8

$$$$
