12273
  Marvin  12300703363D          

 13 13  0  0  0  0            999 V2000
    1.3482   -1.7540   -0.7400 O   0  0  0  0  0  0  0  0  0  0  0  0
   -2.7403    0.0253   -0.1950 O   0  0  0  0  0  0  0  0  0  0  0  0
    1.1208    0.2037    0.2324 N   0  0  0  0  0  0  0  0  0  0  0  0
    0.6031   -0.8596   -0.3540 C   0  0  0  0  0  0  0  0  0  0  0  0
   -0.7354   -0.9444   -0.5257 C   0  0  0  0  0  0  0  0  0  0  0  0
   -1.5228    0.0939   -0.0891 C   0  0  0  0  0  0  0  0  0  0  0  0
    0.3951    1.2291    0.6306 C   0  0  0  0  0  0  0  0  0  0  0  0
   -0.9456    1.2064    0.4734 C   0  0  0  0  0  0  0  0  0  0  0  0
   -1.1415   -1.7415   -0.9625 H   0  0  0  0  0  0  0  0  0  0  0  0
    2.0458    0.2328    0.3718 H   0  0  0  0  0  0  0  0  0  0  0  0
    0.8459    2.0117    1.0433 H   0  0  0  0  0  0  0  0  0  0  0  0
   -1.4947    1.9837    0.7631 H   0  0  0  0  0  0  0  0  0  0  0  0
    2.2214   -1.6873   -0.6483 H   0  0  0  0  0  0  0  0  0  0  0  0
  1  4  1  0  0  0  0
  1 13  1  0  0  0  0
  2  6  2  0  0  0  0
  3  4  1  0  0  0  0
  3  7  1  0  0  0  0
  3 10  1  0  0  0  0
  4  5  2  0  0  0  0
  5  6  1  0  0  0  0
  5  9  1  0  0  0  0
  6  8  1  0  0  0  0
  7  8  2  0  0  0  0
  7 11  1  0  0  0  0
  8 12  1  0  0  0  0
M  END
> <PUBCHEM_BONDANNOTATIONS>
3  4  8
3  7  8
4  5  8
5  6  8
6  8  8
7  8  8

$$$$
