
  CDK  04291007012D          

 12 12  0  0  0  0            999 V2000
    1.9967    3.5893    0.0000 C   0  0  0  0  0  0  0  0  0  0  0  0
    1.2822    3.1768    0.0000 C   0  0  0  0  0  0  0  0  0  0  0  0
    1.2822    2.3518    0.0000 O   0  0  0  0  0  0  0  0  0  0  0  0
    0.5678    1.9393    0.0000 C   0  0  0  0  0  0  0  0  0  0  0  0
   -0.1467    2.3518    0.0000 O   0  0  0  0  0  0  0  0  0  0  0  0
    0.5678    1.1143    0.0000 C   0  0  0  0  0  0  0  0  0  0  0  0
    1.2352    0.6294    0.0000 C   0  0  0  0  0  0  0  0  0  0  0  0
    2.0198    0.8843    0.0000 C   0  0  0  0  0  0  0  0  0  0  0  0
    0.9803   -0.1553    0.0000 C   0  0  0  0  0  0  0  0  0  0  0  0
    0.1553   -0.1553    0.0000 C   0  0  0  0  0  0  0  0  0  0  0  0
   -0.3297   -0.8227    0.0000 C   0  0  0  0  0  0  0  0  0  0  0  0
   -0.0997    0.6294    0.0000 N   0  0  0  0  0  0  0  0  0  0  0  0
  1  2  1  0  0  0  0
  2  3  1  0  0  0  0
  3  4  1  0  0  0  0
  4  5  2  0  0  0  0
  4  6  1  0  0  0  0
  6  7  2  0  0  0  0
  7  8  1  0  0  0  0
  7  9  1  0  0  0  0
  9 10  2  0  0  0  0
 10 11  1  0  0  0  0
 10 12  1  0  0  0  0
  6 12  1  0  0  0  0
M  END
