137477
  Marvin  01010811133D          

 25 25  0  0  0  0            999 V2000
    0.5658   -1.7541    0.1747 O   0  0  0  0  0  0  0  0  0  0  0  0
    1.8944   -0.7449   -1.1813 O   0  0  0  0  0  0  0  0  0  0  0  0
   -1.2569    0.3904   -0.4175 N   0  0  0  0  0  0  0  0  0  0  0  0
    0.5287    1.7057   -0.4419 C   0  0  0  0  0  0  0  0  0  0  0  0
    0.0904    0.3741   -0.4626 C   0  0  0  0  0  0  0  0  0  0  0  0
   -1.7225    1.6516   -0.4116 C   0  0  0  0  0  0  0  0  0  0  0  0
   -0.6167    2.4944   -0.4221 C   0  0  0  0  0  0  0  0  0  0  0  0
    1.9018    2.2505   -0.4075 C   0  0  0  0  0  0  0  0  0  0  0  0
    0.8751   -0.7574   -0.5000 C   0  0  0  0  0  0  0  0  0  0  0  0
   -3.1376    2.0542   -0.4008 C   0  0  0  0  0  0  0  0  0  0  0  0
    1.3651   -2.7062    0.6846 C   0  0  0  0  0  0  0  0  0  0  0  0
    0.5654   -3.8750    1.2830 C   0  0  0  0  0  0  0  0  0  0  0  0
   -0.6403    3.5168   -0.4089 H   0  0  0  0  0  0  0  0  0  0  0  0
   -1.8197   -0.4000   -0.4054 H   0  0  0  0  0  0  0  0  0  0  0  0
    2.0846    2.8482   -1.3008 H   0  0  0  0  0  0  0  0  0  0  0  0
    2.0228    2.8799    0.4751 H   0  0  0  0  0  0  0  0  0  0  0  0
    2.6700    1.4804   -0.3525 H   0  0  0  0  0  0  0  0  0  0  0  0
   -3.6307    1.6603    0.4884 H   0  0  0  0  0  0  0  0  0  0  0  0
   -3.6365    1.6624   -1.2880 H   0  0  0  0  0  0  0  0  0  0  0  0
   -3.2459    3.1410   -0.4009 H   0  0  0  0  0  0  0  0  0  0  0  0
    1.9711   -2.2564    1.4776 H   0  0  0  0  0  0  0  0  0  0  0  0
    2.0451   -3.1162   -0.0689 H   0  0  0  0  0  0  0  0  0  0  0  0
    1.2517   -4.5935    1.7365 H   0  0  0  0  0  0  0  0  0  0  0  0
   -0.1252   -3.5221    2.0506 H   0  0  0  0  0  0  0  0  0  0  0  0
    0.0001   -4.3841    0.5005 H   0  0  0  0  0  0  0  0  0  0  0  0
  1  9  1  0  0  0  0
  1 11  1  0  0  0  0
  2  9  2  0  0  0  0
  3  5  1  0  0  0  0
  3  6  1  0  0  0  0
  3 14  1  0  0  0  0
  4  5  2  0  0  0  0
  4  7  1  0  0  0  0
  4  8  1  0  0  0  0
  5  9  1  0  0  0  0
  6  7  2  0  0  0  0
  6 10  1  0  0  0  0
  7 13  1  0  0  0  0
  8 15  1  0  0  0  0
  8 16  1  0  0  0  0
  8 17  1  0  0  0  0
 10 18  1  0  0  0  0
 10 19  1  0  0  0  0
 10 20  1  0  0  0  0
 11 12  1  0  0  0  0
 11 21  1  0  0  0  0
 11 22  1  0  0  0  0
 12 23  1  0  0  0  0
 12 24  1  0  0  0  0
 12 25  1  0  0  0  0
M  END
> <PUBCHEM_BONDANNOTATIONS>
3  5  8
3  6  8
4  5  8
4  7  8
6  7  8

$$$$
