
  ACD/Labs02211713352D

 10 10  0  0  0  0  0  0  0  0  1 V2000
    5.7577   -3.9901    0.0000 C   0  0  0  0  0  0  0  0  0  0  0  0
    4.6062   -3.3280    0.0000 C   0  0  0  0  0  0  0  0  0  0  0  0
    3.4546   -3.9901    0.0000 N   0  0  0  0  0  0  0  0  0  0  0  0
    2.3031   -3.3280    0.0000 C   0  0  0  0  0  0  0  0  0  0  0  0
    2.3031   -1.9979    0.0000 C   0  0  0  0  0  0  0  0  0  0  0  0
    3.4546   -1.3300    0.0000 C   0  0  0  0  0  0  0  0  0  0  0  0
    4.6062   -1.9979    0.0000 C   0  0  0  0  0  0  0  0  0  0  0  0
    1.1515   -1.3300    0.0000 C   0  0  0  0  0  0  0  0  0  0  0  0
    0.0000   -1.9979    0.0000 O   0  0  0  0  0  0  0  0  0  0  0  0
    1.1515    0.0000    0.0000 O   0  0  0  0  0  0  0  0  0  0  0  0
  1  2  1  0  0  0  0
  2  3  2  0  0  0  0
  2  7  1  0  0  0  0
  3  4  1  0  0  0  0
  4  5  2  0  0  0  0
  5  6  1  0  0  0  0
  5  8  1  0  0  0  0
  6  7  2  0  0  0  0
  8  9  1  0  0  0  0
  8 10  2  0  0  0  0
M  END
