137860
  Marvin  01010811133D          

 17 17  0  0  0  0            999 V2000
   -2.5278    2.4461   -0.4516 O   0  0  0  0  0  0  0  0  0  0  0  0
   -0.9688    3.3887    0.5191 O   0  0  0  0  0  0  0  0  0  0  0  0
   -0.6135   -1.2444    0.0509 N   0  0  0  0  0  0  0  0  0  0  0  0
    0.7447   -1.2780    0.0559 C   0  0  0  0  0  0  0  0  0  0  0  0
   -0.6942    1.1632    0.0577 C   0  0  0  0  0  0  0  0  0  0  0  0
    1.4450   -0.0545    0.0639 C   0  0  0  0  0  0  0  0  0  0  0  0
    0.7214    1.1516    0.0707 C   0  0  0  0  0  0  0  0  0  0  0  0
   -1.3380   -0.0976    0.0499 C   0  0  0  0  0  0  0  0  0  0  0  0
    1.4175   -2.5896    0.0529 C   0  0  0  0  0  0  0  0  0  0  0  0
   -1.4117    2.3519    0.0462 C   0  0  0  0  0  0  0  0  0  0  0  0
    2.4672   -0.0305    0.0623 H   0  0  0  0  0  0  0  0  0  0  0  0
    1.2537    2.0259    0.0722 H   0  0  0  0  0  0  0  0  0  0  0  0
   -2.3570   -0.1839    0.0519 H   0  0  0  0  0  0  0  0  0  0  0  0
    1.1266   -3.1522   -0.8354 H   0  0  0  0  0  0  0  0  0  0  0  0
    1.1267   -3.1544    0.9399 H   0  0  0  0  0  0  0  0  0  0  0  0
    2.5059   -2.5016    0.0530 H   0  0  0  0  0  0  0  0  0  0  0  0
   -2.8978    1.7593   -0.8595 H   0  0  0  0  0  0  0  0  0  0  0  0
  1 10  1  0  0  0  0
  1 17  1  0  0  0  0
  2 10  2  0  0  0  0
  3  4  2  0  0  0  0
  3  8  1  0  0  0  0
  4  6  1  0  0  0  0
  4  9  1  0  0  0  0
  5  7  1  0  0  0  0
  5  8  2  0  0  0  0
  5 10  1  0  0  0  0
  6  7  2  0  0  0  0
  6 11  1  0  0  0  0
  7 12  1  0  0  0  0
  8 13  1  0  0  0  0
  9 14  1  0  0  0  0
  9 15  1  0  0  0  0
  9 16  1  0  0  0  0
M  END
> <PUBCHEM_BONDANNOTATIONS>
3  4  8
3  8  8
4  6  8
5  7  8
5  8  8
6  7  8

$$$$
