125
  Marvin  12300703363D          

 17 17  0  0  0  0            999 V2000
   -0.8628   -2.6219    1.1029 O   0  0  0  0  0  0  0  0  0  0  0  0
    1.6077    2.9328   -0.0838 O   0  0  0  0  0  0  0  0  0  0  0  0
   -0.4715   -0.5974   -0.0834 C   0  0  0  0  0  0  0  0  0  0  0  0
    0.9425   -0.5886   -0.0911 C   0  0  0  0  0  0  0  0  0  0  0  0
   -1.1507    0.6434   -0.0844 C   0  0  0  0  0  0  0  0  0  0  0  0
   -1.1989   -1.8879   -0.0699 C   0  0  0  0  0  0  0  0  0  0  0  0
    1.6598    0.6225   -0.0893 C   0  0  0  0  0  0  0  0  0  0  0  0
   -0.4378    1.8574   -0.0855 C   0  0  0  0  0  0  0  0  0  0  0  0
    0.9706    1.8499   -0.0862 C   0  0  0  0  0  0  0  0  0  0  0  0
    1.4685   -1.4660   -0.0945 H   0  0  0  0  0  0  0  0  0  0  0  0
   -2.1736    0.6777   -0.0826 H   0  0  0  0  0  0  0  0  0  0  0  0
   -0.9280   -2.4758   -0.9494 H   0  0  0  0  0  0  0  0  0  0  0  0
   -2.2841   -1.7644   -0.0793 H   0  0  0  0  0  0  0  0  0  0  0  0
    2.6824    0.6013   -0.0892 H   0  0  0  0  0  0  0  0  0  0  0  0
   -0.9510    2.7430   -0.0845 H   0  0  0  0  0  0  0  0  0  0  0  0
   -1.3619   -3.4623    1.0339 H   0  0  0  0  0  0  0  0  0  0  0  0
    2.4890    2.9361   -0.0838 H   0  0  0  0  0  0  0  0  0  0  0  0
  1  6  1  0  0  0  0
  1 16  1  0  0  0  0
  2  9  1  0  0  0  0
  2 17  1  0  0  0  0
  3  4  2  0  0  0  0
  3  5  1  0  0  0  0
  3  6  1  0  0  0  0
  4  7  1  0  0  0  0
  4 10  1  0  0  0  0
  5  8  2  0  0  0  0
  5 11  1  0  0  0  0
  6 12  1  0  0  0  0
  6 13  1  0  0  0  0
  7  9  2  0  0  0  0
  7 14  1  0  0  0  0
  8  9  1  0  0  0  0
  8 15  1  0  0  0  0
M  END
> <PUBCHEM_BONDANNOTATIONS>
3  4  8
3  5  8
4  7  8
5  8  8
7  9  8
8  9  8

$$$$
