13041
  Marvin  12300703363D          

 13 13  0  0  0  0            999 V2000
    1.4428   -2.1099    0.0000 F   0  0  0  0  0  0  0  0  0  0  0  0
   -2.6552    0.2259   -0.0000 F   0  0  0  0  0  0  0  0  0  0  0  0
    1.4142    2.5918    0.0000 F   0  0  0  0  0  0  0  0  0  0  0  0
   -1.3040    2.5820   -0.0000 F   0  0  0  0  0  0  0  0  0  0  0  0
    2.7825    0.2437   -0.0000 F   0  0  0  0  0  0  0  0  0  0  0  0
   -1.2549   -2.0862   -0.0000 O   0  0  0  0  0  0  0  0  0  0  0  0
   -0.6347   -0.9923   -0.0000 C   0  0  0  0  0  0  0  0  0  0  0  0
    0.7767   -0.9839   -0.0000 C   0  0  0  0  0  0  0  0  0  0  0  0
   -1.3466    0.2269    0.0000 C   0  0  0  0  0  0  0  0  0  0  0  0
   -0.6472    1.4512   -0.0000 C   0  0  0  0  0  0  0  0  0  0  0  0
    1.4748    0.2406    0.0000 C   0  0  0  0  0  0  0  0  0  0  0  0
    0.7640    1.4577    0.0000 C   0  0  0  0  0  0  0  0  0  0  0  0
   -0.8124   -2.8477    0.0000 H   0  0  0  0  0  0  0  0  0  0  0  0
  1  8  1  0  0  0  0
  2  9  1  0  0  0  0
  3 12  1  0  0  0  0
  4 10  1  0  0  0  0
  5 11  1  0  0  0  0
  6  7  1  0  0  0  0
  6 13  1  0  0  0  0
  7  8  2  0  0  0  0
  7  9  1  0  0  0  0
  8 11  1  0  0  0  0
  9 10  2  0  0  0  0
 10 12  1  0  0  0  0
 11 12  2  0  0  0  0
M  END
> <PUBCHEM_BONDANNOTATIONS>
10  12  8
11  12  8
7  8  8
7  9  8
8  11  8
9  10  8

$$$$
