127
  Marvin  12300703363D          

 19 19  0  0  0  0            999 V2000
    1.8338    3.2313   -0.2661 O   0  0  0  0  0  0  0  0  0  0  0  0
   -1.8474   -3.1118    1.3178 O   0  0  0  0  0  0  0  0  0  0  0  0
   -0.8973   -1.4645    2.1342 O   0  0  0  0  0  0  0  0  0  0  0  0
   -0.2321   -0.3099   -0.2988 C   0  0  0  0  0  0  0  0  0  0  0  0
   -0.9796   -1.5961   -0.2244 C   0  0  0  0  0  0  0  0  0  0  0  0
    1.1824   -0.2971   -0.3054 C   0  0  0  0  0  0  0  0  0  0  0  0
   -0.9129    0.9304   -0.3047 C   0  0  0  0  0  0  0  0  0  0  0  0
    1.8967    0.9151   -0.2943 C   0  0  0  0  0  0  0  0  0  0  0  0
   -0.2027    2.1460   -0.2936 C   0  0  0  0  0  0  0  0  0  0  0  0
    1.2055    2.1426   -0.2851 C   0  0  0  0  0  0  0  0  0  0  0  0
   -1.2451   -2.0631    1.1251 C   0  0  0  0  0  0  0  0  0  0  0  0
   -0.4286   -2.3782   -0.7549 H   0  0  0  0  0  0  0  0  0  0  0  0
   -1.9330   -1.5068   -0.7532 H   0  0  0  0  0  0  0  0  0  0  0  0
    1.7095   -1.1740   -0.3062 H   0  0  0  0  0  0  0  0  0  0  0  0
   -1.9357    0.9619   -0.3054 H   0  0  0  0  0  0  0  0  0  0  0  0
    2.9194    0.8969   -0.2860 H   0  0  0  0  0  0  0  0  0  0  0  0
   -0.7179    3.0300   -0.2845 H   0  0  0  0  0  0  0  0  0  0  0  0
    2.7150    3.2485   -0.2581 H   0  0  0  0  0  0  0  0  0  0  0  0
   -2.1300   -3.6012    0.6434 H   0  0  0  0  0  0  0  0  0  0  0  0
  1 10  1  0  0  0  0
  1 18  1  0  0  0  0
  2 11  1  0  0  0  0
  2 19  1  0  0  0  0
  3 11  2  0  0  0  0
  4  5  1  0  0  0  0
  4  6  2  0  0  0  0
  4  7  1  0  0  0  0
  5 11  1  0  0  0  0
  5 12  1  0  0  0  0
  5 13  1  0  0  0  0
  6  8  1  0  0  0  0
  6 14  1  0  0  0  0
  7  9  2  0  0  0  0
  7 15  1  0  0  0  0
  8 10  2  0  0  0  0
  8 16  1  0  0  0  0
  9 10  1  0  0  0  0
  9 17  1  0  0  0  0
M  END
> <PUBCHEM_BONDANNOTATIONS>
4  6  8
4  7  8
6  8  8
7  9  8
8  10  8
9  10  8

$$$$
