
  ACD/Labs03221914022D

 11 11  0  0  0  0  0  0  0  0  1 V2000
    4.5924   -0.0138    0.0000 C   0  0  0  0  0  0  0  0  0  0  0  0
    5.7318   -0.6561    0.0000 C   0  0  0  0  0  0  0  0  0  0  0  0
    5.7525   -2.0234    0.0000 C   0  0  0  0  0  0  0  0  0  0  0  0
    4.5993   -2.6864    0.0000 C   0  0  0  0  0  0  0  0  0  0  0  0
    3.4322   -1.9820    0.0000 C   0  0  0  0  0  0  0  0  0  0  0  0
    3.4460   -0.6768    0.0000 C   0  0  0  0  0  0  0  0  0  0  0  0
    2.2996   -0.0138    0.0000 C   0  0  0  0  0  0  0  0  0  0  0  0
    1.1464   -0.6699    0.0000 C   0  0  0  0  0  0  0  0  0  0  0  0
    1.1395   -1.9958    0.0000 O   0  0  0  0  0  0  0  0  0  0  0  0
    0.0000    0.0000    0.0000 O   0  0  0  0  0  0  0  0  0  0  0  0
    6.9058   -2.6795    0.0000 O   0  0  0  0  0  0  0  0  0  0  0  0
  1  2  2  0  0  0  0
  1  6  1  0  0  0  0
  2  3  1  0  0  0  0
  3  4  2  0  0  0  0
  3 11  1  0  0  0  0
  4  5  1  0  0  0  0
  5  6  2  0  0  0  0
  6  7  1  0  0  0  0
  7  8  1  0  0  0  0
  8  9  2  0  0  0  0
  8 10  1  0  0  0  0
M  END
