1292
  Marvin  12300703363D          

 19 19  0  0  1  0            999 V2000
   -0.1295   -2.3364   -0.8581 O   0  0  0  0  0  0  0  0  0  0  0  0
   -1.7060   -2.7795    1.4094 O   0  0  0  0  0  0  0  0  0  0  0  0
   -0.7368   -1.1408    2.2087 O   0  0  0  0  0  0  0  0  0  0  0  0
   -0.0700   -0.0061   -0.2115 C   0  0  0  0  0  0  0  0  0  0  0  0
   -0.8120   -1.2974   -0.1529 C   0  0  2  0  0  0  0  0  0  0  0  0
    1.3449    0.0279   -0.1973 C   0  0  0  0  0  0  0  0  0  0  0  0
   -0.7699    1.2249   -0.2122 C   0  0  0  0  0  0  0  0  0  0  0  0
    2.0402    1.2491   -0.1877 C   0  0  0  0  0  0  0  0  0  0  0  0
   -0.0782    2.4498   -0.1966 C   0  0  0  0  0  0  0  0  0  0  0  0
    1.3280    2.4609   -0.1855 C   0  0  0  0  0  0  0  0  0  0  0  0
   -1.0865   -1.7449    1.2023 C   0  0  0  0  0  0  0  0  0  0  0  0
   -1.7689   -1.1914   -0.6734 H   0  0  0  0  0  0  0  0  0  0  0  0
    1.8883   -0.8392   -0.1827 H   0  0  0  0  0  0  0  0  0  0  0  0
   -1.7933    1.2430   -0.2097 H   0  0  0  0  0  0  0  0  0  0  0  0
    3.0631    1.2541   -0.1758 H   0  0  0  0  0  0  0  0  0  0  0  0
   -0.5970    3.3310   -0.1872 H   0  0  0  0  0  0  0  0  0  0  0  0
    1.8328    3.3495   -0.1721 H   0  0  0  0  0  0  0  0  0  0  0  0
    0.0396   -1.9808   -1.7565 H   0  0  0  0  0  0  0  0  0  0  0  0
   -1.9888   -3.2738    0.7391 H   0  0  0  0  0  0  0  0  0  0  0  0
  1  5  1  0  0  0  0
  1 18  1  0  0  0  0
  2 11  1  0  0  0  0
  2 19  1  0  0  0  0
  3 11  2  0  0  0  0
  4  5  1  0  0  0  0
  4  6  2  0  0  0  0
  4  7  1  0  0  0  0
  5 11  1  0  0  0  0
  5 12  1  0  0  0  0
  6  8  1  0  0  0  0
  6 13  1  0  0  0  0
  7  9  2  0  0  0  0
  7 14  1  0  0  0  0
  8 10  2  0  0  0  0
  8 15  1  0  0  0  0
  9 10  1  0  0  0  0
  9 16  1  0  0  0  0
 10 17  1  0  0  0  0
M  END
> <PUBCHEM_BONDANNOTATIONS>
5  1  3
4  6  8
4  7  8
6  8  8
7  9  8
8  10  8
9  10  8

$$$$
