
  ACD/Labs04281711072D

 12 13  0  0  0  0  0  0  0  0  1 V2000
    2.2898   -2.6695    0.0000 N   0  0  0  0  0  0  0  0  0  0  0  0
    3.4347   -2.0079    0.0000 C   0  0  0  0  0  0  0  0  0  0  0  0
    4.5911   -2.6695    0.0000 C   0  0  0  0  0  0  0  0  0  0  0  0
    3.4462   -0.6731    0.0000 C   0  0  0  0  0  0  0  0  0  0  0  0
    1.1449   -2.0079    0.0000 C   0  0  0  0  0  0  0  0  0  0  0  0
    2.2898   -0.0115    0.0000 C   0  0  0  0  0  0  0  0  0  0  0  0
    1.1449   -0.6731    0.0000 C   0  0  0  0  0  0  0  0  0  0  0  0
    4.5911   -3.9928    0.0000 O   0  0  0  0  0  0  0  0  0  0  0  0
    5.7533   -0.6731    0.0000 C   0  0  0  0  0  0  0  0  0  0  0  0
    5.7533   -2.0079    0.0000 C   0  0  0  0  0  0  0  0  0  0  0  0
    4.5969    0.0000    0.0000 C   0  0  0  0  0  0  0  0  0  0  0  0
    0.0000   -2.6695    0.0000 C   0  0  0  0  0  0  0  0  0  0  0  0
  1  2  2  0  0  0  0
  1  5  1  0  0  0  0
  2  3  1  0  0  0  0
  2  4  1  0  0  0  0
  3  8  1  0  0  0  0
  3 10  2  0  0  0  0
  4 11  1  0  0  0  0
  4  6  2  0  0  0  0
  5  7  2  0  0  0  0
  5 12  1  0  0  0  0
  6  7  1  0  0  0  0
  9 11  2  0  0  0  0
  9 10  1  0  0  0  0
M  END
