13224
  Marvin  12300703363D          

 21 22  0  0  0  0            999 V2000
    2.3677   -1.6566   -0.0000 O   0  0  0  0  0  0  0  0  0  0  0  0
    1.0295    0.7853   -0.0000 N   0  0  0  0  0  0  0  0  0  0  0  0
   -1.0317   -0.4321   -0.0000 C   0  0  0  0  0  0  0  0  0  0  0  0
    0.3920   -0.4183    0.0000 C   0  0  0  0  0  0  0  0  0  0  0  0
   -1.7170    0.8019    0.0000 C   0  0  0  0  0  0  0  0  0  0  0  0
    0.4035    1.9942    0.0000 C   0  0  0  0  0  0  0  0  0  0  0  0
    1.1091   -1.6377   -0.0000 C   0  0  0  0  0  0  0  0  0  0  0  0
   -1.7158   -1.6668   -0.0000 C   0  0  0  0  0  0  0  0  0  0  0  0
   -1.0069    2.0151   -0.0000 C   0  0  0  0  0  0  0  0  0  0  0  0
    0.4078   -2.8612   -0.0000 C   0  0  0  0  0  0  0  0  0  0  0  0
   -0.9982   -2.8760    0.0000 C   0  0  0  0  0  0  0  0  0  0  0  0
    1.2186    3.2251    0.0000 C   0  0  0  0  0  0  0  0  0  0  0  0
   -2.7399    0.8340   -0.0000 H   0  0  0  0  0  0  0  0  0  0  0  0
   -2.7385   -1.7019   -0.0000 H   0  0  0  0  0  0  0  0  0  0  0  0
   -1.5231    2.8984   -0.0000 H   0  0  0  0  0  0  0  0  0  0  0  0
    0.9120   -3.7519   -0.0000 H   0  0  0  0  0  0  0  0  0  0  0  0
   -1.5002   -3.7669   -0.0000 H   0  0  0  0  0  0  0  0  0  0  0  0
    1.8532    3.2498    0.8870 H   0  0  0  0  0  0  0  0  0  0  0  0
    1.8532    3.2498   -0.8870 H   0  0  0  0  0  0  0  0  0  0  0  0
    0.6137    4.1348    0.0000 H   0  0  0  0  0  0  0  0  0  0  0  0
    2.8108   -2.4191   -0.0000 H   0  0  0  0  0  0  0  0  0  0  0  0
  1  7  1  0  0  0  0
  1 21  1  0  0  0  0
  2  4  1  0  0  0  0
  2  6  2  0  0  0  0
  3  4  2  0  0  0  0
  3  5  1  0  0  0  0
  3  8  1  0  0  0  0
  4  7  1  0  0  0  0
  5  9  2  0  0  0  0
  5 13  1  0  0  0  0
  6  9  1  0  0  0  0
  6 12  1  0  0  0  0
  7 10  2  0  0  0  0
  8 11  2  0  0  0  0
  8 14  1  0  0  0  0
  9 15  1  0  0  0  0
 10 11  1  0  0  0  0
 10 16  1  0  0  0  0
 11 17  1  0  0  0  0
 12 18  1  0  0  0  0
 12 19  1  0  0  0  0
 12 20  1  0  0  0  0
M  END
> <PUBCHEM_BONDANNOTATIONS>
10  11  8
2  4  8
2  6  8
3  4  8
3  5  8
3  8  8
4  7  8
5  9  8
6  9  8
7  10  8
8  11  8

$$$$
