13401
  Marvin  12300703363D          

 15 15  0  0  0  0            999 V2000
    2.1412    0.5433    0.0684 O   0  0  0  0  0  0  0  0  0  0  0  0
    0.2820   -2.9946   -0.4282 O   0  0  0  0  0  0  0  0  0  0  0  0
    1.9118   -2.1812    0.5448 O   0  0  0  0  0  0  0  0  0  0  0  0
   -1.1733   -0.7183    0.0421 N   0  0  0  0  0  0  0  0  0  0  0  0
    0.1898   -0.7575    0.0590 C   0  0  0  0  0  0  0  0  0  0  0  0
    0.8842    0.4788    0.0731 C   0  0  0  0  0  0  0  0  0  0  0  0
    0.1505    1.6827    0.0704 C   0  0  0  0  0  0  0  0  0  0  0  0
   -1.2545    1.6617    0.0617 C   0  0  0  0  0  0  0  0  0  0  0  0
   -1.9110    0.4207    0.0485 C   0  0  0  0  0  0  0  0  0  0  0  0
    0.8043   -1.9994    0.0605 C   0  0  0  0  0  0  0  0  0  0  0  0
    0.6345    2.5845    0.0717 H   0  0  0  0  0  0  0  0  0  0  0  0
   -1.7882    2.5342    0.0628 H   0  0  0  0  0  0  0  0  0  0  0  0
   -2.9312    0.3680    0.0440 H   0  0  0  0  0  0  0  0  0  0  0  0
    2.5544    1.3202    0.0609 H   0  0  0  0  0  0  0  0  0  0  0  0
   -0.4943   -2.9432   -0.8398 H   0  0  0  0  0  0  0  0  0  0  0  0
  1  6  1  0  0  0  0
  1 14  1  0  0  0  0
  2 10  1  0  0  0  0
  2 15  1  0  0  0  0
  3 10  2  0  0  0  0
  4  5  1  0  0  0  0
  4  9  2  0  0  0  0
  5  6  2  0  0  0  0
  5 10  1  0  0  0  0
  6  7  1  0  0  0  0
  7  8  2  0  0  0  0
  7 11  1  0  0  0  0
  8  9  1  0  0  0  0
  8 12  1  0  0  0  0
  9 13  1  0  0  0  0
M  END
> <PUBCHEM_BONDANNOTATIONS>
4  5  8
4  9  8
5  6  8
6  7  8
7  8  8
8  9  8

$$$$
