13394
  Marvin  12300703363D          

 14 14  0  0  0  0            999 V2000
   -1.5463   -2.0818    0.0000 O   0  0  0  0  0  0  0  0  0  0  0  0
    3.6469    0.2350    0.0000 N   0  0  0  0  0  0  0  0  0  0  0  0
   -0.9210   -0.9918   -0.0000 C   0  0  0  0  0  0  0  0  0  0  0  0
    1.1949    0.2432   -0.0000 C   0  0  0  0  0  0  0  0  0  0  0  0
    0.4891   -0.9808   -0.0000 C   0  0  0  0  0  0  0  0  0  0  0  0
   -1.6300    0.2255   -0.0000 C   0  0  0  0  0  0  0  0  0  0  0  0
    0.4751    1.4588    0.0000 C   0  0  0  0  0  0  0  0  0  0  0  0
   -0.9330    1.4476   -0.0000 C   0  0  0  0  0  0  0  0  0  0  0  0
    2.4978    0.2441   -0.0000 C   0  0  0  0  0  0  0  0  0  0  0  0
    0.9885   -1.8764    0.0000 H   0  0  0  0  0  0  0  0  0  0  0  0
   -2.6533    0.2312    0.0000 H   0  0  0  0  0  0  0  0  0  0  0  0
    0.9545    2.3646   -0.0000 H   0  0  0  0  0  0  0  0  0  0  0  0
   -1.4503    2.3298    0.0000 H   0  0  0  0  0  0  0  0  0  0  0  0
   -1.1129   -2.8492   -0.0000 H   0  0  0  0  0  0  0  0  0  0  0  0
  1  3  1  0  0  0  0
  1 14  1  0  0  0  0
  2  9  3  0  0  0  0
  3  5  1  0  0  0  0
  3  6  2  0  0  0  0
  4  5  2  0  0  0  0
  4  7  1  0  0  0  0
  4  9  1  0  0  0  0
  5 10  1  0  0  0  0
  6  8  1  0  0  0  0
  6 11  1  0  0  0  0
  7  8  2  0  0  0  0
  7 12  1  0  0  0  0
  8 13  1  0  0  0  0
M  END
> <PUBCHEM_BONDANNOTATIONS>
3  5  8
3  6  8
4  5  8
4  7  8
6  8  8
7  8  8

$$$$
