13849
  Marvin  12300703363D          

 47 46  0  0  0  0            999 V2000
   -8.0260    5.9251   -0.0000 O   0  0  0  0  0  0  0  0  0  0  0  0
   -8.2169    3.8546    0.0000 O   0  0  0  0  0  0  0  0  0  0  0  0
    0.2823    0.3544   -0.0000 C   0  0  0  0  0  0  0  0  0  0  0  0
    0.8184   -1.0905    0.0000 C   0  0  0  0  0  0  0  0  0  0  0  0
   -1.2582    0.3857   -0.0000 C   0  0  0  0  0  0  0  0  0  0  0  0
    2.3599   -1.1162    0.0000 C   0  0  0  0  0  0  0  0  0  0  0  0
   -1.7931    1.8320    0.0000 C   0  0  0  0  0  0  0  0  0  0  0  0
    2.9045   -2.5587    0.0000 C   0  0  0  0  0  0  0  0  0  0  0  0
   -3.3349    1.8616   -0.0000 C   0  0  0  0  0  0  0  0  0  0  0  0
    4.4479   -2.5919   -0.0000 C   0  0  0  0  0  0  0  0  0  0  0  0
   -3.8933    3.3005    0.0000 C   0  0  0  0  0  0  0  0  0  0  0  0
    4.9938   -4.0367   -0.0000 C   0  0  0  0  0  0  0  0  0  0  0  0
   -5.4389    3.3134    0.0000 C   0  0  0  0  0  0  0  0  0  0  0  0
    6.5385   -4.0931    0.0000 C   0  0  0  0  0  0  0  0  0  0  0  0
   -6.0345    4.7418   -0.0000 C   0  0  0  0  0  0  0  0  0  0  0  0
    7.0776   -5.5371    0.0000 C   0  0  0  0  0  0  0  0  0  0  0  0
   -7.4809    4.8297    0.0000 C   0  0  0  0  0  0  0  0  0  0  0  0
    0.6545    0.8789    0.8854 H   0  0  0  0  0  0  0  0  0  0  0  0
    0.6545    0.8789   -0.8854 H   0  0  0  0  0  0  0  0  0  0  0  0
    0.4456   -1.6153   -0.8850 H   0  0  0  0  0  0  0  0  0  0  0  0
    0.4456   -1.6153    0.8850 H   0  0  0  0  0  0  0  0  0  0  0  0
   -1.6299   -0.1401   -0.8850 H   0  0  0  0  0  0  0  0  0  0  0  0
   -1.6299   -0.1401    0.8850 H   0  0  0  0  0  0  0  0  0  0  0  0
    2.7291   -0.5891   -0.8851 H   0  0  0  0  0  0  0  0  0  0  0  0
    2.7291   -0.5891    0.8851 H   0  0  0  0  0  0  0  0  0  0  0  0
   -1.4195    2.3558   -0.8850 H   0  0  0  0  0  0  0  0  0  0  0  0
   -1.4195    2.3558    0.8850 H   0  0  0  0  0  0  0  0  0  0  0  0
    2.5298   -3.0825   -0.8846 H   0  0  0  0  0  0  0  0  0  0  0  0
    2.5298   -3.0825    0.8846 H   0  0  0  0  0  0  0  0  0  0  0  0
   -3.7010    1.3317   -0.8847 H   0  0  0  0  0  0  0  0  0  0  0  0
   -3.7010    1.3317    0.8847 H   0  0  0  0  0  0  0  0  0  0  0  0
    4.8172   -2.0641   -0.8844 H   0  0  0  0  0  0  0  0  0  0  0  0
    4.8172   -2.0641    0.8844 H   0  0  0  0  0  0  0  0  0  0  0  0
   -3.5239    3.8285   -0.8842 H   0  0  0  0  0  0  0  0  0  0  0  0
   -3.5239    3.8285    0.8842 H   0  0  0  0  0  0  0  0  0  0  0  0
    4.6143   -4.5579   -0.8840 H   0  0  0  0  0  0  0  0  0  0  0  0
    4.6143   -4.5579    0.8840 H   0  0  0  0  0  0  0  0  0  0  0  0
   -5.7949    2.7764   -0.8846 H   0  0  0  0  0  0  0  0  0  0  0  0
   -5.7949    2.7764    0.8846 H   0  0  0  0  0  0  0  0  0  0  0  0
    6.9212   -3.5740   -0.8832 H   0  0  0  0  0  0  0  0  0  0  0  0
    6.9212   -3.5740    0.8832 H   0  0  0  0  0  0  0  0  0  0  0  0
   -5.6635    5.2698    0.8830 H   0  0  0  0  0  0  0  0  0  0  0  0
   -5.6635    5.2698   -0.8830 H   0  0  0  0  0  0  0  0  0  0  0  0
    8.1681   -5.5262   -0.0000 H   0  0  0  0  0  0  0  0  0  0  0  0
    6.7359   -6.0731    0.8877 H   0  0  0  0  0  0  0  0  0  0  0  0
    6.7359   -6.0731   -0.8877 H   0  0  0  0  0  0  0  0  0  0  0  0
   -7.5444    6.6620    0.0000 H   0  0  0  0  0  0  0  0  0  0  0  0
  1 17  1  0  0  0  0
  1 47  1  0  0  0  0
  2 17  2  0  0  0  0
  3  4  1  0  0  0  0
  3  5  1  0  0  0  0
  3 18  1  0  0  0  0
  3 19  1  0  0  0  0
  4  6  1  0  0  0  0
  4 20  1  0  0  0  0
  4 21  1  0  0  0  0
  5  7  1  0  0  0  0
  5 22  1  0  0  0  0
  5 23  1  0  0  0  0
  6  8  1  0  0  0  0
  6 24  1  0  0  0  0
  6 25  1  0  0  0  0
  7  9  1  0  0  0  0
  7 26  1  0  0  0  0
  7 27  1  0  0  0  0
  8 10  1  0  0  0  0
  8 28  1  0  0  0  0
  8 29  1  0  0  0  0
  9 11  1  0  0  0  0
  9 30  1  0  0  0  0
  9 31  1  0  0  0  0
 10 12  1  0  0  0  0
 10 32  1  0  0  0  0
 10 33  1  0  0  0  0
 11 13  1  0  0  0  0
 11 34  1  0  0  0  0
 11 35  1  0  0  0  0
 12 14  1  0  0  0  0
 12 36  1  0  0  0  0
 12 37  1  0  0  0  0
 13 15  1  0  0  0  0
 13 38  1  0  0  0  0
 13 39  1  0  0  0  0
 14 16  1  0  0  0  0
 14 40  1  0  0  0  0
 14 41  1  0  0  0  0
 15 17  1  0  0  0  0
 15 42  1  0  0  0  0
 15 43  1  0  0  0  0
 16 44  1  0  0  0  0
 16 45  1  0  0  0  0
 16 46  1  0  0  0  0
M  END
$$$$
