
  ACD/Labs02211713302D

 12 12  0  0  0  0  0  0  0  0  1 V2000
    0.0000   -3.4935    0.0000 O   0  0  0  0  0  0  0  0  0  0  0  0
    1.1805   -4.1249    0.0000 C   0  0  0  0  0  0  0  0  0  0  0  0
    1.2286   -5.4633    0.0000 O   0  0  0  0  0  0  0  0  0  0  0  0
    2.3198   -3.4180    0.0000 C   0  0  0  0  0  0  0  0  0  0  0  0
    3.4523   -4.0426    0.0000 C   0  0  0  0  0  0  0  0  0  0  0  0
    4.6054   -3.3905    0.0000 C   0  0  0  0  0  0  0  0  0  0  0  0
    4.5436   -2.0522    0.0000 C   0  0  0  0  0  0  0  0  0  0  0  0
    5.6829   -1.3452    0.0000 C   0  0  0  0  0  0  0  0  0  0  0  0
    6.8634   -1.9767    0.0000 O   0  0  0  0  0  0  0  0  0  0  0  0
    5.6349    0.0000    0.0000 O   0  0  0  0  0  0  0  0  0  0  0  0
    3.4111   -1.4276    0.0000 C   0  0  0  0  0  0  0  0  0  0  0  0
    2.2581   -2.0796    0.0000 C   0  0  0  0  0  0  0  0  0  0  0  0
  1  2  1  0  0  0  0
  2  3  2  0  0  0  0
  2  4  1  0  0  0  0
  4  5  1  0  0  0  0
  4 12  1  0  0  0  0
  5  6  1  0  0  0  0
  6  7  1  0  0  0  0
  7  8  1  0  0  0  0
  7 11  1  0  0  0  0
  8  9  1  0  0  0  0
  8 10  2  0  0  0  0
 11 12  1  0  0  0  0
M  END
