156391
  Marvin  01010813343D          

 31 32  0  0  1  0            999 V2000
    1.7569   -4.1903   -0.0628 O   0  0  0  0  0  0  0  0  0  0  0  0
   -2.3480    3.2053   -2.2135 O   0  0  0  0  0  0  0  0  0  0  0  0
   -3.4522    2.9458   -0.4833 O   0  0  0  0  0  0  0  0  0  0  0  0
   -1.1191    3.1002   -0.2038 C   0  0  2  0  0  0  0  0  0  0  0  0
   -0.3584    1.8090   -0.2583 C   0  0  0  0  0  0  0  0  0  0  0  0
   -0.3087   -0.6645   -0.2826 C   0  0  0  0  0  0  0  0  0  0  0  0
    1.1136   -0.6479   -0.3003 C   0  0  0  0  0  0  0  0  0  0  0  0
   -1.0162    0.5555   -0.2370 C   0  0  0  0  0  0  0  0  0  0  0  0
    1.0560    1.7984   -0.2906 C   0  0  0  0  0  0  0  0  0  0  0  0
    1.7847    0.5952   -0.3091 C   0  0  0  0  0  0  0  0  0  0  0  0
   -1.2907    3.5527    1.2733 C   0  0  0  0  0  0  0  0  0  0  0  0
   -0.9939   -1.9002   -0.3007 C   0  0  0  0  0  0  0  0  0  0  0  0
    1.8184   -1.8730   -0.2813 C   0  0  0  0  0  0  0  0  0  0  0  0
    1.1261   -3.1004   -0.2152 C   0  0  0  0  0  0  0  0  0  0  0  0
   -2.3501    3.0977   -0.9911 C   0  0  0  0  0  0  0  0  0  0  0  0
   -0.2808   -3.1091   -0.2745 C   0  0  0  0  0  0  0  0  0  0  0  0
    2.0721   -4.7333    1.1198 C   0  0  0  0  0  0  0  0  0  0  0  0
   -0.5099    3.8929   -0.6527 H   0  0  0  0  0  0  0  0  0  0  0  0
   -2.0373    0.5279   -0.1809 H   0  0  0  0  0  0  0  0  0  0  0  0
    1.5801    2.6781   -0.2865 H   0  0  0  0  0  0  0  0  0  0  0  0
    2.8077    0.6384   -0.3189 H   0  0  0  0  0  0  0  0  0  0  0  0
   -0.3192    3.6862    1.7558 H   0  0  0  0  0  0  0  0  0  0  0  0
   -1.8121    4.5112    1.3302 H   0  0  0  0  0  0  0  0  0  0  0  0
   -1.8590    2.8226    1.8540 H   0  0  0  0  0  0  0  0  0  0  0  0
   -2.0166   -1.9355   -0.3210 H   0  0  0  0  0  0  0  0  0  0  0  0
    2.8427   -1.8839   -0.2916 H   0  0  0  0  0  0  0  0  0  0  0  0
   -0.7942   -3.9948   -0.2788 H   0  0  0  0  0  0  0  0  0  0  0  0
   -1.5998    3.3144   -2.6636 H   0  0  0  0  0  0  0  0  0  0  0  0
    2.6076   -5.6671    0.9507 H   0  0  0  0  0  0  0  0  0  0  0  0
    2.7197   -4.0728    1.7025 H   0  0  0  0  0  0  0  0  0  0  0  0
    1.1807   -4.9590    1.7116 H   0  0  0  0  0  0  0  0  0  0  0  0
  1 14  1  0  0  0  0
  1 17  1  0  0  0  0
  2 15  1  0  0  0  0
  2 28  1  0  0  0  0
  3 15  2  0  0  0  0
  4  5  1  0  0  0  0
  4 11  1  0  0  0  0
  4 15  1  0  0  0  0
  4 18  1  0  0  0  0
  5  8  2  0  0  0  0
  5  9  1  0  0  0  0
  6  7  2  0  0  0  0
  6  8  1  0  0  0  0
  6 12  1  0  0  0  0
  7 10  1  0  0  0  0
  7 13  1  0  0  0  0
  8 19  1  0  0  0  0
  9 10  2  0  0  0  0
  9 20  1  0  0  0  0
 10 21  1  0  0  0  0
 11 22  1  0  0  0  0
 11 23  1  0  0  0  0
 11 24  1  0  0  0  0
 12 16  2  0  0  0  0
 12 25  1  0  0  0  0
 13 14  2  0  0  0  0
 13 26  1  0  0  0  0
 14 16  1  0  0  0  0
 16 27  1  0  0  0  0
 17 29  1  0  0  0  0
 17 30  1  0  0  0  0
 17 31  1  0  0  0  0
M  END
> <PUBCHEM_BONDANNOTATIONS>
12  16  8
13  14  8
14  16  8
4  11  6
5  8  8
5  9  8
6  12  8
6  7  8
6  8  8
7  10  8
7  13  8
9  10  8

$$$$
