
  ACD/Labs04281710322D

  8  8  0  0  0  0  0  0  0  0  1 V2000
    1.1428    0.0000    0.0000 O   0  0  0  0  0  0  0  0  0  0  0  0
    1.1428   -1.3226    0.0000 C   0  0  0  0  0  0  0  0  0  0  0  0
    2.3015   -1.9859    0.0000 C   0  0  0  0  0  0  0  0  0  0  0  0
    0.0000   -1.9859    0.0000 C   0  0  0  0  0  0  0  0  0  0  0  0
    2.3015   -3.3204    0.0000 C   0  0  0  0  0  0  0  0  0  0  0  0
    0.0000   -3.3204    0.0000 C   0  0  0  0  0  0  0  0  0  0  0  0
    1.1428   -3.9957    0.0000 C   0  0  0  0  0  0  0  0  0  0  0  0
    3.4443   -1.3186    0.0000 C   0  0  0  0  0  0  0  0  0  0  0  0
  1  2  1  0  0  0  0
  2  3  1  0  0  0  0
  2  4  2  0  0  0  0
  3  5  2  0  0  0  0
  3  8  1  0  0  0  0
  4  6  1  0  0  0  0
  5  7  1  0  0  0  0
  6  7  2  0  0  0  0
M  END
