
  Marvin  01010815293D          

  6  6  0  0  0  0            999 V2000
   -1.4009   -0.5940   -0.0000 C   0  0  0  0  0  0  0  0  0  0  0  0
   -0.1415   -1.4951    0.0000 C   0  0  0  0  0  0  0  0  0  0  0  0
    1.1614   -0.8638   -0.0000 O   0  0  0  0  0  0  0  0  0  0  0  0
    1.3913    0.5655    0.0000 C   0  0  0  0  0  0  0  0  0  0  0  0
    0.1659    1.5126   -0.0000 C   0  0  0  0  0  0  0  0  0  0  0  0
   -1.1762    0.8749    0.0000 N   0  0  0  0  0  0  0  0  0  0  0  0
  1  2  1  0  0  0  0
  1  6  1  0  0  0  0
  2  3  1  0  0  0  0
  3  4  1  0  0  0  0
  4  5  1  0  0  0  0
  5  6  1  0  0  0  0
M  END
$$$$
