
  ACD/Labs04281710402D

  9  9  0  0  0  0  0  0  0  0  1 V2000
    3.9901   -3.4554    0.0000 O   0  0  0  0  0  0  0  0  0  0  0  0
    3.3237   -2.3023    0.0000 C   0  0  0  0  0  0  0  0  0  0  0  0
    3.9901   -1.1531    0.0000 C   0  0  0  0  0  0  0  0  0  0  0  0
    3.3237    0.0000    0.0000 C   0  0  0  0  0  0  0  0  0  0  0  0
    1.9950    0.0000    0.0000 C   0  0  0  0  0  0  0  0  0  0  0  0
    1.3287   -1.1531    0.0000 C   0  0  0  0  0  0  0  0  0  0  0  0
    0.0000   -1.1531    0.0000 O   0  0  0  0  0  0  0  0  0  0  0  0
    1.9950   -2.3023    0.0000 C   0  0  0  0  0  0  0  0  0  0  0  0
    1.3287   -3.4554    0.0000 O   0  0  0  0  0  0  0  0  0  0  0  0
  1  2  1  0  0  0  0
  2  3  2  0  0  0  0
  2  8  1  0  0  0  0
  3  4  1  0  0  0  0
  4  5  2  0  0  0  0
  5  6  1  0  0  0  0
  6  7  1  0  0  0  0
  6  8  2  0  0  0  0
  8  9  1  0  0  0  0
M  END
