
  Marvin  01010815293D          

  9  9  0  0  0  0            999 V2000
   -1.0045   -1.7399    0.0000 C   0  0  0  0  0  0  0  0  0  0  0  0
    0.4147   -1.7374   -0.0000 C   0  0  0  0  0  0  0  0  0  0  0  0
    1.1277   -0.5103    0.0000 C   0  0  0  0  0  0  0  0  0  0  0  0
    0.4192    0.7261    0.0000 C   0  0  0  0  0  0  0  0  0  0  0  0
   -1.0058    0.7215    0.0000 C   0  0  0  0  0  0  0  0  0  0  0  0
   -1.7119   -0.5096   -0.0000 C   0  0  0  0  0  0  0  0  0  0  0  0
   -1.6677    1.7864   -0.0000 O   0  0  0  0  0  0  0  0  0  0  0  0
    1.0474    1.8142    0.0000 O   0  0  0  0  0  0  0  0  0  0  0  0
    2.3809   -0.5510   -0.0000 O   0  0  0  0  0  0  0  0  0  0  0  0
  1  2  1  0  0  0  0
  1  6  2  0  0  0  0
  2  3  2  0  0  0  0
  3  4  1  0  0  0  0
  3  9  1  0  0  0  0
  4  5  2  0  0  0  0
  4  8  1  0  0  0  0
  5  6  1  0  0  0  0
  5  7  1  0  0  0  0
M  END
$$$$
