
  ACD/Labs04281711072D

  8  8  0  0  0  0  0  0  0  0  1 V2000
    0.0000   -0.0138    0.0000 Cl  0  0  0  0  0  0  0  0  0  0  0  0
    1.1510   -0.6722    0.0000 C   0  0  0  0  0  0  0  0  0  0  0  0
    1.1510   -2.0073    0.0000 C   0  0  0  0  0  0  0  0  0  0  0  0
    2.3020   -2.6657    0.0000 C   0  0  0  0  0  0  0  0  0  0  0  0
    3.4530   -2.0073    0.0000 C   0  0  0  0  0  0  0  0  0  0  0  0
    3.4530   -0.6722    0.0000 C   0  0  0  0  0  0  0  0  0  0  0  0
    4.6040   -0.0138    0.0000 O   0  0  0  0  0  0  0  0  0  0  0  0
    2.3020    0.0000    0.0000 C   0  0  0  0  0  0  0  0  0  0  0  0
  1  2  1  0  0  0  0
  2  3  1  0  0  0  0
  2  8  2  0  0  0  0
  3  4  2  0  0  0  0
  4  5  1  0  0  0  0
  5  6  2  0  0  0  0
  6  7  1  0  0  0  0
  6  8  1  0  0  0  0
M  END
