
  Marvin  01010816123D          

  8  8  0  0  0  0            999 V2000
   -0.7659   -1.2664    0.0000 C   0  0  0  0  0  0  0  0  0  0  0  0
    0.6571   -1.2666   -0.0000 C   0  0  0  0  0  0  0  0  0  0  0  0
    1.3185   -0.0000    0.0000 C   0  0  0  0  0  0  0  0  0  0  0  0
    0.6571    1.2666   -0.0000 C   0  0  0  0  0  0  0  0  0  0  0  0
   -0.7659    1.2664    0.0000 C   0  0  0  0  0  0  0  0  0  0  0  0
   -1.4280   -0.0000   -0.0000 C   0  0  0  0  0  0  0  0  0  0  0  0
   -2.6786    0.0000    0.0000 O   0  0  0  0  0  0  0  0  0  0  0  0
    3.0057    0.0000    0.0000 Cl  0  0  0  0  0  0  0  0  0  0  0  0
  1  2  1  0  0  0  0
  1  6  2  0  0  0  0
  2  3  2  0  0  0  0
  3  4  1  0  0  0  0
  3  8  1  0  0  0  0
  4  5  2  0  0  0  0
  5  6  1  0  0  0  0
  6  7  1  0  0  0  0
M  END
$$$$
