
  ACD/Labs04281711362D

 11 11  0  0  0  0  0  0  0  0  1 V2000
    0.0000    0.0000    0.0000 O   0  0  0  0  0  0  0  0  0  0  0  0
    1.1539   -0.6633    0.0000 C   0  0  0  0  0  0  0  0  0  0  0  0
    1.1539   -1.9968    0.0000 O   0  0  0  0  0  0  0  0  0  0  0  0
    2.3008    0.0000    0.0000 C   0  0  0  0  0  0  0  0  0  0  0  0
    3.4547   -0.6633    0.0000 C   0  0  0  0  0  0  0  0  0  0  0  0
    3.4547   -1.9968    0.0000 C   0  0  0  0  0  0  0  0  0  0  0  0
    4.6086   -2.6601    0.0000 C   0  0  0  0  0  0  0  0  0  0  0  0
    5.7555   -1.9968    0.0000 C   0  0  0  0  0  0  0  0  0  0  0  0
    6.9094   -2.6601    0.0000 N   0  0  0  0  0  0  0  0  0  0  0  0
    5.7555   -0.6633    0.0000 C   0  0  0  0  0  0  0  0  0  0  0  0
    4.6086    0.0000    0.0000 C   0  0  0  0  0  0  0  0  0  0  0  0
  1  2  1  0  0  0  0
  2  3  2  0  0  0  0
  2  4  1  0  0  0  0
  4  5  1  0  0  0  0
  5  6  2  0  0  0  0
  5 11  1  0  0  0  0
  6  7  1  0  0  0  0
  7  8  2  0  0  0  0
  8  9  1  0  0  0  0
  8 10  1  0  0  0  0
 10 11  2  0  0  0  0
M  END
