14533
  Marvin  12300703363D          

 20 20  0  0  0  0            999 V2000
   -1.9421   -3.3092    1.2775 O   0  0  0  0  0  0  0  0  0  0  0  0
   -0.9929   -1.6670    2.0994 O   0  0  0  0  0  0  0  0  0  0  0  0
    1.8175    3.0471   -0.1204 N   0  0  0  0  0  0  0  0  0  0  0  0
   -0.3135   -0.5119   -0.3264 C   0  0  0  0  0  0  0  0  0  0  0  0
   -1.0708   -1.7902   -0.2614 C   0  0  0  0  0  0  0  0  0  0  0  0
    1.1013   -0.5107   -0.3508 C   0  0  0  0  0  0  0  0  0  0  0  0
   -0.9858    0.7331   -0.2983 C   0  0  0  0  0  0  0  0  0  0  0  0
    1.1417    1.9258   -0.2238 C   0  0  0  0  0  0  0  0  0  0  0  0
    1.8242    0.6961   -0.3032 C   0  0  0  0  0  0  0  0  0  0  0  0
   -0.2670    1.9410   -0.2408 C   0  0  0  0  0  0  0  0  0  0  0  0
   -1.3390   -2.2611    1.0872 C   0  0  0  0  0  0  0  0  0  0  0  0
   -2.0238   -1.6865   -0.7881 H   0  0  0  0  0  0  0  0  0  0  0  0
   -0.5260   -2.5737   -0.7959 H   0  0  0  0  0  0  0  0  0  0  0  0
    1.6212   -1.3904   -0.3854 H   0  0  0  0  0  0  0  0  0  0  0  0
   -2.0083    0.7708   -0.3028 H   0  0  0  0  0  0  0  0  0  0  0  0
    2.8468    0.6645   -0.3101 H   0  0  0  0  0  0  0  0  0  0  0  0
   -0.7804    2.8261   -0.2045 H   0  0  0  0  0  0  0  0  0  0  0  0
    2.7491    3.0435   -0.1993 H   0  0  0  0  0  0  0  0  0  0  0  0
    1.3712    3.8521    0.0441 H   0  0  0  0  0  0  0  0  0  0  0  0
   -2.2236   -3.7992    0.6031 H   0  0  0  0  0  0  0  0  0  0  0  0
  1 11  1  0  0  0  0
  1 20  1  0  0  0  0
  2 11  2  0  0  0  0
  3  8  1  0  0  0  0
  3 18  1  0  0  0  0
  3 19  1  0  0  0  0
  4  5  1  0  0  0  0
  4  6  2  0  0  0  0
  4  7  1  0  0  0  0
  5 11  1  0  0  0  0
  5 12  1  0  0  0  0
  5 13  1  0  0  0  0
  6  9  1  0  0  0  0
  6 14  1  0  0  0  0
  7 10  2  0  0  0  0
  7 15  1  0  0  0  0
  8  9  2  0  0  0  0
  8 10  1  0  0  0  0
  9 16  1  0  0  0  0
 10 17  1  0  0  0  0
M  END
> <PUBCHEM_BONDANNOTATIONS>
4  6  8
4  7  8
6  9  8
7  10  8
8  10  8
8  9  8

$$$$
