15109
  Marvin  12300703363D          

 23 23  0  0  0  0            999 V2000
    1.8880   -1.3046   -0.2586 O   0  0  0  0  0  0  0  0  0  0  0  0
   -2.1928    1.0319    0.1724 O   0  0  0  0  0  0  0  0  0  0  0  0
   -0.5123   -2.5307    0.4846 O   0  0  0  0  0  0  0  0  0  0  0  0
   -2.0402   -1.6288   -0.5475 O   0  0  0  0  0  0  0  0  0  0  0  0
   -0.2424   -0.2933   -0.0376 C   0  0  0  0  0  0  0  0  0  0  0  0
    1.1802   -0.2601   -0.1130 C   0  0  0  0  0  0  0  0  0  0  0  0
   -0.9327    0.9507    0.0319 C   0  0  0  0  0  0  0  0  0  0  0  0
    1.8780    0.9664   -0.0673 C   0  0  0  0  0  0  0  0  0  0  0  0
   -0.2290    2.1731   -0.0171 C   0  0  0  0  0  0  0  0  0  0  0  0
    1.1741    2.1800   -0.0420 C   0  0  0  0  0  0  0  0  0  0  0  0
   -0.9386   -1.5031   -0.0331 C   0  0  0  0  0  0  0  0  0  0  0  0
    2.1579   -1.9147   -1.4192 C   0  0  0  0  0  0  0  0  0  0  0  0
   -2.8573    0.9731    1.3324 C   0  0  0  0  0  0  0  0  0  0  0  0
    2.9011    0.9865   -0.0737 H   0  0  0  0  0  0  0  0  0  0  0  0
   -0.7302    3.0652   -0.0144 H   0  0  0  0  0  0  0  0  0  0  0  0
    1.6818    3.0676   -0.0425 H   0  0  0  0  0  0  0  0  0  0  0  0
    2.7257   -2.8202   -1.2113 H   0  0  0  0  0  0  0  0  0  0  0  0
    2.7615   -1.2741   -2.0667 H   0  0  0  0  0  0  0  0  0  0  0  0
    1.2500   -2.2019   -1.9556 H   0  0  0  0  0  0  0  0  0  0  0  0
   -3.9251    1.0060    1.1220 H   0  0  0  0  0  0  0  0  0  0  0  0
   -2.6079    1.8248    1.9701 H   0  0  0  0  0  0  0  0  0  0  0  0
   -2.6493    0.0502    1.8800 H   0  0  0  0  0  0  0  0  0  0  0  0
    0.2595   -2.5439    0.9066 H   0  0  0  0  0  0  0  0  0  0  0  0
  1  6  1  0  0  0  0
  1 12  1  0  0  0  0
  2  7  1  0  0  0  0
  2 13  1  0  0  0  0
  3 11  1  0  0  0  0
  3 23  1  0  0  0  0
  4 11  2  0  0  0  0
  5  6  2  0  0  0  0
  5  7  1  0  0  0  0
  5 11  1  0  0  0  0
  6  8  1  0  0  0  0
  7  9  2  0  0  0  0
  8 10  2  0  0  0  0
  8 14  1  0  0  0  0
  9 10  1  0  0  0  0
  9 15  1  0  0  0  0
 10 16  1  0  0  0  0
 12 17  1  0  0  0  0
 12 18  1  0  0  0  0
 12 19  1  0  0  0  0
 13 20  1  0  0  0  0
 13 21  1  0  0  0  0
 13 22  1  0  0  0  0
M  END
> <PUBCHEM_BONDANNOTATIONS>
5  6  8
5  7  8
6  8  8
7  9  8
8  10  8
9  10  8

$$$$
