MolHeader
  ELEMENTL05091707512D
Dotmatics Elemental
 13 13  0  0  0  0            999 V2000
   -6.6206    3.7419    0.0000 C   0  0  0  0  0
   -7.7724    3.0769    0.0000 C   0  0  0  0  0
   -7.7724    1.7469    0.0000 C   0  0  0  0  0
   -6.6206    1.0819    0.0000 C   0  0  0  0  0
   -5.4688    1.7469    0.0000 C   0  0  0  0  0
   -5.4688    3.0769    0.0000 C   0  0  0  0  0
   -6.6206    5.0719    0.0000 O   0  0  0  0  0
   -5.4688    5.7369    0.0000 C   0  0  0  0  0
   -4.3170    3.7419    0.0000 C   0  0  0  0  0
   -3.1651    3.0769    0.0000 O   0  0  0  0  0
   -4.3170    5.0719    0.0000 O   0  0  0  0  0
   -4.3170    1.0819    0.0000 O   0  0  0  0  0
   -3.1651    1.7469    0.0000 C   0  0  0  0  0
  1  2  2  0  0  0
  2  3  1  0  0  0
  3  4  2  0  0  0
  4  5  1  0  0  0
  5  6  2  0  0  0
  6  1  1  0  0  0
  1  7  1  0  0  0
  7  8  1  0  0  0
  6  9  1  0  0  0
  9 10  1  0  0  0
  9 11  2  0  0  0
  5 12  1  0  0  0
 12 13  1  0  0  0
M  END
