1491
  Marvin  12300703363D          

 17 17  0  0  0  0            999 V2000
    1.5082   -1.8010   -0.0565 O   0  0  0  0  0  0  0  0  0  0  0  0
    1.4553    2.7790   -0.0525 O   0  0  0  0  0  0  0  0  0  0  0  0
   -2.4442   -2.0580    0.4553 O   0  0  0  0  0  0  0  0  0  0  0  0
   -0.9110   -2.9950   -0.5456 O   0  0  0  0  0  0  0  0  0  0  0  0
   -0.6049   -0.7711   -0.0581 C   0  0  0  0  0  0  0  0  0  0  0  0
    0.8165   -0.7480   -0.0655 C   0  0  0  0  0  0  0  0  0  0  0  0
   -1.2839    0.4744   -0.0525 C   0  0  0  0  0  0  0  0  0  0  0  0
    1.5179    0.4748   -0.0621 C   0  0  0  0  0  0  0  0  0  0  0  0
    0.8209    1.6959   -0.0558 C   0  0  0  0  0  0  0  0  0  0  0  0
   -0.5848    1.6954   -0.0522 C   0  0  0  0  0  0  0  0  0  0  0  0
   -1.3321   -1.9594   -0.0523 C   0  0  0  0  0  0  0  0  0  0  0  0
   -2.3071    0.5216   -0.0571 H   0  0  0  0  0  0  0  0  0  0  0  0
    2.5421    0.4805   -0.0605 H   0  0  0  0  0  0  0  0  0  0  0  0
   -1.1051    2.5768   -0.0503 H   0  0  0  0  0  0  0  0  0  0  0  0
    2.3882   -1.7665   -0.0502 H   0  0  0  0  0  0  0  0  0  0  0  0
    2.3361    2.7745   -0.0537 H   0  0  0  0  0  0  0  0  0  0  0  0
   -2.8119   -1.3737    0.8694 H   0  0  0  0  0  0  0  0  0  0  0  0
  1  6  1  0  0  0  0
  1 15  1  0  0  0  0
  2  9  1  0  0  0  0
  2 16  1  0  0  0  0
  3 11  1  0  0  0  0
  3 17  1  0  0  0  0
  4 11  2  0  0  0  0
  5  6  2  0  0  0  0
  5  7  1  0  0  0  0
  5 11  1  0  0  0  0
  6  8  1  0  0  0  0
  7 10  2  0  0  0  0
  7 12  1  0  0  0  0
  8  9  2  0  0  0  0
  8 13  1  0  0  0  0
  9 10  1  0  0  0  0
 10 14  1  0  0  0  0
M  END
> <PUBCHEM_BONDANNOTATIONS>
5  6  8
5  7  8
6  8  8
7  10  8
8  9  8
9  10  8

$$$$
