
  ACD/Labs04281711452D

 11 11  0  0  0  0  0  0  0  0  1 V2000
    1.9924   -5.7584    0.0000 O   0  0  0  0  0  0  0  0  0  0  0  0
    2.6604   -4.6067    0.0000 C   0  0  0  0  0  0  0  0  0  0  0  0
    3.9906   -4.6067    0.0000 O   0  0  0  0  0  0  0  0  0  0  0  0
    1.9924   -3.4550    0.0000 C   0  0  0  0  0  0  0  0  0  0  0  0
    2.6604   -2.3034    0.0000 C   0  0  0  0  0  0  0  0  0  0  0  0
    1.9924   -1.1517    0.0000 C   0  0  0  0  0  0  0  0  0  0  0  0
    0.6622   -1.1517    0.0000 C   0  0  0  0  0  0  0  0  0  0  0  0
    0.0000    0.0000    0.0000 O   0  0  0  0  0  0  0  0  0  0  0  0
    0.0000   -2.3034    0.0000 C   0  0  0  0  0  0  0  0  0  0  0  0
    0.6622   -3.4550    0.0000 C   0  0  0  0  0  0  0  0  0  0  0  0
    0.0000   -4.6067    0.0000 O   0  0  0  0  0  0  0  0  0  0  0  0
  1  2  1  0  0  0  0
  2  3  2  0  0  0  0
  2  4  1  0  0  0  0
  4  5  1  0  0  0  0
  4 10  2  0  0  0  0
  5  6  2  0  0  0  0
  6  7  1  0  0  0  0
  7  8  1  0  0  0  0
  7  9  2  0  0  0  0
  9 10  1  0  0  0  0
 10 11  1  0  0  0  0
M  END
