15531
  Marvin  12300703363D          

 14 14  0  0  0  0            999 V2000
    1.6470   -2.7733   -0.0000 Br  0  0  0  0  0  0  0  0  0  0  0  0
   -3.3214    0.0539   -0.0000 Br  0  0  0  0  0  0  0  0  0  0  0  0
   -1.3723   -2.2885   -0.0000 O   0  0  0  0  0  0  0  0  0  0  0  0
    1.8807    3.3802   -0.0000 N   0  0  0  0  0  0  0  0  0  0  0  0
   -0.7473   -1.1992    0.0000 C   0  0  0  0  0  0  0  0  0  0  0  0
    0.6539    1.2576   -0.0000 C   0  0  0  0  0  0  0  0  0  0  0  0
    0.6634   -1.1900    0.0000 C   0  0  0  0  0  0  0  0  0  0  0  0
   -1.4580    0.0198    0.0000 C   0  0  0  0  0  0  0  0  0  0  0  0
    1.3585    0.0343   -0.0000 C   0  0  0  0  0  0  0  0  0  0  0  0
   -0.7580    1.2425    0.0000 C   0  0  0  0  0  0  0  0  0  0  0  0
    1.3041    2.3874    0.0000 C   0  0  0  0  0  0  0  0  0  0  0  0
    2.3829    0.0145   -0.0000 H   0  0  0  0  0  0  0  0  0  0  0  0
   -1.2939    2.1161   -0.0000 H   0  0  0  0  0  0  0  0  0  0  0  0
   -0.9397   -3.0553    0.0000 H   0  0  0  0  0  0  0  0  0  0  0  0
  1  7  1  0  0  0  0
  2  8  1  0  0  0  0
  3  5  1  0  0  0  0
  3 14  1  0  0  0  0
  4 11  3  0  0  0  0
  5  7  2  0  0  0  0
  5  8  1  0  0  0  0
  6  9  2  0  0  0  0
  6 10  1  0  0  0  0
  6 11  1  0  0  0  0
  7  9  1  0  0  0  0
  8 10  2  0  0  0  0
  9 12  1  0  0  0  0
 10 13  1  0  0  0  0
M  END
> <PUBCHEM_BONDANNOTATIONS>
5  7  8
5  8  8
6  10  8
6  9  8
7  9  8
8  10  8

$$$$
