
  ACD/Labs04281710392D

 11 11  0  0  0  0  0  0  0  0  1 V2000
    4.6528   -5.7584    0.0000 N   0  0  0  0  0  0  0  0  0  0  0  0
    3.9906   -4.6067    0.0000 C   0  0  0  0  0  0  0  0  0  0  0  0
    3.3226   -3.4550    0.0000 C   0  0  0  0  0  0  0  0  0  0  0  0
    3.9906   -2.3034    0.0000 C   0  0  0  0  0  0  0  0  0  0  0  0
    3.3226   -1.1517    0.0000 C   0  0  0  0  0  0  0  0  0  0  0  0
    3.9906    0.0000    0.0000 Br  0  0  0  0  0  0  0  0  0  0  0  0
    1.9924   -1.1517    0.0000 C   0  0  0  0  0  0  0  0  0  0  0  0
    1.3302    0.0000    0.0000 O   0  0  0  0  0  0  0  0  0  0  0  0
    1.3302   -2.3034    0.0000 C   0  0  0  0  0  0  0  0  0  0  0  0
    0.0000   -2.3034    0.0000 Br  0  0  0  0  0  0  0  0  0  0  0  0
    1.9924   -3.4550    0.0000 C   0  0  0  0  0  0  0  0  0  0  0  0
  1  2  3  0  0  0  0
  2  3  1  0  0  0  0
  3  4  2  0  0  0  0
  3 11  1  0  0  0  0
  4  5  1  0  0  0  0
  5  6  1  0  0  0  0
  5  7  2  0  0  0  0
  7  8  1  0  0  0  0
  7  9  1  0  0  0  0
  9 10  1  0  0  0  0
  9 11  2  0  0  0  0
M  END
