
  ACD/Labs04281710572D

 10 10  0  0  0  0  0  0  0  0  1 V2000
    3.9902   -4.6076    0.0000 O   0  0  0  0  0  0  0  0  0  0  0  0
    2.6586   -4.6076    0.0000 C   0  0  0  0  0  0  0  0  0  0  0  0
    1.9951   -3.4557    0.0000 C   0  0  0  0  0  0  0  0  0  0  0  0
    2.6586   -2.3038    0.0000 C   0  0  0  0  0  0  0  0  0  0  0  0
    1.9951   -1.1519    0.0000 C   0  0  0  0  0  0  0  0  0  0  0  0
    0.6635   -1.1519    0.0000 C   0  0  0  0  0  0  0  0  0  0  0  0
    0.0000    0.0000    0.0000 Cl  0  0  0  0  0  0  0  0  0  0  0  0
    0.0000   -2.3038    0.0000 C   0  0  0  0  0  0  0  0  0  0  0  0
    0.6635   -3.4557    0.0000 C   0  0  0  0  0  0  0  0  0  0  0  0
    0.0000   -4.6076    0.0000 Cl  0  0  0  0  0  0  0  0  0  0  0  0
  1  2  1  0  0  0  0
  2  3  1  0  0  0  0
  3  4  1  0  0  0  0
  3  9  2  0  0  0  0
  4  5  2  0  0  0  0
  5  6  1  0  0  0  0
  6  7  1  0  0  0  0
  6  8  2  0  0  0  0
  8  9  1  0  0  0  0
  9 10  1  0  0  0  0
M  END
