15684
  Marvin  12300703363D          

 16 16  0  0  0  0            999 V2000
    2.1723   -1.8452   -0.0881 Cl  0  0  0  0  0  0  0  0  0  0  0  0
    2.0062    3.4654   -0.0887 Cl  0  0  0  0  0  0  0  0  0  0  0  0
   -1.8248   -1.7949    1.0952 O   0  0  0  0  0  0  0  0  0  0  0  0
   -0.2243   -0.4845   -0.0896 C   0  0  0  0  0  0  0  0  0  0  0  0
   -1.0256   -1.7345   -0.0813 C   0  0  0  0  0  0  0  0  0  0  0  0
    1.1963   -0.4554   -0.0900 C   0  0  0  0  0  0  0  0  0  0  0  0
   -0.9213    0.7488   -0.0945 C   0  0  0  0  0  0  0  0  0  0  0  0
    1.8803    0.7779   -0.0902 C   0  0  0  0  0  0  0  0  0  0  0  0
   -0.2354    1.9765   -0.0925 C   0  0  0  0  0  0  0  0  0  0  0  0
    1.1705    1.9931   -0.0905 C   0  0  0  0  0  0  0  0  0  0  0  0
   -1.6682   -1.7699   -0.9636 H   0  0  0  0  0  0  0  0  0  0  0  0
   -0.4265   -2.6445   -0.0939 H   0  0  0  0  0  0  0  0  0  0  0  0
   -1.9453    0.7728   -0.0967 H   0  0  0  0  0  0  0  0  0  0  0  0
    2.9036    0.7989   -0.0894 H   0  0  0  0  0  0  0  0  0  0  0  0
   -0.7669    2.8509   -0.0918 H   0  0  0  0  0  0  0  0  0  0  0  0
   -2.2907   -2.6554    1.0454 H   0  0  0  0  0  0  0  0  0  0  0  0
  1  6  1  0  0  0  0
  2 10  1  0  0  0  0
  3  5  1  0  0  0  0
  3 16  1  0  0  0  0
  4  5  1  0  0  0  0
  4  6  2  0  0  0  0
  4  7  1  0  0  0  0
  5 11  1  0  0  0  0
  5 12  1  0  0  0  0
  6  8  1  0  0  0  0
  7  9  2  0  0  0  0
  7 13  1  0  0  0  0
  8 10  2  0  0  0  0
  8 14  1  0  0  0  0
  9 10  1  0  0  0  0
  9 15  1  0  0  0  0
M  END
> <PUBCHEM_BONDANNOTATIONS>
4  6  8
4  7  8
6  8  8
7  9  8
8  10  8
9  10  8

$$$$
