16358
  Marvin  12300703363D          

 19 20  0  0  0  0            999 V2000
    0.0401    3.1327    0.4366 O   0  0  0  0  0  0  0  0  0  0  0  0
    2.5105    1.9615    0.6078 O   0  0  0  0  0  0  0  0  0  0  0  0
    1.3705    0.0435    0.2934 N   0  0  0  0  0  0  0  0  0  0  0  0
    0.0998   -0.2350    0.0265 C   0  0  0  0  0  0  0  0  0  0  0  0
   -0.6186    0.9655    0.0296 C   0  0  0  0  0  0  0  0  0  0  0  0
    0.2806    1.9398    0.3167 C   0  0  0  0  0  0  0  0  0  0  0  0
    1.4733    1.3384    0.4233 C   0  0  0  0  0  0  0  0  0  0  0  0
   -0.5742   -1.4428   -0.2634 C   0  0  0  0  0  0  0  0  0  0  0  0
   -1.9973    1.0106   -0.2520 C   0  0  0  0  0  0  0  0  0  0  0  0
    2.4401   -0.8629    0.3920 C   0  0  0  0  0  0  0  0  0  0  0  0
   -1.9493   -1.4143   -0.5763 C   0  0  0  0  0  0  0  0  0  0  0  0
   -2.6555   -0.1933   -0.5720 C   0  0  0  0  0  0  0  0  0  0  0  0
   -0.0823   -2.3366   -0.2631 H   0  0  0  0  0  0  0  0  0  0  0  0
   -2.5098    1.8953   -0.2378 H   0  0  0  0  0  0  0  0  0  0  0  0
    3.1077   -0.7355   -0.4626 H   0  0  0  0  0  0  0  0  0  0  0  0
    3.0128   -0.6930    1.3067 H   0  0  0  0  0  0  0  0  0  0  0  0
    2.1359   -1.9101    0.4130 H   0  0  0  0  0  0  0  0  0  0  0  0
   -2.4342   -2.2822   -0.8119 H   0  0  0  0  0  0  0  0  0  0  0  0
   -3.6502   -0.1818   -0.8065 H   0  0  0  0  0  0  0  0  0  0  0  0
  1  6  2  0  0  0  0
  2  7  2  0  0  0  0
  3  4  1  0  0  0  0
  3  7  1  0  0  0  0
  3 10  1  0  0  0  0
  4  5  1  0  0  0  0
  4  8  2  0  0  0  0
  5  6  1  0  0  0  0
  5  9  2  0  0  0  0
  6  7  1  0  0  0  0
  8 11  1  0  0  0  0
  8 13  1  0  0  0  0
  9 12  1  0  0  0  0
  9 14  1  0  0  0  0
 10 15  1  0  0  0  0
 10 16  1  0  0  0  0
 10 17  1  0  0  0  0
 11 12  2  0  0  0  0
 11 18  1  0  0  0  0
 12 19  1  0  0  0  0
M  END
> <PUBCHEM_BONDANNOTATIONS>
11  12  8
4  5  8
4  8  8
5  9  8
8  11  8
9  12  8

$$$$
