
  ACD/Labs06251410092D

 12 13  0  0  0  0  0  0  0  0  1 V2000
    2.6103   -4.5955    0.0000 C   0  0  0  0  0  0  0  0  0  0  0  0
    2.8834   -3.2930    0.0000 N   0  0  0  0  0  0  0  0  0  0  0  0
    4.1018   -2.7521    0.0000 C   0  0  0  0  0  0  0  0  0  0  0  0
    5.2520   -3.4191    0.0000 O   0  0  0  0  0  0  0  0  0  0  0  0
    3.9600   -1.4338    0.0000 C   0  0  0  0  0  0  0  0  0  0  0  0
    4.9474   -0.5410    0.0000 O   0  0  0  0  0  0  0  0  0  0  0  0
    2.6575   -1.1554    0.0000 C   0  0  0  0  0  0  0  0  0  0  0  0
    1.9958    0.0000    0.0000 C   0  0  0  0  0  0  0  0  0  0  0  0
    0.6670    0.0000    0.0000 C   0  0  0  0  0  0  0  0  0  0  0  0
    0.0000   -1.1554    0.0000 C   0  0  0  0  0  0  0  0  0  0  0  0
    0.6670   -2.3056    0.0000 C   0  0  0  0  0  0  0  0  0  0  0  0
    1.9958   -2.3056    0.0000 C   0  0  0  0  0  0  0  0  0  0  0  0
  1  2  1  0  0  0  0
  2  3  1  0  0  0  0
  2 12  1  0  0  0  0
  3  4  2  0  0  0  0
  3  5  1  0  0  0  0
  5  6  2  0  0  0  0
  5  7  1  0  0  0  0
  7  8  1  0  0  0  0
  7 12  2  0  0  0  0
  8  9  2  0  0  0  0
  9 10  1  0  0  0  0
 10 11  2  0  0  0  0
 11 12  1  0  0  0  0
M  END
