181649
  Marvin  01010819303D          

 14 15  0  0  0  0            999 V2000
    2.6512   -1.2840    0.0000 O   0  0  0  0  0  0  0  0  0  0  0  0
    1.9061   -0.3416   -0.0000 N   0  0  0  0  0  0  0  0  0  0  0  0
   -0.3337   -1.3984   -0.0000 N   0  0  0  0  0  0  0  0  0  0  0  0
    1.2632    1.7060   -0.0000 N   0  0  0  0  0  0  0  0  0  0  0  0
    2.2809    0.8999    0.0000 N   0  0  0  0  0  0  0  0  0  0  0  0
    0.5691   -0.3847    0.0000 C   0  0  0  0  0  0  0  0  0  0  0  0
    0.1601    0.9458    0.0000 C   0  0  0  0  0  0  0  0  0  0  0  0
   -1.2105    1.2549   -0.0000 C   0  0  0  0  0  0  0  0  0  0  0  0
   -2.1400    0.1936    0.0000 C   0  0  0  0  0  0  0  0  0  0  0  0
   -1.6703   -1.1386   -0.0000 C   0  0  0  0  0  0  0  0  0  0  0  0
   -1.5241    2.2271   -0.0000 H   0  0  0  0  0  0  0  0  0  0  0  0
   -3.1434    0.3875    0.0000 H   0  0  0  0  0  0  0  0  0  0  0  0
   -2.3295   -1.9184    0.0000 H   0  0  0  0  0  0  0  0  0  0  0  0
    3.5209   -1.1492    0.0000 H   0  0  0  0  0  0  0  0  0  0  0  0
  1  2  1  0  0  0  0
  1 14  1  0  0  0  0
  2  5  1  0  0  0  0
  2  6  1  0  0  0  0
  3  6  1  0  0  0  0
  3 10  2  0  0  0  0
  4  5  2  0  0  0  0
  4  7  1  0  0  0  0
  6  7  2  0  0  0  0
  7  8  1  0  0  0  0
  8  9  2  0  0  0  0
  8 11  1  0  0  0  0
  9 10  1  0  0  0  0
  9 12  1  0  0  0  0
 10 13  1  0  0  0  0
M  END
> <PUBCHEM_BONDANNOTATIONS>
2  5  8
2  6  8
3  10  8
3  6  8
4  5  8
4  7  8
6  7  8
7  8  8
8  9  8
9  10  8

$$$$
