17124
  Marvin  12300703363D          

 18 18  0  0  0  0            999 V2000
    2.3158   -1.4748   -0.2881 Cl  0  0  0  0  0  0  0  0  0  0  0  0
   -1.7206   -2.9043    1.3011 O   0  0  0  0  0  0  0  0  0  0  0  0
   -0.7629   -1.2626    2.1174 O   0  0  0  0  0  0  0  0  0  0  0  0
   -0.0682   -0.1076   -0.3127 C   0  0  0  0  0  0  0  0  0  0  0  0
   -0.8643   -1.3714   -0.2390 C   0  0  0  0  0  0  0  0  0  0  0  0
    1.3540   -0.0766   -0.3100 C   0  0  0  0  0  0  0  0  0  0  0  0
   -0.7591    1.1294   -0.3275 C   0  0  0  0  0  0  0  0  0  0  0  0
    2.0435    1.1554   -0.3066 C   0  0  0  0  0  0  0  0  0  0  0  0
   -0.0703    2.3555   -0.3127 C   0  0  0  0  0  0  0  0  0  0  0  0
    1.3337    2.3683   -0.3000 C   0  0  0  0  0  0  0  0  0  0  0  0
   -1.1170   -1.8553    1.1076 C   0  0  0  0  0  0  0  0  0  0  0  0
   -1.8350   -1.2436   -0.7277 H   0  0  0  0  0  0  0  0  0  0  0  0
   -0.3736   -2.1622   -0.8115 H   0  0  0  0  0  0  0  0  0  0  0  0
   -1.7816    1.1579   -0.3346 H   0  0  0  0  0  0  0  0  0  0  0  0
    3.0663    1.1926   -0.3000 H   0  0  0  0  0  0  0  0  0  0  0  0
   -0.5881    3.2367   -0.3038 H   0  0  0  0  0  0  0  0  0  0  0  0
    1.8368    3.2583   -0.2823 H   0  0  0  0  0  0  0  0  0  0  0  0
   -2.0096   -3.3957    0.6304 H   0  0  0  0  0  0  0  0  0  0  0  0
  1  6  1  0  0  0  0
  2 11  1  0  0  0  0
  2 18  1  0  0  0  0
  3 11  2  0  0  0  0
  4  5  1  0  0  0  0
  4  6  1  0  0  0  0
  4  7  2  0  0  0  0
  5 11  1  0  0  0  0
  5 12  1  0  0  0  0
  5 13  1  0  0  0  0
  6  8  2  0  0  0  0
  7  9  1  0  0  0  0
  7 14  1  0  0  0  0
  8 10  1  0  0  0  0
  8 15  1  0  0  0  0
  9 10  2  0  0  0  0
  9 16  1  0  0  0  0
 10 17  1  0  0  0  0
M  END
> <PUBCHEM_BONDANNOTATIONS>
4  6  8
4  7  8
6  8  8
7  9  8
8  10  8
9  10  8

$$$$
