17154
  Marvin  12300703363D          

 17 17  0  0  0  0            999 V2000
    1.8453   -2.4637   -0.1589 Cl  0  0  0  0  0  0  0  0  0  0  0  0
   -2.4332   -2.3260    0.3829 O   0  0  0  0  0  0  0  0  0  0  0  0
   -0.9524   -3.2815   -0.6517 O   0  0  0  0  0  0  0  0  0  0  0  0
    1.5688    2.5113    0.0690 N   0  0  0  0  0  0  0  0  0  0  0  0
   -0.5485   -1.0779   -0.1073 C   0  0  0  0  0  0  0  0  0  0  0  0
    0.9042    1.3800   -0.0077 C   0  0  0  0  0  0  0  0  0  0  0  0
    0.8762   -1.0673   -0.1245 C   0  0  0  0  0  0  0  0  0  0  0  0
   -1.2101    0.1768   -0.0640 C   0  0  0  0  0  0  0  0  0  0  0  0
    1.5872    0.1515   -0.0797 C   0  0  0  0  0  0  0  0  0  0  0  0
   -0.5013    1.3889   -0.0098 C   0  0  0  0  0  0  0  0  0  0  0  0
   -1.3187   -2.2417   -0.1259 C   0  0  0  0  0  0  0  0  0  0  0  0
   -2.2324    0.2408   -0.0762 H   0  0  0  0  0  0  0  0  0  0  0  0
    2.6115    0.1552   -0.0877 H   0  0  0  0  0  0  0  0  0  0  0  0
   -1.0178    2.2718    0.0271 H   0  0  0  0  0  0  0  0  0  0  0  0
    2.5025    2.5127    0.0107 H   0  0  0  0  0  0  0  0  0  0  0  0
    1.1116    3.3176    0.1889 H   0  0  0  0  0  0  0  0  0  0  0  0
   -2.7927   -1.6483    0.8148 H   0  0  0  0  0  0  0  0  0  0  0  0
  1  7  1  0  0  0  0
  2 11  1  0  0  0  0
  2 17  1  0  0  0  0
  3 11  2  0  0  0  0
  4  6  1  0  0  0  0
  4 15  1  0  0  0  0
  4 16  1  0  0  0  0
  5  7  2  0  0  0  0
  5  8  1  0  0  0  0
  5 11  1  0  0  0  0
  6  9  2  0  0  0  0
  6 10  1  0  0  0  0
  7  9  1  0  0  0  0
  8 10  2  0  0  0  0
  8 12  1  0  0  0  0
  9 13  1  0  0  0  0
 10 14  1  0  0  0  0
M  END
> <PUBCHEM_BONDANNOTATIONS>
5  7  8
5  8  8
6  10  8
6  9  8
7  9  8
8  10  8

$$$$
