
  ACD/Labs04281710492D

 11 11  0  0  0  0  0  0  0  0  1 V2000
    3.9909   -5.7588    0.0000 N   0  0  0  0  0  0  0  0  0  0  0  0
    3.3229   -4.6071    0.0000 C   0  0  0  0  0  0  0  0  0  0  0  0
    3.9909   -3.4553    0.0000 C   0  0  0  0  0  0  0  0  0  0  0  0
    3.3229   -2.3035    0.0000 C   0  0  0  0  0  0  0  0  0  0  0  0
    1.9926   -2.3035    0.0000 C   0  0  0  0  0  0  0  0  0  0  0  0
    1.3303   -1.1518    0.0000 C   0  0  0  0  0  0  0  0  0  0  0  0
    1.9926    0.0000    0.0000 O   0  0  0  0  0  0  0  0  0  0  0  0
    0.0000   -1.1518    0.0000 O   0  0  0  0  0  0  0  0  0  0  0  0
    1.3303   -3.4553    0.0000 C   0  0  0  0  0  0  0  0  0  0  0  0
    0.0000   -3.4553    0.0000 Cl  0  0  0  0  0  0  0  0  0  0  0  0
    1.9926   -4.6071    0.0000 C   0  0  0  0  0  0  0  0  0  0  0  0
  1  2  1  0  0  0  0
  2  3  1  0  0  0  0
  2 11  2  0  0  0  0
  3  4  2  0  0  0  0
  4  5  1  0  0  0  0
  5  6  1  0  0  0  0
  5  9  2  0  0  0  0
  6  7  1  0  0  0  0
  6  8  2  0  0  0  0
  9 10  1  0  0  0  0
  9 11  1  0  0  0  0
M  END
