17174
  Marvin  12300703363D          

 14 14  0  0  0  0            999 V2000
   -2.2056   -0.5959   -0.0000 O   0  0  0  0  0  0  0  0  0  0  0  0
   -0.2108    0.3956   -0.0000 N   0  0  0  0  0  0  0  0  0  0  0  0
    0.4037    2.5520   -0.0000 N   0  0  0  0  0  0  0  0  0  0  0  0
   -0.9845   -0.7081   -0.0000 C   0  0  0  0  0  0  0  0  0  0  0  0
    1.1360    0.4746   -0.0000 C   0  0  0  0  0  0  0  0  0  0  0  0
   -0.6229    1.6863   -0.0000 C   0  0  0  0  0  0  0  0  0  0  0  0
   -0.5177   -2.0834    0.0000 C   0  0  0  0  0  0  0  0  0  0  0  0
    1.5142    1.8084   -0.0000 C   0  0  0  0  0  0  0  0  0  0  0  0
    1.8084   -0.2935   -0.0000 H   0  0  0  0  0  0  0  0  0  0  0  0
   -1.5960    2.0016   -0.0000 H   0  0  0  0  0  0  0  0  0  0  0  0
   -0.8823   -2.6025    0.8883 H   0  0  0  0  0  0  0  0  0  0  0  0
   -0.8823   -2.6025   -0.8883 H   0  0  0  0  0  0  0  0  0  0  0  0
    0.5654   -2.1886    0.0000 H   0  0  0  0  0  0  0  0  0  0  0  0
    2.4742    2.1560   -0.0000 H   0  0  0  0  0  0  0  0  0  0  0  0
  1  4  2  0  0  0  0
  2  4  1  0  0  0  0
  2  5  1  0  0  0  0
  2  6  1  0  0  0  0
  3  6  2  0  0  0  0
  3  8  1  0  0  0  0
  4  7  1  0  0  0  0
  5  8  2  0  0  0  0
  5  9  1  0  0  0  0
  6 10  1  0  0  0  0
  7 11  1  0  0  0  0
  7 12  1  0  0  0  0
  7 13  1  0  0  0  0
  8 14  1  0  0  0  0
M  END
> <PUBCHEM_BONDANNOTATIONS>
2  5  8
2  6  8
3  6  8
3  8  8
5  8  8

$$$$
