
  ACD/Labs04281712162D

  9  9  0  0  0  0  0  0  0  0  1 V2000
    3.3870   -4.9590    0.0000 C   0  0  0  0  0  0  0  0  0  0  0  0
    2.9754   -3.6945    0.0000 C   0  0  0  0  0  0  0  0  0  0  0  0
    3.8681   -2.7076    0.0000 O   0  0  0  0  0  0  0  0  0  0  0  0
    1.6762   -3.4168    0.0000 N   0  0  0  0  0  0  0  0  0  0  0  0
    1.2646   -2.1522    0.0000 C   0  0  0  0  0  0  0  0  0  0  0  0
    2.0481   -1.0761    0.0000 N   0  0  0  0  0  0  0  0  0  0  0  0
    1.2646    0.0000    0.0000 C   0  0  0  0  0  0  0  0  0  0  0  0
    0.0000   -0.4116    0.0000 C   0  0  0  0  0  0  0  0  0  0  0  0
    0.0000   -1.7406    0.0000 S   0  0  0  0  0  0  0  0  0  0  0  0
  1  2  1  0  0  0  0
  2  3  2  0  0  0  0
  2  4  1  0  0  0  0
  4  5  1  0  0  0  0
  5  6  2  0  0  0  0
  5  9  1  0  0  0  0
  6  7  1  0  0  0  0
  7  8  2  0  0  0  0
  8  9  1  0  0  0  0
M  END
