1742
  Marvin  12300703363D          

 19 19  0  0  0  0            999 V2000
    1.5904    3.4997   -0.0709 O   0  0  0  0  0  0  0  0  0  0  0  0
   -2.4226   -1.2696   -0.0178 O   0  0  0  0  0  0  0  0  0  0  0  0
   -0.6005   -2.4181   -0.0316 N   0  0  0  0  0  0  0  0  0  0  0  0
   -1.0930   -3.5211    0.4842 N   0  0  0  0  0  0  0  0  0  0  0  0
   -0.4860   -0.0587   -0.0861 C   0  0  0  0  0  0  0  0  0  0  0  0
    0.9346   -0.0202   -0.0849 C   0  0  0  0  0  0  0  0  0  0  0  0
   -1.1522    1.1965   -0.0903 C   0  0  0  0  0  0  0  0  0  0  0  0
    1.6502    1.1909   -0.0805 C   0  0  0  0  0  0  0  0  0  0  0  0
   -0.4479    2.4164   -0.0838 C   0  0  0  0  0  0  0  0  0  0  0  0
    0.9588    2.4146   -0.0786 C   0  0  0  0  0  0  0  0  0  0  0  0
   -1.1966   -1.2655   -0.0508 C   0  0  0  0  0  0  0  0  0  0  0  0
    1.4926   -0.8766   -0.0791 H   0  0  0  0  0  0  0  0  0  0  0  0
   -2.1736    1.2529   -0.0907 H   0  0  0  0  0  0  0  0  0  0  0  0
    2.6733    1.1734   -0.0750 H   0  0  0  0  0  0  0  0  0  0  0  0
   -0.9642    3.2991   -0.0796 H   0  0  0  0  0  0  0  0  0  0  0  0
    0.2679   -2.4700   -0.3728 H   0  0  0  0  0  0  0  0  0  0  0  0
    2.4714    3.5050   -0.0678 H   0  0  0  0  0  0  0  0  0  0  0  0
   -0.4246   -3.8132    1.2017 H   0  0  0  0  0  0  0  0  0  0  0  0
   -1.0781   -4.2355   -0.2455 H   0  0  0  0  0  0  0  0  0  0  0  0
  1 10  1  0  0  0  0
  1 17  1  0  0  0  0
  2 11  2  0  0  0  0
  3  4  1  0  0  0  0
  3 11  1  0  0  0  0
  3 16  1  0  0  0  0
  4 18  1  0  0  0  0
  4 19  1  0  0  0  0
  5  6  2  0  0  0  0
  5  7  1  0  0  0  0
  5 11  1  0  0  0  0
  6  8  1  0  0  0  0
  6 12  1  0  0  0  0
  7  9  2  0  0  0  0
  7 13  1  0  0  0  0
  8 10  2  0  0  0  0
  8 14  1  0  0  0  0
  9 10  1  0  0  0  0
  9 15  1  0  0  0  0
M  END
> <PUBCHEM_BONDANNOTATIONS>
5  6  8
5  7  8
6  8  8
7  9  8
8  10  8
9  10  8

$$$$
