
  ACD/Labs04281711072D

  9  9  0  0  0  0  0  0  0  0  1 V2000
    3.9899   -4.6073    0.0000 N   0  0  0  0  0  0  0  0  0  0  0  0
    3.3265   -3.4555    0.0000 C   0  0  0  0  0  0  0  0  0  0  0  0
    3.9899   -2.3037    0.0000 C   0  0  0  0  0  0  0  0  0  0  0  0
    3.3265   -1.1518    0.0000 C   0  0  0  0  0  0  0  0  0  0  0  0
    1.9950   -1.1518    0.0000 C   0  0  0  0  0  0  0  0  0  0  0  0
    1.3315   -2.3037    0.0000 C   0  0  0  0  0  0  0  0  0  0  0  0
    1.9950   -3.4555    0.0000 C   0  0  0  0  0  0  0  0  0  0  0  0
    0.0000   -2.3037    0.0000 O   0  0  0  0  0  0  0  0  0  0  0  0
    1.3315    0.0000    0.0000 C   0  0  0  0  0  0  0  0  0  0  0  0
  1  2  1  0  0  0  0
  2  3  1  0  0  0  0
  2  7  2  0  0  0  0
  3  4  2  0  0  0  0
  4  5  1  0  0  0  0
  5  6  2  0  0  0  0
  5  9  1  0  0  0  0
  6  7  1  0  0  0  0
  6  8  1  0  0  0  0
M  END
