
  ACD/Labs06251410132D

 12 12  0  0  0  0  0  0  0  0  2 V2000
    3.9912   -4.6075    0.0000 O   0  0  0  0  0  0  0  0  0  0  0  0
    3.3231   -3.4556    0.0000 C   0  0  0  0  0  0  0  0  0  0  0  0
    3.9912   -2.3037    0.0000 C   0  0  0  0  0  0  0  0  0  0  0  0
    3.3231   -1.1519    0.0000 C   0  0  0  0  0  0  0  0  0  0  0  0
    1.9927   -1.1519    0.0000 C   0  0  0  0  0  0  0  0  0  0  0  0
    1.3304    0.0000    0.0000 C   0  0  0  0  0  0  0  0  0  0  0  0
    0.0000    0.0000    0.0000 O   0  0  0  0  0  0  0  0  0  0  0  0
    1.3304   -2.3037    0.0000 C   0  0  0  0  0  0  0  0  0  0  0  0
    1.9927   -3.4556    0.0000 C   0  0  0  0  0  0  0  0  0  0  0  0
    1.3304   -4.6075    0.0000 N   0  3  0  0  0  0  0  0  0  0  0  0
    0.0000   -4.6075    0.0000 O   0  5  0  0  0  0  0  0  0  0  0  0
    1.9927   -5.7594    0.0000 O   0  0  0  0  0  0  0  0  0  0  0  0
  1  2  1  0  0  0  0
  2  3  1  0  0  0  0
  2  9  2  0  0  0  0
  3  4  2  0  0  0  0
  4  5  1  0  0  0  0
  5  6  1  0  0  0  0
  5  8  2  0  0  0  0
  6  7  2  0  0  0  0
  8  9  1  0  0  0  0
  9 10  1  0  0  0  0
 10 11  1  0  0  0  0
 10 12  2  0  0  0  0
M  CHG  2  10   1  11  -1
M  END
