178
  Marvin  12300703363D          

  9  8  0  0  0  0            999 V2000
    1.7160    0.2190   -0.0000 O   0  0  0  0  0  0  0  0  0  0  0  0
   -0.1194    1.3296   -0.0000 N   0  0  0  0  0  0  0  0  0  0  0  0
   -0.2123   -1.0540    0.0000 C   0  0  0  0  0  0  0  0  0  0  0  0
    0.4944    0.2041   -0.0000 C   0  0  0  0  0  0  0  0  0  0  0  0
    0.0555   -1.6301    0.8873 H   0  0  0  0  0  0  0  0  0  0  0  0
    0.0555   -1.6301   -0.8873 H   0  0  0  0  0  0  0  0  0  0  0  0
   -1.2966   -0.9211    0.0000 H   0  0  0  0  0  0  0  0  0  0  0  0
   -1.0548    1.3516   -0.0000 H   0  0  0  0  0  0  0  0  0  0  0  0
    0.3617    2.1309   -0.0000 H   0  0  0  0  0  0  0  0  0  0  0  0
  1  4  2  0  0  0  0
  2  4  1  0  0  0  0
  2  8  1  0  0  0  0
  2  9  1  0  0  0  0
  3  4  1  0  0  0  0
  3  5  1  0  0  0  0
  3  6  1  0  0  0  0
  3  7  1  0  0  0  0
M  END
$$$$
