
  ACD/Labs04281712072D

 21 21  0  0  0  0  0  0  0  0  1 V2000
    2.2790   -2.6335    0.0000 S   0  0  0  0  0  0  0  0  0  0  0  0
    0.6584   -2.6335    0.0000 O   0  0  0  0  0  0  0  0  0  0  0  0
    3.8997   -2.6335    0.0000 O   0  0  0  0  0  0  0  0  0  0  0  0
    2.2790   -4.2542    0.0000 C   0  0  0  0  0  0  0  0  0  0  0  0
    0.8711   -5.0645    0.0000 C   0  0  0  0  0  0  0  0  0  0  0  0
    3.6870   -5.0645    0.0000 C   0  0  0  0  0  0  0  0  0  0  0  0
    2.2790   -7.4955    0.0000 C   0  0  0  0  0  0  0  0  0  0  0  0
    0.8711   -6.6851    0.0000 C   0  0  0  0  0  0  0  0  0  0  0  0
    3.6870   -6.6851    0.0000 C   0  0  0  0  0  0  0  0  0  0  0  0
    2.2790   -1.0028    0.0000 C   0  0  0  0  0  0  0  0  0  0  0  0
    2.2790   -9.1262    0.0000 C   0  0  0  0  0  0  0  0  0  0  0  0
    0.0000   -4.5581    0.0000 H   0  0  0  0  0  0  0  0  0  0  0  0
    4.5581   -4.5581    0.0000 H   0  0  0  0  0  0  0  0  0  0  0  0
    0.0000   -7.1916    0.0000 H   0  0  0  0  0  0  0  0  0  0  0  0
    4.5581   -7.1916    0.0000 H   0  0  0  0  0  0  0  0  0  0  0  0
    1.2661   -1.0028    0.0000 H   0  0  0  0  0  0  0  0  0  0  0  0
    2.2790    0.0000    0.0000 H   0  0  0  0  0  0  0  0  0  0  0  0
    3.2818   -1.0028    0.0000 H   0  0  0  0  0  0  0  0  0  0  0  0
    3.2818   -9.1262    0.0000 H   0  0  0  0  0  0  0  0  0  0  0  0
    2.2790  -10.1290    0.0000 H   0  0  0  0  0  0  0  0  0  0  0  0
    1.2661   -9.1262    0.0000 H   0  0  0  0  0  0  0  0  0  0  0  0
  1  2  2  0  0  0  0
  1  3  2  0  0  0  0
  1  4  1  0  0  0  0
  1 10  1  0  0  0  0
  4  5  2  0  0  0  0
  4  6  1  0  0  0  0
  5  8  1  0  0  0  0
  5 12  1  0  0  0  0
  6  9  2  0  0  0  0
  6 13  1  0  0  0  0
  7  8  2  0  0  0  0
  7  9  1  0  0  0  0
  7 11  1  0  0  0  0
  8 14  1  0  0  0  0
  9 15  1  0  0  0  0
 10 16  1  0  0  0  0
 10 17  1  0  0  0  0
 10 18  1  0  0  0  0
 11 19  1  0  0  0  0
 11 20  1  0  0  0  0
 11 21  1  0  0  0  0
M  END
