
  ACD/Labs04281711212D

 13 13  0  0  0  0  0  0  0  0  1 V2000
    5.9844   -6.9104    0.0000 C   0  0  0  0  0  0  0  0  0  0  0  0
    5.3210   -5.7563    0.0000 C   0  0  0  0  0  0  0  0  0  0  0  0
    5.9844   -4.6092    0.0000 O   0  0  0  0  0  0  0  0  0  0  0  0
    3.9873   -5.7563    0.0000 N   0  0  0  0  0  0  0  0  0  0  0  0
    3.3239   -4.6092    0.0000 C   0  0  0  0  0  0  0  0  0  0  0  0
    3.9873   -3.4552    0.0000 C   0  0  0  0  0  0  0  0  0  0  0  0
    3.3239   -2.3011    0.0000 C   0  0  0  0  0  0  0  0  0  0  0  0
    1.9971   -2.3011    0.0000 C   0  0  0  0  0  0  0  0  0  0  0  0
    1.3268   -3.4552    0.0000 C   0  0  0  0  0  0  0  0  0  0  0  0
    1.9971   -4.6092    0.0000 C   0  0  0  0  0  0  0  0  0  0  0  0
    1.3268   -1.1540    0.0000 C   0  0  0  0  0  0  0  0  0  0  0  0
    1.9971    0.0000    0.0000 O   0  0  0  0  0  0  0  0  0  0  0  0
    0.0000   -1.1540    0.0000 O   0  0  0  0  0  0  0  0  0  0  0  0
  1  2  1  0  0  0  0
  2  3  2  0  0  0  0
  2  4  1  0  0  0  0
  4  5  1  0  0  0  0
  5  6  2  0  0  0  0
  5 10  1  0  0  0  0
  6  7  1  0  0  0  0
  7  8  2  0  0  0  0
  8  9  1  0  0  0  0
  8 11  1  0  0  0  0
  9 10  2  0  0  0  0
 11 12  2  0  0  0  0
 11 13  1  0  0  0  0
M  END
