
  ACD/Labs04281711072D

 12 13  0  0  0  0  0  0  0  0  2 V2000
    2.3045    0.0000    0.0000 O   0  0  0  0  0  0  0  0  0  0  0  0
    1.1499   -0.6657    0.0000 N   0  3  0  0  0  0  0  0  0  0  0  0
    0.0000    0.0000    0.0000 O   0  5  0  0  0  0  0  0  0  0  0  0
    1.1499   -1.9972    0.0000 C   0  0  0  0  0  0  0  0  0  0  0  0
    0.0000   -2.6583    0.0000 C   0  0  0  0  0  0  0  0  0  0  0  0
    0.0000   -3.9897    0.0000 C   0  0  0  0  0  0  0  0  0  0  0  0
    1.1499   -4.6555    0.0000 C   0  0  0  0  0  0  0  0  0  0  0  0
    2.3045   -3.9897    0.0000 C   0  0  0  0  0  0  0  0  0  0  0  0
    3.5708   -4.3994    0.0000 C   0  0  0  0  0  0  0  0  0  0  0  0
    4.3482   -3.3240    0.0000 N   0  0  0  0  0  0  0  0  0  0  0  0
    3.5708   -2.2486    0.0000 N   0  0  0  0  0  0  0  0  0  0  0  0
    2.3045   -2.6583    0.0000 C   0  0  0  0  0  0  0  0  0  0  0  0
  1  2  2  0  0  0  0
  2  3  1  0  0  0  0
  2  4  1  0  0  0  0
  4  5  2  0  0  0  0
  4 12  1  0  0  0  0
  5  6  1  0  0  0  0
  6  7  2  0  0  0  0
  7  8  1  0  0  0  0
  8  9  2  0  0  0  0
  8 12  1  0  0  0  0
  9 10  1  0  0  0  0
 10 11  1  0  0  0  0
 11 12  2  0  0  0  0
M  CHG  2   2   1   3  -1
M  END
