
  ACD/Labs04281710402D

 32 34  0  0  0  0  0  0  0  0  1 V2000
    4.6009    0.0000    0.0000 C   0  0  0  0  0  0  0  0  0  0  0  0
    3.4541   -0.6494    0.0000 N   0  0  0  0  0  0  0  0  0  0  0  0
    3.4541   -1.9758    0.0000 C   0  0  0  0  0  0  0  0  0  0  0  0
    4.6009   -2.6528    0.0000 O   0  0  0  0  0  0  0  0  0  0  0  0
    2.3074   -2.6389    0.0000 C   0  0  0  0  0  0  0  0  0  0  0  0
    1.1468   -1.9619    0.0000 N   0  0  0  0  0  0  0  0  0  0  0  0
    0.0000   -2.6389    0.0000 C   0  0  0  0  0  0  0  0  0  0  0  0
    0.0000   -3.9791    0.0000 C   0  0  0  0  0  0  0  0  0  0  0  0
    1.1468   -4.6285    0.0000 C   0  0  0  0  0  0  0  0  0  0  0  0
    2.3074   -3.9791    0.0000 C   0  0  0  0  0  0  0  0  0  0  0  0
    1.1468   -5.9549    0.0000 O   0  0  0  0  0  0  0  0  0  0  0  0
    2.2935   -6.6181    0.0000 C   0  0  0  0  0  0  0  0  0  0  0  0
    3.4541   -5.9549    0.0000 C   0  0  0  0  0  0  0  0  0  0  0  0
    4.6147   -6.6181    0.0000 C   0  0  0  0  0  0  0  0  0  0  0  0
    4.6147   -7.9445    0.0000 C   0  0  0  0  0  0  0  0  0  0  0  0
    3.4541   -8.6077    0.0000 C   0  0  0  0  0  0  0  0  0  0  0  0
    2.2935   -7.9583    0.0000 C   0  0  0  0  0  0  0  0  0  0  0  0
    5.7615   -8.6077    0.0000 N   0  0  0  0  0  0  0  0  0  0  0  0
    6.9082   -7.9307    0.0000 C   0  0  0  0  0  0  0  0  0  0  0  0
    6.9082   -6.6043    0.0000 O   0  0  0  0  0  0  0  0  0  0  0  0
    8.0550   -8.5939    0.0000 N   0  0  0  0  0  0  0  0  0  0  0  0
    9.2018   -7.9168    0.0000 C   0  0  0  0  0  0  0  0  0  0  0  0
   10.3624   -8.5939    0.0000 C   0  0  0  0  0  0  0  0  0  0  0  0
   11.5091   -7.9030    0.0000 C   0  0  0  0  0  0  0  0  0  0  0  0
   11.5091   -6.5766    0.0000 C   0  0  0  0  0  0  0  0  0  0  0  0
   10.3347   -5.9273    0.0000 C   0  0  0  0  0  0  0  0  0  0  0  0
    9.2018   -6.5905    0.0000 C   0  0  0  0  0  0  0  0  0  0  0  0
   12.6421   -5.8996    0.0000 Cl  0  0  0  0  0  0  0  0  0  0  0  0
   12.6559   -8.5524    0.0000 C   0  0  0  0  0  0  0  0  0  0  0  0
   13.3191   -7.4056    0.0000 F   0  0  0  0  0  0  0  0  0  0  0  0
   12.0065   -9.7130    0.0000 F   0  0  0  0  0  0  0  0  0  0  0  0
   13.8165   -9.2156    0.0000 F   0  0  0  0  0  0  0  0  0  0  0  0
  1  2  1  0  0  0  0
  2  3  1  0  0  0  0
  3  4  2  0  0  0  0
  3  5  1  0  0  0  0
  5  6  2  0  0  0  0
  5 10  1  0  0  0  0
  6  7  1  0  0  0  0
  7  8  2  0  0  0  0
  8  9  1  0  0  0  0
  9 10  2  0  0  0  0
  9 11  1  0  0  0  0
 11 12  1  0  0  0  0
 12 13  2  0  0  0  0
 12 17  1  0  0  0  0
 13 14  1  0  0  0  0
 14 15  2  0  0  0  0
 15 16  1  0  0  0  0
 15 18  1  0  0  0  0
 16 17  2  0  0  0  0
 18 19  1  0  0  0  0
 19 20  2  0  0  0  0
 19 21  1  0  0  0  0
 21 22  1  0  0  0  0
 22 23  2  0  0  0  0
 22 27  1  0  0  0  0
 23 24  1  0  0  0  0
 24 25  2  0  0  0  0
 24 29  1  0  0  0  0
 25 26  1  0  0  0  0
 25 28  1  0  0  0  0
 26 27  2  0  0  0  0
 29 30  1  0  0  0  0
 29 31  1  0  0  0  0
 29 32  1  0  0  0  0
M  END
