
  ACD/Labs04281710562D

 14 15  0  0  0  0  0  0  0  0  2 V2000
    1.1485    0.0000    0.0000 O   0  0  0  0  0  0  0  0  0  0  0  0
    1.1485   -1.3280    0.0000 C   0  0  0  0  0  0  0  0  0  0  0  0
    0.0000   -1.9919    0.0000 C   0  0  0  0  0  0  0  0  0  0  0  0
    0.0000   -3.3259    0.0000 C   0  0  0  0  0  0  0  0  0  0  0  0
    1.1485   -3.9899    0.0000 C   0  0  0  0  0  0  0  0  0  0  0  0
    1.1485   -5.3178    0.0000 N   0  3  0  0  0  0  0  0  0  0  0  0
    0.0000   -5.9818    0.0000 O   0  5  0  0  0  0  0  0  0  0  0  0
    2.3030   -5.9818    0.0000 O   0  0  0  0  0  0  0  0  0  0  0  0
    2.3030   -3.3259    0.0000 C   0  0  0  0  0  0  0  0  0  0  0  0
    3.4515   -3.9899    0.0000 C   0  0  0  0  0  0  0  0  0  0  0  0
    4.6060   -3.3259    0.0000 C   0  0  0  0  0  0  0  0  0  0  0  0
    4.6060   -1.9919    0.0000 C   0  0  0  0  0  0  0  0  0  0  0  0
    3.4515   -1.3280    0.0000 N   0  0  0  0  0  0  0  0  0  0  0  0
    2.3030   -1.9919    0.0000 C   0  0  0  0  0  0  0  0  0  0  0  0
  1  2  1  0  0  0  0
  2  3  1  0  0  0  0
  2 14  2  0  0  0  0
  3  4  2  0  0  0  0
  4  5  1  0  0  0  0
  5  6  1  0  0  0  0
  5  9  2  0  0  0  0
  6  7  1  0  0  0  0
  6  8  2  0  0  0  0
  9 10  1  0  0  0  0
  9 14  1  0  0  0  0
 10 11  2  0  0  0  0
 11 12  1  0  0  0  0
 12 13  2  0  0  0  0
 13 14  1  0  0  0  0
M  CHG  2   6   1   7  -1
M  END
