19910
  Marvin  12300703363D          

 20 21  0  0  0  0            999 V2000
    2.9626   -0.9388    0.0000 O   0  0  0  0  0  0  0  0  0  0  0  0
   -3.1016   -2.0996   -0.0000 O   0  5  0  0  0  0  0  0  0  0  0  0
   -3.3184   -0.2232    0.0000 O   0  0  0  0  0  0  0  0  0  0  0  0
    1.6745    1.4781   -0.0000 N   0  0  0  0  0  0  0  0  0  0  0  0
   -2.5250   -1.0766   -0.0000 N   0  3  0  0  0  0  0  0  0  0  0  0
   -0.4553    0.3090    0.0000 C   0  0  0  0  0  0  0  0  0  0  0  0
    0.9775    0.3083   -0.0000 C   0  0  0  0  0  0  0  0  0  0  0  0
   -1.1757   -0.9320    0.0000 C   0  0  0  0  0  0  0  0  0  0  0  0
    1.7026   -0.9020   -0.0000 C   0  0  0  0  0  0  0  0  0  0  0  0
   -0.3958   -2.1214    0.0000 C   0  0  0  0  0  0  0  0  0  0  0  0
   -1.0515    1.6001    0.0000 C   0  0  0  0  0  0  0  0  0  0  0  0
    1.0060   -2.1178   -0.0000 C   0  0  0  0  0  0  0  0  0  0  0  0
   -0.3043    2.7893   -0.0000 C   0  0  0  0  0  0  0  0  0  0  0  0
    1.0940    2.7009    0.0000 C   0  0  0  0  0  0  0  0  0  0  0  0
   -0.8343   -3.0460   -0.0000 H   0  0  0  0  0  0  0  0  0  0  0  0
   -2.0580    1.7417   -0.0000 H   0  0  0  0  0  0  0  0  0  0  0  0
    1.5112   -3.0087    0.0000 H   0  0  0  0  0  0  0  0  0  0  0  0
   -0.7678    3.7019   -0.0000 H   0  0  0  0  0  0  0  0  0  0  0  0
    1.6674    3.5466   -0.0000 H   0  0  0  0  0  0  0  0  0  0  0  0
    3.3921   -1.7100   -0.0000 H   0  0  0  0  0  0  0  0  0  0  0  0
  1  9  1  0  0  0  0
  1 20  1  0  0  0  0
  2  5  1  0  0  0  0
  3  5  2  0  0  0  0
  4  7  1  0  0  0  0
  4 14  2  0  0  0  0
  5  8  1  0  0  0  0
  6  7  1  0  0  0  0
  6  8  2  0  0  0  0
  6 11  1  0  0  0  0
  7  9  2  0  0  0  0
  8 10  1  0  0  0  0
  9 12  1  0  0  0  0
 10 12  2  0  0  0  0
 10 15  1  0  0  0  0
 11 13  2  0  0  0  0
 11 16  1  0  0  0  0
 12 17  1  0  0  0  0
 13 14  1  0  0  0  0
 13 18  1  0  0  0  0
 14 19  1  0  0  0  0
M  CHG  2   2  -1   5   1
M  END
> <PUBCHEM_BONDANNOTATIONS>
10  12  8
11  13  8
13  14  8
4  14  8
4  7  8
6  11  8
6  7  8
6  8  8
7  9  8
8  10  8
9  12  8

$$$$
