
  ACD/Labs04221415492D

 19 21  0  0  0  0  0  0  0  0  1 V2000
    3.9885   -5.0026    0.0000 O   0  0  0  0  0  0  0  0  0  0  0  0
    5.6689   -0.3670    0.0000 O   0  0  0  0  0  0  0  0  0  0  0  0
    9.6575   -2.6655    0.0000 O   0  0  0  0  0  0  0  0  0  0  0  0
    4.3555   -2.6655    0.0000 N   0  0  0  0  0  0  0  0  0  0  0  0
    7.6584   -1.5066    0.0000 N   0  0  0  0  0  0  0  0  0  0  0  0
    1.1492    0.0000    0.0000 N   0  0  0  0  0  0  0  0  0  0  0  0
    2.3081   -3.3318    0.0000 C   0  0  0  0  0  0  0  0  0  0  0  0
    3.5733   -3.7374    0.0000 C   0  0  0  0  0  0  0  0  0  0  0  0
    2.3081   -1.9991    0.0000 C   0  0  0  0  0  0  0  0  0  0  0  0
    5.6593   -2.6655    0.0000 C   0  0  0  0  0  0  0  0  0  0  0  0
    3.5733   -1.5838    0.0000 C   0  0  0  0  0  0  0  0  0  0  0  0
    6.3256   -1.5066    0.0000 C   0  0  0  0  0  0  0  0  0  0  0  0
    1.1492   -1.3327    0.0000 C   0  0  0  0  0  0  0  0  0  0  0  0
    1.1492   -3.9982    0.0000 C   0  0  0  0  0  0  0  0  0  0  0  0
    6.3256   -3.8147    0.0000 C   0  0  0  0  0  0  0  0  0  0  0  0
    0.0000   -1.9991    0.0000 C   0  0  0  0  0  0  0  0  0  0  0  0
    8.3247   -2.6655    0.0000 C   0  0  0  0  0  0  0  0  0  0  0  0
    7.6584   -3.8147    0.0000 C   0  0  0  0  0  0  0  0  0  0  0  0
    0.0000   -3.3318    0.0000 C   0  0  0  0  0  0  0  0  0  0  0  0
  1  8  2  0  0  0  0
  2 12  2  0  0  0  0
  3 17  2  0  0  0  0
  4  8  1  0  0  0  0
  4 10  1  0  0  0  0
  4 11  1  0  0  0  0
  5 12  1  0  0  0  0
  5 17  1  0  0  0  0
  6 13  1  0  0  0  0
  7  8  1  0  0  0  0
  7  9  1  0  0  0  0
  7 14  2  0  0  0  0
  9 11  1  0  0  0  0
  9 13  2  0  0  0  0
 10 12  1  0  0  0  0
 10 15  1  0  0  0  0
 13 16  1  0  0  0  0
 14 19  1  0  0  0  0
 15 18  1  0  0  0  0
 16 19  2  0  0  0  0
 17 18  1  0  0  0  0
M  END
