
  ACD/Labs02211713242D

 11 11  0  0  0  0  0  0  0  0  2 V2000
    5.7595   -1.9986    0.0000 O   0  0  0  0  0  0  0  0  0  0  0  0
    4.6076   -2.6609    0.0000 N   0  3  0  0  0  0  0  0  0  0  0  0
    4.6076   -3.9913    0.0000 O   0  5  0  0  0  0  0  0  0  0  0  0
    3.4557   -1.9986    0.0000 C   0  0  0  0  0  0  0  0  0  0  0  0
    2.3038   -2.6609    0.0000 C   0  0  0  0  0  0  0  0  0  0  0  0
    1.1519   -1.9986    0.0000 C   0  0  0  0  0  0  0  0  0  0  0  0
    0.0000   -2.6609    0.0000 I   0  0  0  0  0  0  0  0  0  0  0  0
    1.1519   -0.6681    0.0000 C   0  0  0  0  0  0  0  0  0  0  0  0
    0.0000    0.0000    0.0000 N   0  0  0  0  0  0  0  0  0  0  0  0
    2.3038    0.0000    0.0000 C   0  0  0  0  0  0  0  0  0  0  0  0
    3.4557   -0.6681    0.0000 C   0  0  0  0  0  0  0  0  0  0  0  0
  1  2  2  0  0  0  0
  2  3  1  0  0  0  0
  2  4  1  0  0  0  0
  4  5  2  0  0  0  0
  4 11  1  0  0  0  0
  5  6  1  0  0  0  0
  6  7  1  0  0  0  0
  6  8  2  0  0  0  0
  8  9  1  0  0  0  0
  8 10  1  0  0  0  0
 10 11  2  0  0  0  0
M  CHG  2   2   1   3  -1
M  END
