
  ACD/Labs04281710402D

 16 17  0  0  0  0  0  0  0  0  1 V2000
    0.0000   -3.9931    0.0000 N   0  0  0  0  0  0  0  0  0  0  0  0
    1.1543   -3.3261    0.0000 C   0  0  0  0  0  0  0  0  0  0  0  0
    2.3001   -3.9931    0.0000 N   0  0  0  0  0  0  0  0  0  0  0  0
    3.4544   -3.3261    0.0000 C   0  0  0  0  0  0  0  0  0  0  0  0
    4.7199   -3.7366    0.0000 N   0  0  0  0  0  0  0  0  0  0  0  0
    5.1303   -5.0020    0.0000 C   0  0  0  0  0  0  0  0  0  0  0  0
    6.4300   -5.2756    0.0000 O   0  0  0  0  0  0  0  0  0  0  0  0
    6.8404   -6.5411    0.0000 C   0  0  0  0  0  0  0  0  0  0  0  0
    8.1400   -6.8147    0.0000 C   0  0  0  0  0  0  0  0  0  0  0  0
    8.5505   -8.0802    0.0000 O   0  0  0  0  0  0  0  0  0  0  0  0
    5.4980   -2.6592    0.0000 C   0  0  0  0  0  0  0  0  0  0  0  0
    4.7199   -1.5818    0.0000 N   0  0  0  0  0  0  0  0  0  0  0  0
    3.4544   -1.9923    0.0000 C   0  0  0  0  0  0  0  0  0  0  0  0
    2.3001   -1.3339    0.0000 C   0  0  0  0  0  0  0  0  0  0  0  0
    2.3001    0.0000    0.0000 O   0  0  0  0  0  0  0  0  0  0  0  0
    1.1543   -1.9923    0.0000 N   0  0  0  0  0  0  0  0  0  0  0  0
  1  2  1  0  0  0  0
  2  3  2  0  0  0  0
  2 16  1  0  0  0  0
  3  4  1  0  0  0  0
  4  5  1  0  0  0  0
  4 13  2  0  0  0  0
  5  6  1  0  0  0  0
  5 11  1  0  0  0  0
  6  7  1  0  0  0  0
  7  8  1  0  0  0  0
  8  9  1  0  0  0  0
  9 10  1  0  0  0  0
 11 12  2  0  0  0  0
 12 13  1  0  0  0  0
 13 14  1  0  0  0  0
 14 15  2  0  0  0  0
 14 16  1  0  0  0  0
M  END
