
  ACD/Labs02211713402D

  9  9  0  0  0  0  0  0  0  0  1 V2000
    4.6301   -2.0372    0.0000 O   0  0  0  0  0  0  0  0  0  0  0  0
    3.4772   -1.3520    0.0000 C   0  0  0  0  0  0  0  0  0  0  0  0
    2.3104   -2.0095    0.0000 C   0  0  0  0  0  0  0  0  0  0  0  0
    1.1760   -1.3381    0.0000 C   0  0  0  0  0  0  0  0  0  0  0  0
    1.2038    0.0000    0.0000 N   0  0  0  0  0  0  0  0  0  0  0  0
    0.0000   -1.9724    0.0000 C   0  0  0  0  0  0  0  0  0  0  0  0
    0.0093   -3.3105    0.0000 C   0  0  0  0  0  0  0  0  0  0  0  0
    1.1436   -3.9819    0.0000 C   0  0  0  0  0  0  0  0  0  0  0  0
    2.2919   -3.3290    0.0000 C   0  0  0  0  0  0  0  0  0  0  0  0
  1  2  1  0  0  0  0
  2  3  1  0  0  0  0
  3  4  2  0  0  0  0
  3  9  1  0  0  0  0
  4  5  1  0  0  0  0
  4  6  1  0  0  0  0
  6  7  2  0  0  0  0
  7  8  1  0  0  0  0
  8  9  2  0  0  0  0
M  END
