21439
  Marvin  12300703363D          

 18 18  0  0  0  0            999 V2000
   -2.0317   -1.6118    1.1024 O   0  0  0  0  0  0  0  0  0  0  0  0
    1.7335   -1.2951    0.0579 N   0  0  0  0  0  0  0  0  0  0  0  0
   -0.4343   -0.2565   -0.0673 C   0  0  0  0  0  0  0  0  0  0  0  0
    0.9865   -0.2161   -0.0345 C   0  0  0  0  0  0  0  0  0  0  0  0
   -1.2273   -1.5137   -0.0678 C   0  0  0  0  0  0  0  0  0  0  0  0
   -1.1397    0.9698   -0.1198 C   0  0  0  0  0  0  0  0  0  0  0  0
    1.6642    1.0209   -0.0911 C   0  0  0  0  0  0  0  0  0  0  0  0
   -0.4615    2.2017   -0.1605 C   0  0  0  0  0  0  0  0  0  0  0  0
    0.9426    2.2256   -0.1529 C   0  0  0  0  0  0  0  0  0  0  0  0
   -1.8776   -1.5356   -0.9453 H   0  0  0  0  0  0  0  0  0  0  0  0
   -0.6171   -2.4159   -0.1124 H   0  0  0  0  0  0  0  0  0  0  0  0
   -2.1640    0.9854   -0.1332 H   0  0  0  0  0  0  0  0  0  0  0  0
    2.6875    1.0636   -0.0816 H   0  0  0  0  0  0  0  0  0  0  0  0
   -0.9872    3.0771   -0.1981 H   0  0  0  0  0  0  0  0  0  0  0  0
    1.4400    3.1186   -0.1888 H   0  0  0  0  0  0  0  0  0  0  0  0
    2.6647   -1.2319   -0.0121 H   0  0  0  0  0  0  0  0  0  0  0  0
    1.3449   -2.1317    0.2041 H   0  0  0  0  0  0  0  0  0  0  0  0
   -2.5234   -2.4543    1.0010 H   0  0  0  0  0  0  0  0  0  0  0  0
  1  5  1  0  0  0  0
  1 18  1  0  0  0  0
  2  4  1  0  0  0  0
  2 16  1  0  0  0  0
  2 17  1  0  0  0  0
  3  4  1  0  0  0  0
  3  5  1  0  0  0  0
  3  6  2  0  0  0  0
  4  7  2  0  0  0  0
  5 10  1  0  0  0  0
  5 11  1  0  0  0  0
  6  8  1  0  0  0  0
  6 12  1  0  0  0  0
  7  9  1  0  0  0  0
  7 13  1  0  0  0  0
  8  9  2  0  0  0  0
  8 14  1  0  0  0  0
  9 15  1  0  0  0  0
M  END
> <PUBCHEM_BONDANNOTATIONS>
3  4  8
3  6  8
4  7  8
6  8  8
7  9  8
8  9  8

$$$$
