
  ACD/Labs06251410132D

 10 10  0  0  0  0  0  0  0  0  1 V2000
    3.3250   -4.6072    0.0000 O   0  0  0  0  0  0  0  0  0  0  0  0
    3.9901   -3.4580    0.0000 B   0  0  0  0  0  0  0  0  0  0  0  0
    5.3201   -3.4580    0.0000 O   0  0  0  0  0  0  0  0  0  0  0  0
    3.3250   -2.3036    0.0000 C   0  0  0  0  0  0  0  0  0  0  0  0
    3.9901   -1.1545    0.0000 C   0  0  0  0  0  0  0  0  0  0  0  0
    3.3250    0.0000    0.0000 C   0  0  0  0  0  0  0  0  0  0  0  0
    1.9950    0.0000    0.0000 C   0  0  0  0  0  0  0  0  0  0  0  0
    1.3300   -1.1545    0.0000 C   0  0  0  0  0  0  0  0  0  0  0  0
    0.0000   -1.1545    0.0000 Br  0  0  0  0  0  0  0  0  0  0  0  0
    1.9950   -2.3036    0.0000 C   0  0  0  0  0  0  0  0  0  0  0  0
  1  2  1  0  0  0  0
  2  3  1  0  0  0  0
  2  4  1  0  0  0  0
  4  5  1  0  0  0  0
  4 10  2  0  0  0  0
  5  6  2  0  0  0  0
  6  7  1  0  0  0  0
  7  8  2  0  0  0  0
  8  9  1  0  0  0  0
  8 10  1  0  0  0  0
M  END
