
  ACD/Labs06161415502D

 17 17  0  0  1  0  0  0  0  0  1 V2000
    1.4933   -3.1027    0.0000 N   0  0  0  0  0  0  0  0  0  0  0  0
    1.5165   -4.4336    0.0000 C   0  0  0  0  0  0  0  0  0  0  0  0
    2.5611   -2.2980    0.0000 C   0  0  0  0  0  0  0  0  0  0  0  0
    3.8300   -2.6926    0.0000 C   0  0  0  0  0  0  0  0  0  0  0  0
    2.6772   -5.0758    0.0000 O   0  0  0  0  0  0  0  0  0  0  0  0
    2.1278   -1.0446    0.0000 C   0  0  0  0  0  0  0  0  0  0  0  0
    0.4101   -2.3367    0.0000 C   0  0  0  0  0  0  0  0  0  0  0  0
    0.3791   -5.1145    0.0000 O   0  0  0  0  0  0  0  0  0  0  0  0
    0.7970   -1.0600    0.0000 C   0  0  0  0  0  0  0  0  0  0  0  0
    4.1318   -3.9925    0.0000 O   0  0  0  0  0  0  0  0  0  0  0  0
    2.7004   -6.4066    0.0000 C   0  0  0  0  0  0  0  0  0  0  0  0
    4.8050   -1.7874    0.0000 O   0  0  0  0  0  0  0  0  0  0  0  0
    0.0000    0.0000    0.0000 O   0  0  0  0  0  0  0  0  0  0  0  0
    1.5630   -7.0875    0.0000 C   0  0  0  0  0  0  0  0  0  0  0  0
    3.8610   -7.0566    0.0000 C   0  0  0  0  0  0  0  0  0  0  0  0
    2.7236   -7.7375    0.0000 C   0  0  0  0  0  0  0  0  0  0  0  0
    6.0816   -2.1742    0.0000 C   0  0  0  0  0  0  0  0  0  0  0  0
  1  2  1  0  0  0  0
  1  3  1  0  0  0  0
  1  7  1  0  0  0  0
  2  5  1  0  0  0  0
  2  8  2  0  0  0  0
  3  4  1  1  0  0  0
  3  6  1  0  0  0  0
  4 10  2  0  0  0  0
  4 12  1  0  0  0  0
  5 11  1  0  0  0  0
  6  9  1  0  0  0  0
  7  9  1  0  0  0  0
  9 13  1  6  0  0  0
 11 14  1  0  0  0  0
 11 15  1  0  0  0  0
 11 16  1  0  0  0  0
 12 17  1  0  0  0  0
M  END
