
  ACD/Labs06251410132D

 11 11  0  0  0  0  0  0  0  0  1 V2000
    3.9910   -4.6073    0.0000 O   0  0  0  0  0  0  0  0  0  0  0  0
    4.6552   -3.4585    0.0000 B   0  0  0  0  0  0  0  0  0  0  0  0
    5.9835   -3.4585    0.0000 O   0  0  0  0  0  0  0  0  0  0  0  0
    3.9910   -2.3037    0.0000 C   0  0  0  0  0  0  0  0  0  0  0  0
    4.6552   -1.1548    0.0000 C   0  0  0  0  0  0  0  0  0  0  0  0
    3.9910    0.0000    0.0000 C   0  0  0  0  0  0  0  0  0  0  0  0
    2.6567    0.0000    0.0000 C   0  0  0  0  0  0  0  0  0  0  0  0
    1.9925   -1.1548    0.0000 C   0  0  0  0  0  0  0  0  0  0  0  0
    0.6642   -1.1548    0.0000 C   0  0  0  0  0  0  0  0  0  0  0  0
    0.0000   -2.3037    0.0000 O   0  0  0  0  0  0  0  0  0  0  0  0
    2.6567   -2.3037    0.0000 C   0  0  0  0  0  0  0  0  0  0  0  0
  1  2  1  0  0  0  0
  2  3  1  0  0  0  0
  2  4  1  0  0  0  0
  4  5  1  0  0  0  0
  4 11  2  0  0  0  0
  5  6  2  0  0  0  0
  6  7  1  0  0  0  0
  7  8  2  0  0  0  0
  8  9  1  0  0  0  0
  8 11  1  0  0  0  0
  9 10  2  0  0  0  0
M  END
