2734883
  Marvin  12310702213D          

 36 36  0  0  1  0            999 V2000
    1.2836    4.0389    1.7551 O   0  0  0  0  0  0  0  0  0  0  0  0
   -1.4623    0.0428   -0.2304 O   0  0  0  0  0  0  0  0  0  0  0  0
    2.4320   -0.8547   -1.2113 O   0  0  0  0  0  0  0  0  0  0  0  0
   -0.0725   -0.0304   -1.8727 O   0  0  0  0  0  0  0  0  0  0  0  0
    3.0514   -0.8061    0.8275 O   0  0  0  0  0  0  0  0  0  0  0  0
    0.4295    1.2322   -0.1809 N   0  0  0  0  0  0  0  0  0  0  0  0
    1.8153    1.0332    0.0375 C   0  0  1  0  0  0  0  0  0  0  0  0
    2.0143    1.7081    1.4236 C   0  0  0  0  0  0  0  0  0  0  0  0
    0.8421    2.6921    1.5914 C   0  0  2  0  0  0  0  0  0  0  0  0
    0.0060    2.4724    0.3181 C   0  0  0  0  0  0  0  0  0  0  0  0
   -0.3900    0.3956   -0.7708 C   0  0  0  0  0  0  0  0  0  0  0  0
    2.4579   -0.2797   -0.1073 C   0  0  0  0  0  0  0  0  0  0  0  0
   -2.1762   -1.1126   -0.2045 C   0  0  2  0  0  0  0  0  0  0  0  0
   -3.5628   -0.7863    0.4294 C   0  0  0  0  0  0  0  0  0  0  0  0
   -1.4047   -2.0900    0.7336 C   0  0  0  0  0  0  0  0  0  0  0  0
   -2.4287   -1.7686   -1.5987 C   0  0  0  0  0  0  0  0  0  0  0  0
    3.0748   -1.9237   -1.6958 C   0  0  0  0  0  0  0  0  0  0  0  0
    2.3333    1.6617   -0.6989 H   0  0  0  0  0  0  0  0  0  0  0  0
    2.9888    2.2018    1.4807 H   0  0  0  0  0  0  0  0  0  0  0  0
    1.9688    0.9828    2.2419 H   0  0  0  0  0  0  0  0  0  0  0  0
    0.2501    2.4276    2.4735 H   0  0  0  0  0  0  0  0  0  0  0  0
   -1.0625    2.5572    0.5410 H   0  0  0  0  0  0  0  0  0  0  0  0
    0.2401    3.2441   -0.4237 H   0  0  0  0  0  0  0  0  0  0  0  0
    0.4668    4.5696    1.8641 H   0  0  0  0  0  0  0  0  0  0  0  0
   -3.4647   -0.3341    1.4184 H   0  0  0  0  0  0  0  0  0  0  0  0
   -4.1309   -0.0921   -0.1944 H   0  0  0  0  0  0  0  0  0  0  0  0
   -4.1689   -1.6900    0.5455 H   0  0  0  0  0  0  0  0  0  0  0  0
   -1.2867   -1.6634    1.7333 H   0  0  0  0  0  0  0  0  0  0  0  0
   -1.9225   -3.0457    0.8382 H   0  0  0  0  0  0  0  0  0  0  0  0
   -0.4028   -2.2940    0.3494 H   0  0  0  0  0  0  0  0  0  0  0  0
   -2.8961   -1.0581   -2.2841 H   0  0  0  0  0  0  0  0  0  0  0  0
   -3.0802   -2.6428   -1.5226 H   0  0  0  0  0  0  0  0  0  0  0  0
   -1.5018   -2.1165   -2.0572 H   0  0  0  0  0  0  0  0  0  0  0  0
    2.6212   -2.2009   -2.6477 H   0  0  0  0  0  0  0  0  0  0  0  0
    4.1254   -1.6843   -1.8742 H   0  0  0  0  0  0  0  0  0  0  0  0
    3.0126   -2.7860   -1.0273 H   0  0  0  0  0  0  0  0  0  0  0  0
  9  1  1  0  0  0  0
  1 24  1  0  0  0  0
  2 11  1  0  0  0  0
  2 13  1  0  0  0  0
  3 12  1  0  0  0  0
  3 17  1  0  0  0  0
  4 11  2  0  0  0  0
  5 12  2  0  0  0  0
  6  7  1  0  0  0  0
  6 10  1  0  0  0  0
  6 11  1  0  0  0  0
  7  8  1  0  0  0  0
  7 12  1  0  0  0  0
  7 18  1  0  0  0  0
  8  9  1  0  0  0  0
  8 19  1  0  0  0  0
  8 20  1  0  0  0  0
  9 10  1  0  0  0  0
  9 21  1  0  0  0  0
 10 22  1  0  0  0  0
 10 23  1  0  0  0  0
 13 14  1  0  0  0  0
 13 15  1  0  0  0  0
 13 16  1  0  0  0  0
 14 25  1  0  0  0  0
 14 26  1  0  0  0  0
 14 27  1  0  0  0  0
 15 28  1  0  0  0  0
 15 29  1  0  0  0  0
 15 30  1  0  0  0  0
 16 31  1  0  0  0  0
 16 32  1  0  0  0  0
 16 33  1  0  0  0  0
 17 34  1  0  0  0  0
 17 35  1  0  0  0  0
 17 36  1  0  0  0  0
M  END
> <PUBCHEM_BONDANNOTATIONS>
9  1  6
7  12  5

$$$$
