2734675
  Marvin  12310702213D          

 14 14  0  0  0  0            999 V2000
    1.3788   -2.2340   -0.0000 F   0  0  0  0  0  0  0  0  0  0  0  0
    1.3222    2.3888   -0.0000 O   0  0  0  0  0  0  0  0  0  0  0  0
   -1.9867   -3.2478    0.0000 N   0  0  0  0  0  0  0  0  0  0  0  0
   -0.7451   -1.1325    0.0000 C   0  0  0  0  0  0  0  0  0  0  0  0
    0.6781    1.3114    0.0000 C   0  0  0  0  0  0  0  0  0  0  0  0
    0.6705   -1.1325   -0.0000 C   0  0  0  0  0  0  0  0  0  0  0  0
    1.3733    0.0875    0.0000 C   0  0  0  0  0  0  0  0  0  0  0  0
   -1.4395    0.0992    0.0000 C   0  0  0  0  0  0  0  0  0  0  0  0
   -0.7304    1.3158    0.0000 C   0  0  0  0  0  0  0  0  0  0  0  0
   -1.4115   -2.2529    0.0000 C   0  0  0  0  0  0  0  0  0  0  0  0
    2.3971    0.0860   -0.0000 H   0  0  0  0  0  0  0  0  0  0  0  0
   -2.4643    0.1361   -0.0000 H   0  0  0  0  0  0  0  0  0  0  0  0
   -1.2459    2.2002    0.0000 H   0  0  0  0  0  0  0  0  0  0  0  0
    2.2034    2.3747   -0.0000 H   0  0  0  0  0  0  0  0  0  0  0  0
  1  6  1  0  0  0  0
  2  5  1  0  0  0  0
  2 14  1  0  0  0  0
  3 10  3  0  0  0  0
  4  6  2  0  0  0  0
  4  8  1  0  0  0  0
  4 10  1  0  0  0  0
  5  7  2  0  0  0  0
  5  9  1  0  0  0  0
  6  7  1  0  0  0  0
  7 11  1  0  0  0  0
  8  9  2  0  0  0  0
  8 12  1  0  0  0  0
  9 13  1  0  0  0  0
M  END
> <PUBCHEM_BONDANNOTATIONS>
4  6  8
4  8  8
5  7  8
5  9  8
6  7  8
8  9  8

$$$$
