2734318
  Marvin  12310702213D          

 16 16  0  0  0  0            999 V2000
    3.6356    1.1463   -0.0000 Br  0  0  0  0  0  0  0  0  0  0  0  0
   -1.0380   -2.4505    1.3285 O   0  0  0  0  0  0  0  0  0  0  0  0
   -1.0380   -2.4505   -1.3285 O   0  0  0  0  0  0  0  0  0  0  0  0
   -0.2702   -0.2611   -0.0000 C   0  0  0  0  0  0  0  0  0  0  0  0
    1.1357   -0.1815   -0.0000 C   0  0  0  0  0  0  0  0  0  0  0  0
   -1.0399    0.9209    0.0000 C   0  0  0  0  0  0  0  0  0  0  0  0
    1.7767    1.0699    0.0000 C   0  0  0  0  0  0  0  0  0  0  0  0
   -0.3980    2.1752   -0.0000 C   0  0  0  0  0  0  0  0  0  0  0  0
    1.0087    2.2499    0.0000 C   0  0  0  0  0  0  0  0  0  0  0  0
   -0.9119   -1.6997   -0.0000 B   0  0  0  0  0  0  0  0  0  0  0  0
    1.7005   -1.0344   -0.0000 H   0  0  0  0  0  0  0  0  0  0  0  0
   -2.0624    0.8799    0.0000 H   0  0  0  0  0  0  0  0  0  0  0  0
   -0.9507    3.0358    0.0000 H   0  0  0  0  0  0  0  0  0  0  0  0
    1.4712    3.1608   -0.0000 H   0  0  0  0  0  0  0  0  0  0  0  0
   -1.5096   -3.2805    1.1084 H   0  0  0  0  0  0  0  0  0  0  0  0
   -1.5096   -3.2805   -1.1084 H   0  0  0  0  0  0  0  0  0  0  0  0
  1  7  1  0  0  0  0
  2 10  1  0  0  0  0
  2 15  1  0  0  0  0
  3 10  1  0  0  0  0
  3 16  1  0  0  0  0
  4  5  2  0  0  0  0
  4  6  1  0  0  0  0
  4 10  1  0  0  0  0
  5  7  1  0  0  0  0
  5 11  1  0  0  0  0
  6  8  2  0  0  0  0
  6 12  1  0  0  0  0
  7  9  2  0  0  0  0
  8  9  1  0  0  0  0
  8 13  1  0  0  0  0
  9 14  1  0  0  0  0
M  END
> <PUBCHEM_BONDANNOTATIONS>
4  5  8
4  6  8
5  7  8
6  8  8
7  9  8
8  9  8

$$$$
