2734341
  Marvin  12310702213D          

 24 24  0  0  0  0            999 V2000
    1.0448   -1.7792   -0.3525 O   0  0  0  0  0  0  0  0  0  0  0  0
    1.2423    2.8535   -0.3585 O   0  0  0  0  0  0  0  0  0  0  0  0
   -2.4055   -2.3663    0.7960 O   0  0  0  0  0  0  0  0  0  0  0  0
   -2.4844   -2.3829   -1.8580 O   0  0  0  0  0  0  0  0  0  0  0  0
   -0.9540   -0.5871   -0.5708 C   0  0  0  0  0  0  0  0  0  0  0  0
    0.4546   -0.6619   -0.4748 C   0  0  0  0  0  0  0  0  0  0  0  0
    0.5739    1.7856   -0.4887 C   0  0  0  0  0  0  0  0  0  0  0  0
    1.2139    0.5288   -0.4762 C   0  0  0  0  0  0  0  0  0  0  0  0
   -1.5885    0.6691   -0.6428 C   0  0  0  0  0  0  0  0  0  0  0  0
   -0.8287    1.8496   -0.5954 C   0  0  0  0  0  0  0  0  0  0  0  0
    1.5050   -2.3018    0.7901 C   0  0  0  0  0  0  0  0  0  0  0  0
    1.5803    3.4046    0.8128 C   0  0  0  0  0  0  0  0  0  0  0  0
   -1.8828   -1.8615   -0.5514 B   0  0  0  0  0  0  0  0  0  0  0  0
    2.2363    0.4848   -0.4407 H   0  0  0  0  0  0  0  0  0  0  0  0
   -2.6069    0.7386   -0.7074 H   0  0  0  0  0  0  0  0  0  0  0  0
   -1.3059    2.7543   -0.6186 H   0  0  0  0  0  0  0  0  0  0  0  0
    2.0296   -3.2303    0.5668 H   0  0  0  0  0  0  0  0  0  0  0  0
    2.2024   -1.6349    1.3040 H   0  0  0  0  0  0  0  0  0  0  0  0
    0.6779   -2.5332    1.4655 H   0  0  0  0  0  0  0  0  0  0  0  0
    2.1339    4.3230    0.6220 H   0  0  0  0  0  0  0  0  0  0  0  0
    2.2165    2.7391    1.4022 H   0  0  0  0  0  0  0  0  0  0  0  0
    0.6957    3.6597    1.4031 H   0  0  0  0  0  0  0  0  0  0  0  0
   -2.8584   -3.2105    0.5921 H   0  0  0  0  0  0  0  0  0  0  0  0
   -2.8920   -3.2412   -1.6189 H   0  0  0  0  0  0  0  0  0  0  0  0
  1  6  1  0  0  0  0
  1 11  1  0  0  0  0
  2  7  1  0  0  0  0
  2 12  1  0  0  0  0
  3 13  1  0  0  0  0
  3 23  1  0  0  0  0
  4 13  1  0  0  0  0
  4 24  1  0  0  0  0
  5  6  2  0  0  0  0
  5  9  1  0  0  0  0
  5 13  1  0  0  0  0
  6  8  1  0  0  0  0
  7  8  2  0  0  0  0
  7 10  1  0  0  0  0
  8 14  1  0  0  0  0
  9 10  2  0  0  0  0
  9 15  1  0  0  0  0
 10 16  1  0  0  0  0
 11 17  1  0  0  0  0
 11 18  1  0  0  0  0
 11 19  1  0  0  0  0
 12 20  1  0  0  0  0
 12 21  1  0  0  0  0
 12 22  1  0  0  0  0
M  END
> <PUBCHEM_BONDANNOTATIONS>
5  6  8
5  9  8
6  8  8
7  10  8
7  8  8
9  10  8

$$$$
