21611
  -OEChem-02070708212D

 25 26  0     0  0  0  0  0  0999 V2000
    8.2619   -1.7321    0.0000 Br  0  0  0  0  0  0  0  0  0  0  0  0
    4.9889   -1.7553    0.0000 O   0  0  0  0  0  0  0  0  0  0  0  0
    4.9889    1.7553    0.0000 O   0  0  0  0  0  0  0  0  0  0  0  0
    5.2619    0.0000    0.0000 N   0  0  0  0  0  0  0  0  0  0  0  0
    6.2619    0.0000    0.0000 C   0  0  0  0  0  0  0  0  0  0  0  0
    3.7321   -0.5000    0.0000 C   0  0  0  0  0  0  0  0  0  0  0  0
    3.7321    0.5000    0.0000 C   0  0  0  0  0  0  0  0  0  0  0  0
    6.7619   -0.8660    0.0000 C   0  0  0  0  0  0  0  0  0  0  0  0
    4.6783   -0.8047    0.0000 C   0  0  0  0  0  0  0  0  0  0  0  0
    4.6783    0.8047    0.0000 C   0  0  0  0  0  0  0  0  0  0  0  0
    2.8660   -1.0000    0.0000 C   0  0  0  0  0  0  0  0  0  0  0  0
    2.8660    1.0000    0.0000 C   0  0  0  0  0  0  0  0  0  0  0  0
    7.7619   -0.8660    0.0000 C   0  0  0  0  0  0  0  0  0  0  0  0
    2.0000   -0.5000    0.0000 C   0  0  0  0  0  0  0  0  0  0  0  0
    2.0000    0.5000    0.0000 C   0  0  0  0  0  0  0  0  0  0  0  0
    6.8445    0.2121    0.0000 H   0  0  0  0  0  0  0  0  0  0  0  0
    6.1542    0.6106    0.0000 H   0  0  0  0  0  0  0  0  0  0  0  0
    6.1793   -1.0781    0.0000 H   0  0  0  0  0  0  0  0  0  0  0  0
    6.8695   -1.4766    0.0000 H   0  0  0  0  0  0  0  0  0  0  0  0
    2.8660   -1.6200    0.0000 H   0  0  0  0  0  0  0  0  0  0  0  0
    2.8660    1.6200    0.0000 H   0  0  0  0  0  0  0  0  0  0  0  0
    8.3445   -0.6540    0.0000 H   0  0  0  0  0  0  0  0  0  0  0  0
    7.6542   -0.2554    0.0000 H   0  0  0  0  0  0  0  0  0  0  0  0
    1.4631   -0.8100    0.0000 H   0  0  0  0  0  0  0  0  0  0  0  0
    1.4631    0.8100    0.0000 H   0  0  0  0  0  0  0  0  0  0  0  0
  1 13  1  0  0  0  0
  2  9  2  0  0  0  0
  3 10  2  0  0  0  0
  4  5  1  0  0  0  0
  4  9  1  0  0  0  0
  4 10  1  0  0  0  0
  5  8  1  0  0  0  0
  5 16  1  0  0  0  0
  5 17  1  0  0  0  0
  6  7  1  0  0  0  0
  6  9  1  0  0  0  0
  6 11  2  0  0  0  0
  7 10  1  0  0  0  0
  7 12  2  0  0  0  0
  8 13  1  0  0  0  0
  8 18  1  0  0  0  0
  8 19  1  0  0  0  0
 11 14  1  0  0  0  0
 11 20  1  0  0  0  0
 12 15  1  0  0  0  0
 12 21  1  0  0  0  0
 13 22  1  0  0  0  0
 13 23  1  0  0  0  0
 14 15  2  0  0  0  0
 14 24  1  0  0  0  0
 15 25  1  0  0  0  0
M  END
> <PUBCHEM_BONDANNOTATIONS>
11  14  8
12  15  8
14  15  8
6  11  8
6  7  8
7  12  8

$$$$
