233262
  Marvin  12310702213D          

 14 14  0  0  0  0            999 V2000
    0.5618   -3.1410    0.0413 Br  0  0  0  0  0  0  0  0  0  0  0  0
    2.6124    0.7382   -0.4538 O   0  0  0  0  0  0  0  0  0  0  0  0
    2.6782   -1.0323    0.5923 O   0  0  0  0  0  0  0  0  0  0  0  0
   -1.5130   -1.3869    0.0729 N   0  0  0  0  0  0  0  0  0  0  0  0
    0.5936   -0.2165    0.0722 C   0  0  0  0  0  0  0  0  0  0  0  0
   -0.1517    0.9906    0.0672 C   0  0  0  0  0  0  0  0  0  0  0  0
   -0.1560   -1.4223    0.0749 C   0  0  0  0  0  0  0  0  0  0  0  0
   -1.5577    0.9940    0.0653 C   0  0  0  0  0  0  0  0  0  0  0  0
   -2.2302   -0.2377    0.0686 C   0  0  0  0  0  0  0  0  0  0  0  0
    1.9825   -0.1745    0.0705 C   0  0  0  0  0  0  0  0  0  0  0  0
    0.3155    1.9011    0.0735 H   0  0  0  0  0  0  0  0  0  0  0  0
   -2.0780    1.8739    0.0631 H   0  0  0  0  0  0  0  0  0  0  0  0
   -3.2505   -0.2744    0.0665 H   0  0  0  0  0  0  0  0  0  0  0  0
    2.1928    1.3878   -0.8748 H   0  0  0  0  0  0  0  0  0  0  0  0
  1  7  1  0  0  0  0
  2 10  1  0  0  0  0
  2 14  1  0  0  0  0
  3 10  2  0  0  0  0
  4  7  1  0  0  0  0
  4  9  2  0  0  0  0
  5  6  1  0  0  0  0
  5  7  2  0  0  0  0
  5 10  1  0  0  0  0
  6  8  2  0  0  0  0
  6 11  1  0  0  0  0
  8  9  1  0  0  0  0
  8 12  1  0  0  0  0
  9 13  1  0  0  0  0
M  END
> <PUBCHEM_BONDANNOTATIONS>
4  7  8
4  9  8
5  6  8
5  7  8
6  8  8
8  9  8

$$$$
