21648
  Marvin  12300703363D          

 24 24  0  0  0  0            999 V2000
   -1.7281   -3.0624    2.1703 O   0  0  0  0  0  0  0  0  0  0  0  0
    2.3624    4.0629   -0.3372 O   0  0  0  0  0  0  0  0  0  0  0  0
   -0.3978   -0.7731   -0.3787 C   0  0  0  0  0  0  0  0  0  0  0  0
   -0.7397   -1.3561    1.0163 C   0  0  0  0  0  0  0  0  0  0  0  0
    0.3387    0.5131   -0.3393 C   0  0  0  0  0  0  0  0  0  0  0  0
    1.7518    0.5371   -0.3279 C   0  0  0  0  0  0  0  0  0  0  0  0
   -0.3621    1.7402   -0.3267 C   0  0  0  0  0  0  0  0  0  0  0  0
   -1.4693   -2.6167    1.0588 C   0  0  0  0  0  0  0  0  0  0  0  0
    2.4499    1.7578   -0.3273 C   0  0  0  0  0  0  0  0  0  0  0  0
    0.3308    2.9630   -0.3265 C   0  0  0  0  0  0  0  0  0  0  0  0
    1.7397    2.9746   -0.3304 C   0  0  0  0  0  0  0  0  0  0  0  0
   -1.9301   -3.4132   -0.0639 C   0  0  0  0  0  0  0  0  0  0  0  0
   -1.3235   -0.6355   -0.9449 H   0  0  0  0  0  0  0  0  0  0  0  0
    0.1908   -1.5055   -0.9385 H   0  0  0  0  0  0  0  0  0  0  0  0
   -1.3270   -0.6117    1.5636 H   0  0  0  0  0  0  0  0  0  0  0  0
    0.1961   -1.4921    1.5678 H   0  0  0  0  0  0  0  0  0  0  0  0
    2.2883   -0.3353   -0.3254 H   0  0  0  0  0  0  0  0  0  0  0  0
   -1.3859    1.7573   -0.3234 H   0  0  0  0  0  0  0  0  0  0  0  0
    3.4727    1.7521   -0.3274 H   0  0  0  0  0  0  0  0  0  0  0  0
   -0.1968    3.8392   -0.3262 H   0  0  0  0  0  0  0  0  0  0  0  0
   -3.0156   -3.5155   -0.0240 H   0  0  0  0  0  0  0  0  0  0  0  0
   -1.4771   -4.4049   -0.0242 H   0  0  0  0  0  0  0  0  0  0  0  0
   -1.6925   -3.0020   -1.0439 H   0  0  0  0  0  0  0  0  0  0  0  0
    1.9246    4.8269   -0.3413 H   0  0  0  0  0  0  0  0  0  0  0  0
  1  8  2  0  0  0  0
  2 11  1  0  0  0  0
  2 24  1  0  0  0  0
  3  4  1  0  0  0  0
  3  5  1  0  0  0  0
  3 13  1  0  0  0  0
  3 14  1  0  0  0  0
  4  8  1  0  0  0  0
  4 15  1  0  0  0  0
  4 16  1  0  0  0  0
  5  6  2  0  0  0  0
  5  7  1  0  0  0  0
  6  9  1  0  0  0  0
  6 17  1  0  0  0  0
  7 10  2  0  0  0  0
  7 18  1  0  0  0  0
  8 12  1  0  0  0  0
  9 11  2  0  0  0  0
  9 19  1  0  0  0  0
 10 11  1  0  0  0  0
 10 20  1  0  0  0  0
 12 21  1  0  0  0  0
 12 22  1  0  0  0  0
 12 23  1  0  0  0  0
M  END
> <PUBCHEM_BONDANNOTATIONS>
10  11  8
5  6  8
5  7  8
6  9  8
7  10  8
9  11  8

$$$$
