
  ACD/Labs06251410132D

  9  9  0  0  0  0  0  0  0  0  1 V2000
    5.3190   -3.4574    0.0000 O   0  0  0  0  0  0  0  0  0  0  0  0
    3.9893   -3.4574    0.0000 C   0  0  0  0  0  0  0  0  0  0  0  0
    3.3244   -2.3031    0.0000 C   0  0  0  0  0  0  0  0  0  0  0  0
    3.9893   -1.1542    0.0000 C   0  0  0  0  0  0  0  0  0  0  0  0
    3.3244    0.0000    0.0000 C   0  0  0  0  0  0  0  0  0  0  0  0
    1.9946    0.0000    0.0000 C   0  0  0  0  0  0  0  0  0  0  0  0
    1.3298   -1.1542    0.0000 C   0  0  0  0  0  0  0  0  0  0  0  0
    1.9946   -2.3031    0.0000 N   0  0  0  0  0  0  0  0  0  0  0  0
    0.0000   -1.1542    0.0000 Br  0  0  0  0  0  0  0  0  0  0  0  0
  1  2  2  0  0  0  0
  2  3  1  0  0  0  0
  3  4  1  0  0  0  0
  3  8  2  0  0  0  0
  4  5  2  0  0  0  0
  5  6  1  0  0  0  0
  6  7  2  0  0  0  0
  7  8  1  0  0  0  0
  7  9  1  0  0  0  0
M  END
