
  ACD/Labs02211713292D

 11 11  0  0  0  0  0  0  0  0  1 V2000
    1.1546   -5.3209    0.0000 C   0  0  0  0  0  0  0  0  0  0  0  0
    1.1546   -3.9907    0.0000 O   0  0  0  0  0  0  0  0  0  0  0  0
    2.3040   -3.3256    0.0000 C   0  0  0  0  0  0  0  0  0  0  0  0
    2.3040   -1.9953    0.0000 C   0  0  0  0  0  0  0  0  0  0  0  0
    3.4586   -1.3302    0.0000 C   0  0  0  0  0  0  0  0  0  0  0  0
    4.6079   -1.9953    0.0000 C   0  0  0  0  0  0  0  0  0  0  0  0
    4.6079   -3.3256    0.0000 C   0  0  0  0  0  0  0  0  0  0  0  0
    3.4586   -3.9907    0.0000 N   0  0  0  0  0  0  0  0  0  0  0  0
    1.1546   -1.3302    0.0000 B   0  0  0  0  0  0  0  0  0  0  0  0
    1.1546    0.0000    0.0000 O   0  0  0  0  0  0  0  0  0  0  0  0
    0.0000   -1.9953    0.0000 O   0  0  0  0  0  0  0  0  0  0  0  0
  1  2  1  0  0  0  0
  2  3  1  0  0  0  0
  3  4  2  0  0  0  0
  3  8  1  0  0  0  0
  4  5  1  0  0  0  0
  4  9  1  0  0  0  0
  5  6  2  0  0  0  0
  6  7  1  0  0  0  0
  7  8  2  0  0  0  0
  9 10  1  0  0  0  0
  9 11  1  0  0  0  0
M  END
