2762706
  Marvin  12310702243D          

 15 15  0  0  0  0            999 V2000
   -4.4178    0.0975   -0.0000 Br  0  0  0  0  0  0  0  0  0  0  0  0
    2.5065   -0.5239    1.3285 O   0  0  0  0  0  0  0  0  0  0  0  0
    2.5065   -0.5239   -1.3285 O   0  0  0  0  0  0  0  0  0  0  0  0
   -1.9218   -1.1105   -0.0000 N   0  0  0  0  0  0  0  0  0  0  0  0
    0.2315   -0.0686   -0.0000 C   0  0  0  0  0  0  0  0  0  0  0  0
   -0.4016    1.1930    0.0000 C   0  0  0  0  0  0  0  0  0  0  0  0
   -0.5713   -1.2251   -0.0000 C   0  0  0  0  0  0  0  0  0  0  0  0
   -1.8089    1.2773   -0.0000 C   0  0  0  0  0  0  0  0  0  0  0  0
   -2.5605    0.0860   -0.0000 C   0  0  0  0  0  0  0  0  0  0  0  0
    1.7949   -0.2525    0.0000 B   0  0  0  0  0  0  0  0  0  0  0  0
    0.1510    2.0530   -0.0000 H   0  0  0  0  0  0  0  0  0  0  0  0
   -0.1555   -2.1585   -0.0000 H   0  0  0  0  0  0  0  0  0  0  0  0
   -2.2771    2.1850   -0.0000 H   0  0  0  0  0  0  0  0  0  0  0  0
    3.4621   -0.5143    1.1138 H   0  0  0  0  0  0  0  0  0  0  0  0
    3.4621   -0.5143   -1.1138 H   0  0  0  0  0  0  0  0  0  0  0  0
  1  9  1  0  0  0  0
  2 10  1  0  0  0  0
  2 14  1  0  0  0  0
  3 10  1  0  0  0  0
  3 15  1  0  0  0  0
  4  7  1  0  0  0  0
  4  9  2  0  0  0  0
  5  6  1  0  0  0  0
  5  7  2  0  0  0  0
  5 10  1  0  0  0  0
  6  8  2  0  0  0  0
  6 11  1  0  0  0  0
  7 12  1  0  0  0  0
  8  9  1  0  0  0  0
  8 13  1  0  0  0  0
M  END
> <PUBCHEM_BONDANNOTATIONS>
4  7  8
4  9  8
5  6  8
5  7  8
6  8  8
8  9  8

$$$$
