235511
  Marvin  12310702213D          

 22 22  0  0  0  0            999 V2000
   -1.4155   -1.7142    0.1286 S   0  0  2  0  0  0  0  0  0  0  0  0
   -1.5111   -2.3108    1.5985 O   0  0  0  0  0  0  0  0  0  0  0  0
   -2.9088   -1.4210   -0.3360 O   0  0  0  0  0  0  0  0  0  0  0  0
   -0.8966   -2.9025   -0.8865 N   0  0  0  0  0  0  0  0  0  0  0  0
   -1.0958    3.3196   -0.0192 N   0  0  0  0  0  0  0  0  0  0  0  0
   -0.4190   -0.2723    0.1339 C   0  0  0  0  0  0  0  0  0  0  0  0
    1.0061   -0.2646    0.1690 C   0  0  0  0  0  0  0  0  0  0  0  0
   -1.1110    0.9617    0.0999 C   0  0  0  0  0  0  0  0  0  0  0  0
    1.6810    0.9801    0.1289 C   0  0  0  0  0  0  0  0  0  0  0  0
   -0.4272    2.1905    0.0482 C   0  0  0  0  0  0  0  0  0  0  0  0
    0.9777    2.1951    0.0615 C   0  0  0  0  0  0  0  0  0  0  0  0
    1.8746   -1.4679    0.2443 C   0  0  0  0  0  0  0  0  0  0  0  0
   -2.1344    0.9861    0.1050 H   0  0  0  0  0  0  0  0  0  0  0  0
    2.7044    1.0275    0.1496 H   0  0  0  0  0  0  0  0  0  0  0  0
    1.4981    3.0760    0.0272 H   0  0  0  0  0  0  0  0  0  0  0  0
    2.5607   -1.3900    1.0906 H   0  0  0  0  0  0  0  0  0  0  0  0
    2.4648   -1.5514   -0.6709 H   0  0  0  0  0  0  0  0  0  0  0  0
    1.3413   -2.4056    0.3774 H   0  0  0  0  0  0  0  0  0  0  0  0
   -0.2928   -2.7079   -1.5728 H   0  0  0  0  0  0  0  0  0  0  0  0
   -1.2231   -3.7732   -0.7849 H   0  0  0  0  0  0  0  0  0  0  0  0
   -2.0286    3.3152    0.0479 H   0  0  0  0  0  0  0  0  0  0  0  0
   -0.6445    4.1296   -0.1401 H   0  0  0  0  0  0  0  0  0  0  0  0
  1  2  2  0  0  0  0
  1  3  2  0  0  0  0
  1  4  1  0  0  0  0
  1  6  1  0  0  0  0
  4 19  1  0  0  0  0
  4 20  1  0  0  0  0
  5 10  1  0  0  0  0
  5 21  1  0  0  0  0
  5 22  1  0  0  0  0
  6  7  2  0  0  0  0
  6  8  1  0  0  0  0
  7  9  1  0  0  0  0
  7 12  1  0  0  0  0
  8 10  2  0  0  0  0
  8 13  1  0  0  0  0
  9 11  2  0  0  0  0
  9 14  1  0  0  0  0
 10 11  1  0  0  0  0
 11 15  1  0  0  0  0
 12 16  1  0  0  0  0
 12 17  1  0  0  0  0
 12 18  1  0  0  0  0
M  END
> <PUBCHEM_BONDANNOTATIONS>
10  11  8
6  7  8
6  8  8
7  9  8
8  10  8
9  11  8

$$$$
