
  ACLJDraw10251502372D

 12 12  0  0  0  0  0  0  0  0999 V2000
    0.2432   -1.3720    0.0000 O   0  0  0  0  0  0  0  0  0  0  0  0
    1.3716   -1.9756    0.0000 S   0  0  0  0  0  0  0  0  0  0  0  0
    0.2177   -2.6399    0.0000 C   0  0  0  0  0  0  0  0  0  0  0  0
   -0.9318   -1.9681    0.0000 C   0  0  0  0  0  0  0  0  0  0  0  0
   -2.0857   -2.6323    0.0000 C   0  0  0  0  0  0  0  0  0  0  0  0
   -3.2352   -1.9606    0.0000 N   0  0  0  0  0  0  0  0  0  0  0  0
   -2.0900   -3.9625    0.0000 C   0  0  0  0  0  0  0  0  0  0  0  0
   -0.9405   -4.6285    0.0000 C   0  0  0  0  0  0  0  0  0  0  0  0
    0.2134   -3.9700    0.0000 C   0  0  0  0  0  0  0  0  0  0  0  0
    1.3629   -4.6360    0.0000 C   0  0  0  0  0  0  0  0  0  0  0  0
    2.4355   -2.5090    0.0000 N   0  0  0  0  0  0  0  0  0  0  0  0
    2.4903   -1.2468    0.0000 O   0  0  0  0  0  0  0  0  0  0  0  0
  1  2  2  0  0  0  0
  2  3  1  0  0  0  0
  2 11  1  0  0  0  0
  2 12  2  0  0  0  0
  3  4  1  0  0  0  0
  3  9  2  0  0  0  0
  4  5  2  0  0  0  0
  5  6  1  0  0  0  0
  5  7  1  0  0  0  0
  7  8  2  0  0  0  0
  8  9  1  0  0  0  0
  9 10  1  0  0  0  0
M  END
