
  ACD/Labs06251410112D

 12 13  0  0  0  0  0  0  0  0  1 V2000
    0.0000   -1.0115    0.0000 F   0  0  0  0  0  0  0  0  0  0  0  0
    1.1550   -1.6744    0.0000 C   0  0  0  0  0  0  0  0  0  0  0  0
    1.1550   -3.0071    0.0000 C   0  0  0  0  0  0  0  0  0  0  0  0
    2.3032   -3.6700    0.0000 C   0  0  0  0  0  0  0  0  0  0  0  0
    3.4582   -3.0071    0.0000 C   0  0  0  0  0  0  0  0  0  0  0  0
    4.7225   -3.4172    0.0000 N   0  0  0  0  0  0  0  0  0  0  0  0
    5.5016   -2.3373    0.0000 C   0  0  0  0  0  0  0  0  0  0  0  0
    6.8343   -2.3373    0.0000 O   0  0  0  0  0  0  0  0  0  0  0  0
    4.7225   -1.2643    0.0000 C   0  0  0  0  0  0  0  0  0  0  0  0
    5.1326    0.0000    0.0000 O   0  0  0  0  0  0  0  0  0  0  0  0
    3.4582   -1.6744    0.0000 C   0  0  0  0  0  0  0  0  0  0  0  0
    2.3032   -1.0115    0.0000 C   0  0  0  0  0  0  0  0  0  0  0  0
  1  2  1  0  0  0  0
  2  3  1  0  0  0  0
  2 12  2  0  0  0  0
  3  4  2  0  0  0  0
  4  5  1  0  0  0  0
  5  6  1  0  0  0  0
  5 11  2  0  0  0  0
  6  7  1  0  0  0  0
  7  8  2  0  0  0  0
  7  9  1  0  0  0  0
  9 10  2  0  0  0  0
  9 11  1  0  0  0  0
 11 12  1  0  0  0  0
M  END
