2153
  Marvin  12300703363D          

 21 22  0  0  0  0            999 V2000
   -0.8950    2.5786   -0.0000 O   0  0  0  0  0  0  0  0  0  0  0  0
   -1.8506   -1.8231   -0.0000 O   0  0  0  0  0  0  0  0  0  0  0  0
    0.2655   -1.2170   -0.0000 N   0  0  0  0  0  0  0  0  0  0  0  0
   -1.4861    0.3807    0.0000 N   0  0  0  0  0  0  0  0  0  0  0  0
    1.8674    1.8862   -0.0000 N   0  0  0  0  0  0  0  0  0  0  0  0
    2.5071   -0.2182   -0.0000 N   0  0  0  0  0  0  0  0  0  0  0  0
    1.1608   -0.2091   -0.0000 C   0  0  0  0  0  0  0  0  0  0  0  0
    0.7623    1.1255   -0.0000 C   0  0  0  0  0  0  0  0  0  0  0  0
   -0.5972    1.3891    0.0000 C   0  0  0  0  0  0  0  0  0  0  0  0
   -1.0420   -0.8972   -0.0000 C   0  0  0  0  0  0  0  0  0  0  0  0
    0.7326   -2.5536   -0.0000 C   0  0  0  0  0  0  0  0  0  0  0  0
   -2.8733    0.7038    0.0000 C   0  0  0  0  0  0  0  0  0  0  0  0
    2.9223    1.0578   -0.0000 C   0  0  0  0  0  0  0  0  0  0  0  0
    1.9062    2.8553    0.0000 H   0  0  0  0  0  0  0  0  0  0  0  0
    0.3680   -3.0758   -0.8874 H   0  0  0  0  0  0  0  0  0  0  0  0
    0.3680   -3.0758    0.8874 H   0  0  0  0  0  0  0  0  0  0  0  0
    1.8177   -2.6858   -0.0000 H   0  0  0  0  0  0  0  0  0  0  0  0
   -3.1346    1.2873    0.8865 H   0  0  0  0  0  0  0  0  0  0  0  0
   -3.1346    1.2873   -0.8865 H   0  0  0  0  0  0  0  0  0  0  0  0
   -3.5665   -0.1407    0.0000 H   0  0  0  0  0  0  0  0  0  0  0  0
    3.9021    1.3447    0.0000 H   0  0  0  0  0  0  0  0  0  0  0  0
  1  9  2  0  0  0  0
  2 10  2  0  0  0  0
  3  7  1  0  0  0  0
  3 10  1  0  0  0  0
  3 11  1  0  0  0  0
  4  9  1  0  0  0  0
  4 10  1  0  0  0  0
  4 12  1  0  0  0  0
  5  8  1  0  0  0  0
  5 13  1  0  0  0  0
  5 14  1  0  0  0  0
  6  7  1  0  0  0  0
  6 13  2  0  0  0  0
  7  8  2  0  0  0  0
  8  9  1  0  0  0  0
 11 15  1  0  0  0  0
 11 16  1  0  0  0  0
 11 17  1  0  0  0  0
 12 18  1  0  0  0  0
 12 19  1  0  0  0  0
 12 20  1  0  0  0  0
 13 21  1  0  0  0  0
M  END
> <PUBCHEM_BONDANNOTATIONS>
3  10  8
3  7  8
4  10  8
4  9  8
5  13  8
5  8  8
6  13  8
6  7  8
7  8  8
8  9  8

$$$$
