
  ACD/Labs03221914022D

 13 14  0  0  0  0  0  0  0  0  1 V2000
    2.3069   -5.3186    0.0000 C   0  0  0  0  0  0  0  0  0  0  0  0
    2.3069   -3.9862    0.0000 N   0  0  0  0  0  0  0  0  0  0  0  0
    3.4576   -3.3255    0.0000 C   0  0  0  0  0  0  0  0  0  0  0  0
    3.4576   -1.9931    0.0000 C   0  0  0  0  0  0  0  0  0  0  0  0
    2.3069   -1.3269    0.0000 C   0  0  0  0  0  0  0  0  0  0  0  0
    1.1507   -1.9931    0.0000 N   0  0  0  0  0  0  0  0  0  0  0  0
    0.0000   -1.3269    0.0000 C   0  0  0  0  0  0  0  0  0  0  0  0
    1.1507   -3.3255    0.0000 C   0  0  0  0  0  0  0  0  0  0  0  0
    0.0000   -3.9862    0.0000 O   0  0  0  0  0  0  0  0  0  0  0  0
    2.3069    0.0000    0.0000 O   0  0  0  0  0  0  0  0  0  0  0  0
    4.7240   -1.5857    0.0000 N   0  0  0  0  0  0  0  0  0  0  0  0
    5.5058   -2.6593    0.0000 C   0  0  0  0  0  0  0  0  0  0  0  0
    4.7240   -3.7329    0.0000 N   0  0  0  0  0  0  0  0  0  0  0  0
  1  2  1  0  0  0  0
  2  3  1  0  0  0  0
  2  8  1  0  0  0  0
  3  4  2  0  0  0  0
  3 13  1  0  0  0  0
  4  5  1  0  0  0  0
  4 11  1  0  0  0  0
  5  6  1  0  0  0  0
  5 10  2  0  0  0  0
  6  7  1  0  0  0  0
  6  8  1  0  0  0  0
  8  9  2  0  0  0  0
 11 12  2  0  0  0  0
 12 13  1  0  0  0  0
M  END
