
  ACD/Labs03221914022D

  9  9  0  0  0  0  0  0  0  0  1 V2000
    0.0000    0.0000    0.0000 C   0  0  0  0  0  0  0  0  0  0  0  0
    1.1520   -0.6636    0.0000 C   0  0  0  0  0  0  0  0  0  0  0  0
    2.3041    0.0000    0.0000 C   0  0  0  0  0  0  0  0  0  0  0  0
    3.4561   -0.6636    0.0000 C   0  0  0  0  0  0  0  0  0  0  0  0
    3.4561   -1.9953    0.0000 C   0  0  0  0  0  0  0  0  0  0  0  0
    2.3041   -2.6589    0.0000 C   0  0  0  0  0  0  0  0  0  0  0  0
    1.1520   -1.9953    0.0000 C   0  0  0  0  0  0  0  0  0  0  0  0
    0.0000   -2.6589    0.0000 Cl  0  0  0  0  0  0  0  0  0  0  0  0
    4.6082    0.0000    0.0000 O   0  0  0  0  0  0  0  0  0  0  0  0
  1  2  1  0  0  0  0
  2  3  2  0  0  0  0
  2  7  1  0  0  0  0
  3  4  1  0  0  0  0
  4  5  2  0  0  0  0
  4  9  1  0  0  0  0
  5  6  1  0  0  0  0
  6  7  2  0  0  0  0
  7  8  1  0  0  0  0
M  END
