Phenol, 4-chloro-3-methyl-, ID: C59507
 OpenBabel04210820133D

 16 16  0  0  0  0  0  0  0  0999 V2000
   -0.0184    1.5028    0.0103 C   0  0  0  0  0
    0.0021   -0.0041    0.0020 C   0  0  0  0  0
    0.0229   -0.7006    1.1946 C   0  0  0  0  0
   -0.0058   -0.6891   -1.2004 C   0  0  0  0  0
    0.0412   -2.0879    1.1864 C   0  0  0  0  0
    0.0612   -2.7750    2.3590 O   0  0  0  0  0
    0.0386   -2.7726   -0.0198 C   0  0  0  0  0
    0.0120   -2.0724   -1.2106 C   0  0  0  0  0
   -0.0386    0.1885   -2.6979 Cl  0  0  0  0  0
    1.0042    1.8801    0.0026 H   0  0  0  0  0
   -0.5455    1.8639   -0.8728 H   0  0  0  0  0
   -0.5286    1.8543    0.9071 H   0  0  0  0  0
    0.0252   -0.1657    2.1328 H   0  0  0  0  0
   -0.8163   -2.9856    2.7065 H   0  0  0  0  0
    0.0529   -3.8525   -0.0281 H   0  0  0  0  0
    0.0055   -2.6053   -2.1499 H   0  0  0  0  0
  1  2  1  0  0  0
  1 10  1  0  0  0
  1 11  1  0  0  0
  1 12  1  0  0  0
  2  3  2  0  0  0
  4  2  1  0  0  0
  3  5  1  0  0  0
  3 13  1  0  0  0
  8  4  2  0  0  0
  4  9  1  0  0  0
  5  6  1  0  0  0
  5  7  2  0  0  0
  6 14  1  0  0  0
  7  8  1  0  0  0
  7 15  1  0  0  0
  8 16  1  0  0  0
M  END
