
  ACD/Labs03221913572D

  9  9  0  0  0  0  0  0  0  0  1 V2000
    3.4536    0.0000    0.0000 C   0  0  0  0  0  0  0  0  0  0  0  0
    2.3063   -0.6631    0.0000 C   0  0  0  0  0  0  0  0  0  0  0  0
    2.3063   -1.9949    0.0000 C   0  0  0  0  0  0  0  0  0  0  0  0
    3.4594   -2.6580    0.0000 C   0  0  0  0  0  0  0  0  0  0  0  0
    4.6126   -1.9892    0.0000 C   0  0  0  0  0  0  0  0  0  0  0  0
    4.6068   -0.6688    0.0000 C   0  0  0  0  0  0  0  0  0  0  0  0
    5.7657   -2.6580    0.0000 O   0  0  0  0  0  0  0  0  0  0  0  0
    1.1531   -2.6580    0.0000 C   0  0  0  0  0  0  0  0  0  0  0  0
    0.0000   -1.9892    0.0000 O   0  0  0  0  0  0  0  0  0  0  0  0
  1  2  2  0  0  0  0
  1  6  1  0  0  0  0
  2  3  1  0  0  0  0
  3  4  2  0  0  0  0
  3  8  1  0  0  0  0
  4  5  1  0  0  0  0
  5  6  2  0  0  0  0
  5  7  1  0  0  0  0
  8  9  2  0  0  0  0
M  END
