M-HYDROXYBENZALDEHYDE
  DSViewer          3D                             0

  9  9  0  0  0  0  0  0  0  0999 V2000
   -1.0912    2.5208    0.8849 O   0  0  0  0  0  0  0  0  0  0
   -0.1517    2.4402    0.0859 C   0  0  0  0  0  0  0  0  0  1
    0.6373    1.2131    0.0112 C   0  0  0  0  0  0  0  0  0  2
    1.6947    1.1196   -0.8866 C   0  0  0  0  0  0  0  0  0  3
    2.4452   -0.0487   -0.9570 C   0  0  0  0  0  0  0  0  0  4
    2.1380   -1.1230   -0.1296 C   0  0  0  0  0  0  0  0  0  5
    1.0804   -1.0290    0.7681 C   0  0  0  0  0  0  0  0  0  6
    0.7732   -2.1035    1.5957 O   0  0  0  0  0  0  0  0  0  7
    0.3299    0.1392    0.8387 C   0  0  0  0  0  0  0  0  0  8
  9  3  4  0  0  0
  7  9  4  0  0  0
  7  8  1  0  0  0
  6  7  4  0  0  0
  5  6  4  0  0  0
  4  5  4  0  0  0
  3  4  4  0  0  0
  2  3  1  0  0  0
  1  2  2  0  0  0
M  END
