2-HYDROXY-3-METHOXYBENZALDEHYDE
  DSViewer          3D                             0

 11 11  0  0  0  0  0  0  0  0999 V2000
   -0.9740    2.7165   -1.7963 C   0  0  0  0  0  0  0  0  0  0
   -0.9644    1.9132   -0.6069 O   0  0  0  0  0  0  0  0  0  1
    0.2184    1.1615   -0.5065 C   0  0  0  0  0  0  0  0  0  2
    1.2058    1.2456   -1.4841 C   0  0  0  0  0  0  0  0  0  3
    2.3699    0.4940   -1.3679 C   0  0  0  0  0  0  0  0  0  4
    2.5495   -0.3439   -0.2735 C   0  0  0  0  0  0  0  0  0  5
    1.5645   -0.4290    0.7035 C   0  0  0  0  0  0  0  0  0  6
    1.7522   -1.3091    1.8539 C   0  0  0  0  0  0  0  0  0  7
    2.7871   -1.9768    1.9564 O   0  0  0  0  0  0  0  0  0  8
    0.4010    0.3225    0.5869 C   0  0  0  0  0  0  0  0  0  9
   -0.5822    0.2352    1.5656 O   0  0  0  0  0  0  0  0  0 10
 10 11  1  0  0  0
 10  3  4  0  0  0
  7 10  4  0  0  0
  8  9  2  0  0  0
  7  8  1  0  0  0
  6  7  4  0  0  0
  5  6  4  0  0  0
  4  5  4  0  0  0
  3  4  4  0  0  0
  2  3  1  0  0  0
  1  2  1  0  0  0
M  END
