p-METHOXYBENZONITRILE
  DSViewer          3D                             0

 10 10  0  0  0  0  0  0  0  0999 V2000
   -1.9763    1.5796   -1.4108 C   0  0  0  0  0  0  0  0  0  0
   -1.5994    0.5715   -0.4504 O   0  0  0  0  0  0  0  0  0  1
   -0.2303    0.5734   -0.2915 C   0  0  0  0  0  0  0  0  0  2
    0.5500    1.3630   -1.1302 C   0  0  0  0  0  0  0  0  0  3
    1.8715    1.5857   -0.8185 C   0  0  0  0  0  0  0  0  0  4
    2.3431    1.0038    0.3370 C   0  0  0  0  0  0  0  0  0  5
    2.9607    1.9296    1.1174 C   0  0  0  0  0  0  0  0  0  6
    3.4763    2.7085    1.7799 N   0  0  0  0  0  0  0  0  0  7
    1.6351    0.1061    1.1132 C   0  0  0  0  0  0  0  0  0  8
    0.3180   -0.1303    0.7748 C   0  0  0  0  0  0  0  0  0  9
 10  3  4  0  0  0
  9 10  4  0  0  0
  6  9  4  0  0  0
  7  8  3  0  0  0
  6  7  1  0  0  0
  5  6  4  0  0  0
  4  5  4  0  0  0
  3  4  4  0  0  0
  2  3  1  0  0  0
  1  2  1  0  0  0
M  END
