
  ACD/Labs06251410102D

 10 10  0  0  0  0  0  0  0  0  1 V2000
    4.6533   -5.7590    0.0000 C   0  0  0  0  0  0  0  0  0  0  0  0
    3.3229   -5.7590    0.0000 O   0  0  0  0  0  0  0  0  0  0  0  0
    2.6606   -4.6072    0.0000 C   0  0  0  0  0  0  0  0  0  0  0  0
    3.3229   -3.4554    0.0000 C   0  0  0  0  0  0  0  0  0  0  0  0
    2.6606   -2.3036    0.0000 C   0  0  0  0  0  0  0  0  0  0  0  0
    1.3303   -2.3036    0.0000 C   0  0  0  0  0  0  0  0  0  0  0  0
    0.6623   -3.4554    0.0000 C   0  0  0  0  0  0  0  0  0  0  0  0
    1.3303   -4.6072    0.0000 C   0  0  0  0  0  0  0  0  0  0  0  0
    0.6623   -1.1518    0.0000 C   0  0  0  0  0  0  0  0  0  0  0  0
    0.0000    0.0000    0.0000 N   0  0  0  0  0  0  0  0  0  0  0  0
  1  2  1  0  0  0  0
  2  3  1  0  0  0  0
  3  4  1  0  0  0  0
  3  8  2  0  0  0  0
  4  5  2  0  0  0  0
  5  6  1  0  0  0  0
  6  7  2  0  0  0  0
  6  9  1  0  0  0  0
  7  8  1  0  0  0  0
  9 10  3  0  0  0  0
M  END
