243166
  Marvin  12310702533D          

 18 18  0  0  0  0            999 V2000
    2.4977   -1.0781    0.6733 O   0  5  0  0  0  0  0  0  0  0  0  0
    2.5559    0.2329   -0.7947 O   0  0  0  0  0  0  0  0  0  0  0  0
   -1.5653   -1.4341    0.0016 N   0  0  0  0  0  0  0  0  0  0  0  0
    1.8976   -0.3735   -0.0460 N   0  3  0  0  0  0  0  0  0  0  0  0
    0.2831   -2.6987   -0.1471 N   0  0  0  0  0  0  0  0  0  0  0  0
   -0.1461    0.9474    0.0342 C   0  0  0  0  0  0  0  0  0  0  0  0
    0.5631   -0.2923   -0.0203 C   0  0  0  0  0  0  0  0  0  0  0  0
   -0.2125   -1.4862   -0.0478 C   0  0  0  0  0  0  0  0  0  0  0  0
   -1.5616    0.9404    0.0606 C   0  0  0  0  0  0  0  0  0  0  0  0
    0.4870    2.2925    0.0909 C   0  0  0  0  0  0  0  0  0  0  0  0
   -2.2596   -0.2766    0.0562 C   0  0  0  0  0  0  0  0  0  0  0  0
   -2.1049    1.8078    0.0931 H   0  0  0  0  0  0  0  0  0  0  0  0
    0.1170    2.8479    0.9555 H   0  0  0  0  0  0  0  0  0  0  0  0
    0.2407    2.8546   -0.8124 H   0  0  0  0  0  0  0  0  0  0  0  0
    1.5710    2.2839    0.1864 H   0  0  0  0  0  0  0  0  0  0  0  0
   -3.2798   -0.2999    0.0908 H   0  0  0  0  0  0  0  0  0  0  0  0
   -0.2815   -3.4433   -0.0737 H   0  0  0  0  0  0  0  0  0  0  0  0
    1.1983   -2.8247   -0.3005 H   0  0  0  0  0  0  0  0  0  0  0  0
  1  4  1  0  0  0  0
  2  4  2  0  0  0  0
  3  8  2  0  0  0  0
  3 11  1  0  0  0  0
  4  7  1  0  0  0  0
  5  8  1  0  0  0  0
  5 17  1  0  0  0  0
  5 18  1  0  0  0  0
  6  7  2  0  0  0  0
  6  9  1  0  0  0  0
  6 10  1  0  0  0  0
  7  8  1  0  0  0  0
  9 11  2  0  0  0  0
  9 12  1  0  0  0  0
 10 13  1  0  0  0  0
 10 14  1  0  0  0  0
 10 15  1  0  0  0  0
 11 16  1  0  0  0  0
M  CHG  2   1  -1   4   1
M  END
> <PUBCHEM_BONDANNOTATIONS>
3  11  8
3  8  8
6  7  8
6  9  8
7  8  8
9  11  8

$$$$
