
  ACD/Labs02211713242D

 11 11  0  0  0  0  0  0  0  0  2 V2000
    4.6078   -1.9952    0.0000 O   0  0  0  0  0  0  0  0  0  0  0  0
    3.4559   -2.6587    0.0000 N   0  3  0  0  0  0  0  0  0  0  0  0
    3.4559   -3.9904    0.0000 O   0  5  0  0  0  0  0  0  0  0  0  0
    2.3039   -1.9952    0.0000 C   0  0  0  0  0  0  0  0  0  0  0  0
    2.3039   -0.6681    0.0000 C   0  0  0  0  0  0  0  0  0  0  0  0
    3.4559    0.0000    0.0000 N   0  0  0  0  0  0  0  0  0  0  0  0
    1.1520    0.0000    0.0000 N   0  0  0  0  0  0  0  0  0  0  0  0
    0.0000   -0.6681    0.0000 C   0  0  0  0  0  0  0  0  0  0  0  0
    0.0000   -1.9952    0.0000 C   0  0  0  0  0  0  0  0  0  0  0  0
    1.1520   -2.6587    0.0000 C   0  0  0  0  0  0  0  0  0  0  0  0
    1.1520   -3.9904    0.0000 C   0  0  0  0  0  0  0  0  0  0  0  0
  1  2  2  0  0  0  0
  2  3  1  0  0  0  0
  2  4  1  0  0  0  0
  4  5  2  0  0  0  0
  4 10  1  0  0  0  0
  5  6  1  0  0  0  0
  5  7  1  0  0  0  0
  7  8  2  0  0  0  0
  8  9  1  0  0  0  0
  9 10  2  0  0  0  0
 10 11  1  0  0  0  0
M  CHG  2   2   1   3  -1
M  END
