22691
  Marvin  12300703363D          

 16 16  0  0  0  0            999 V2000
    1.3204    3.0783    0.0513 Cl  0  0  0  0  0  0  0  0  0  0  0  0
   -2.7984   -2.1081   -0.0837 O   0  5  0  0  0  0  0  0  0  0  0  0
   -1.1312   -3.0955   -0.0779 O   0  0  0  0  0  0  0  0  0  0  0  0
   -1.6281   -2.0380   -0.0752 N   0  3  0  0  0  0  0  0  0  0  0  0
    2.5198    0.2927    0.1316 N   0  0  0  0  0  0  0  0  0  0  0  0
   -0.9418   -0.8808   -0.0559 C   0  0  0  0  0  0  0  0  0  0  0  0
    1.2080    0.3528    0.0453 C   0  0  0  0  0  0  0  0  0  0  0  0
    0.4768   -0.8528   -0.0128 C   0  0  0  0  0  0  0  0  0  0  0  0
   -1.5997    0.3755   -0.0684 C   0  0  0  0  0  0  0  0  0  0  0  0
    0.5166    1.5844    0.0210 C   0  0  0  0  0  0  0  0  0  0  0  0
   -0.8892    1.5890   -0.0386 C   0  0  0  0  0  0  0  0  0  0  0  0
    0.9971   -1.7350   -0.0129 H   0  0  0  0  0  0  0  0  0  0  0  0
   -2.6207    0.4291   -0.0993 H   0  0  0  0  0  0  0  0  0  0  0  0
   -1.4097    2.4699   -0.0588 H   0  0  0  0  0  0  0  0  0  0  0  0
    2.9612   -0.5259    0.0301 H   0  0  0  0  0  0  0  0  0  0  0  0
    3.0189    1.0645    0.3042 H   0  0  0  0  0  0  0  0  0  0  0  0
  1 10  1  0  0  0  0
  2  4  1  0  0  0  0
  3  4  2  0  0  0  0
  4  6  1  0  0  0  0
  5  7  1  0  0  0  0
  5 15  1  0  0  0  0
  5 16  1  0  0  0  0
  6  8  2  0  0  0  0
  6  9  1  0  0  0  0
  7  8  1  0  0  0  0
  7 10  2  0  0  0  0
  8 12  1  0  0  0  0
  9 11  2  0  0  0  0
  9 13  1  0  0  0  0
 10 11  1  0  0  0  0
 11 14  1  0  0  0  0
M  CHG  2   2  -1   4   1
M  END
> <PUBCHEM_BONDANNOTATIONS>
10  11  8
6  8  8
6  9  8
7  10  8
7  8  8
9  11  8

$$$$
