
  ACD/Labs04281710402D

 15 15  0  0  0  0  0  0  0  0  1 V2000
    7.8041   -8.0621    0.0000 O   0  0  0  0  0  0  0  0  0  0  0  0
    7.1350   -6.9092    0.0000 C   0  0  0  0  0  0  0  0  0  0  0  0
    5.8047   -6.9092    0.0000 C   0  0  0  0  0  0  0  0  0  0  0  0
    5.1436   -5.7564    0.0000 N   0  0  0  0  0  0  0  0  0  0  0  0
    5.8047   -4.6035    0.0000 C   0  0  0  0  0  0  0  0  0  0  0  0
    5.1436   -3.4587    0.0000 C   0  0  0  0  0  0  0  0  0  0  0  0
    3.8134   -3.4587    0.0000 N   0  0  0  0  0  0  0  0  0  0  0  0
    3.1442   -4.6035    0.0000 C   0  0  0  0  0  0  0  0  0  0  0  0
    3.8134   -5.7564    0.0000 C   0  0  0  0  0  0  0  0  0  0  0  0
    3.1442   -2.3058    0.0000 C   0  0  0  0  0  0  0  0  0  0  0  0
    1.8140   -2.3058    0.0000 C   0  0  0  0  0  0  0  0  0  0  0  0
    1.1529   -1.1529    0.0000 S   0  0  0  0  0  0  0  0  0  0  0  0
    2.3058   -0.4837    0.0000 O   0  0  0  0  0  0  0  0  0  0  0  0
    0.0000   -1.8140    0.0000 O   0  0  0  0  0  0  0  0  0  0  0  0
    0.4837    0.0000    0.0000 O   0  0  0  0  0  0  0  0  0  0  0  0
  1  2  1  0  0  0  0
  2  3  1  0  0  0  0
  3  4  1  0  0  0  0
  4  5  1  0  0  0  0
  4  9  1  0  0  0  0
  5  6  1  0  0  0  0
  6  7  1  0  0  0  0
  7  8  1  0  0  0  0
  7 10  1  0  0  0  0
  8  9  1  0  0  0  0
 10 11  1  0  0  0  0
 11 12  1  0  0  0  0
 12 13  2  0  0  0  0
 12 14  2  0  0  0  0
 12 15  1  0  0  0  0
M  END
