2375
  Marvin  12300703363D          

 43 44  0  0  1  0            999 V2000
   -1.9137    1.3697    3.2731 S   0  0  2  0  0  0  0  0  0  0  0  0
    1.1497    6.3746    2.9857 F   0  0  0  0  0  0  0  0  0  0  0  0
    1.7191   -1.5312   -5.9238 F   0  0  0  0  0  0  0  0  0  0  0  0
   -0.0455   -2.8950   -5.9114 F   0  0  0  0  0  0  0  0  0  0  0  0
    1.9460   -3.6525   -6.3226 F   0  0  0  0  0  0  0  0  0  0  0  0
   -0.6074    1.3726    0.3370 O   0  0  0  0  0  0  0  0  0  0  0  0
   -1.8682    0.8936    4.7903 O   0  0  0  0  0  0  0  0  0  0  0  0
   -3.4548    1.5547    2.9266 O   0  0  0  0  0  0  0  0  0  0  0  0
    0.4688   -1.5761    0.9752 O   0  0  0  0  0  0  0  0  0  0  0  0
    0.0051   -1.1059   -1.1128 N   0  0  0  0  0  0  0  0  0  0  0  0
    3.5033   -5.6672   -4.4789 N   0  0  0  0  0  0  0  0  0  0  0  0
   -1.0963    0.0915    0.7421 C   0  0  1  0  0  0  0  0  0  0  0  0
   -1.1695    0.0333    2.3139 C   0  0  0  0  0  0  0  0  0  0  0  0
   -2.5255   -0.0489    0.1411 C   0  0  0  0  0  0  0  0  0  0  0  0
   -0.1740   -0.9103    0.1752 C   0  0  0  0  0  0  0  0  0  0  0  0
   -0.9898    2.8444    3.1918 C   0  0  0  0  0  0  0  0  0  0  0  0
    0.7140   -2.0291   -1.7972 C   0  0  0  0  0  0  0  0  0  0  0  0
    0.4236    2.8293    3.1954 C   0  0  0  0  0  0  0  0  0  0  0  0
   -1.6596    4.0834    3.1301 C   0  0  0  0  0  0  0  0  0  0  0  0
    0.6886   -1.9921   -3.2133 C   0  0  0  0  0  0  0  0  0  0  0  0
    1.1537    4.0289    3.1166 C   0  0  0  0  0  0  0  0  0  0  0  0
   -0.9322    5.2853    3.0621 C   0  0  0  0  0  0  0  0  0  0  0  0
    1.4912   -3.0620   -1.2200 C   0  0  0  0  0  0  0  0  0  0  0  0
    1.3912   -2.9168   -4.0389 C   0  0  0  0  0  0  0  0  0  0  0  0
    0.4752    5.2599    3.0521 C   0  0  0  0  0  0  0  0  0  0  0  0
    2.1621   -3.9242   -3.3905 C   0  0  0  0  0  0  0  0  0  0  0  0
    2.2052   -3.9891   -1.9849 C   0  0  0  0  0  0  0  0  0  0  0  0
    1.2661   -2.7649   -5.5233 C   0  0  1  0  0  0  0  0  0  0  0  0
    2.8702   -4.8448   -3.9895 C   0  0  0  0  0  0  0  0  0  0  0  0
   -1.6677   -0.8906    2.6176 H   0  0  0  0  0  0  0  0  0  0  0  0
   -0.1635   -0.0261    2.7318 H   0  0  0  0  0  0  0  0  0  0  0  0
   -2.9863   -0.9939    0.4374 H   0  0  0  0  0  0  0  0  0  0  0  0
   -2.5181   -0.0075   -0.9499 H   0  0  0  0  0  0  0  0  0  0  0  0
   -3.1787    0.7607    0.4690 H   0  0  0  0  0  0  0  0  0  0  0  0
   -0.4540   -0.4952   -1.6548 H   0  0  0  0  0  0  0  0  0  0  0  0
    0.3068    1.4419    0.6842 H   0  0  0  0  0  0  0  0  0  0  0  0
    0.9477    1.9545    3.2548 H   0  0  0  0  0  0  0  0  0  0  0  0
   -2.6810    4.1270    3.1359 H   0  0  0  0  0  0  0  0  0  0  0  0
    0.1299   -1.2589   -3.6627 H   0  0  0  0  0  0  0  0  0  0  0  0
    2.1765    4.0002    3.1079 H   0  0  0  0  0  0  0  0  0  0  0  0
   -1.4337    6.1750    3.0201 H   0  0  0  0  0  0  0  0  0  0  0  0
    1.5796   -3.1983   -0.2171 H   0  0  0  0  0  0  0  0  0  0  0  0
    2.7455   -4.6999   -1.4756 H   0  0  0  0  0  0  0  0  0  0  0  0
  1  7  2  0  0  0  0
  1  8  2  0  0  0  0
  1 13  1  0  0  0  0
  1 16  1  0  0  0  0
  2 25  1  0  0  0  0
  3 28  1  0  0  0  0
  4 28  1  0  0  0  0
  5 28  1  0  0  0  0
  6 12  1  0  0  0  0
  6 36  1  0  0  0  0
  9 15  2  0  0  0  0
 10 15  1  0  0  0  0
 10 17  1  0  0  0  0
 10 35  1  0  0  0  0
 11 29  3  0  0  0  0
 12 13  1  0  0  0  0
 12 14  1  0  0  0  0
 12 15  1  0  0  0  0
 13 30  1  0  0  0  0
 13 31  1  0  0  0  0
 14 32  1  0  0  0  0
 14 33  1  0  0  0  0
 14 34  1  0  0  0  0
 16 18  2  0  0  0  0
 16 19  1  0  0  0  0
 17 20  2  0  0  0  0
 17 23  1  0  0  0  0
 18 21  1  0  0  0  0
 18 37  1  0  0  0  0
 19 22  2  0  0  0  0
 19 38  1  0  0  0  0
 20 24  1  0  0  0  0
 20 39  1  0  0  0  0
 21 25  2  0  0  0  0
 21 40  1  0  0  0  0
 22 25  1  0  0  0  0
 22 41  1  0  0  0  0
 23 27  2  0  0  0  0
 23 42  1  0  0  0  0
 24 26  2  0  0  0  0
 24 28  1  0  0  0  0
 26 27  1  0  0  0  0
 26 29  1  0  0  0  0
 27 43  1  0  0  0  0
M  END
> <PUBCHEM_BONDANNOTATIONS>
12  14  3
16  18  8
16  19  8
17  20  8
17  23  8
18  21  8
19  22  8
20  24  8
21  25  8
22  25  8
23  27  8
24  26  8
26  27  8

$$$$
