25127
  Marvin  12300703363D          

 29 29  0  0  0  0            999 V2000
    1.6310    2.5208    0.1133 O   0  0  0  0  0  0  0  0  0  0  0  0
   -0.0119    3.3422   -0.9996 O   0  0  0  0  0  0  0  0  0  0  0  0
   -1.7535   -2.7162   -0.2573 N   0  0  0  0  0  0  0  0  0  0  0  0
   -1.2263   -1.4873   -0.3990 C   0  0  0  0  0  0  0  0  0  0  0  0
   -0.0306    1.1161   -0.5310 C   0  0  0  0  0  0  0  0  0  0  0  0
    0.1770   -1.3296   -0.4311 C   0  0  0  0  0  0  0  0  0  0  0  0
   -2.0266   -0.3245   -0.4841 C   0  0  0  0  0  0  0  0  0  0  0  0
    0.7622   -0.0553   -0.4961 C   0  0  0  0  0  0  0  0  0  0  0  0
   -1.4384    0.9530   -0.5521 C   0  0  0  0  0  0  0  0  0  0  0  0
   -2.4052   -3.0347    0.9523 C   0  0  0  0  0  0  0  0  0  0  0  0
   -1.4813   -3.7225   -1.2073 C   0  0  0  0  0  0  0  0  0  0  0  0
    0.5526    2.3783   -0.4933 C   0  0  0  0  0  0  0  0  0  0  0  0
    2.2391    3.5948    0.6323 C   0  0  0  0  0  0  0  0  0  0  0  0
    3.6139    3.2180    1.2157 C   0  0  0  0  0  0  0  0  0  0  0  0
    0.7921   -2.1461   -0.3879 H   0  0  0  0  0  0  0  0  0  0  0  0
   -3.0481   -0.3961   -0.4844 H   0  0  0  0  0  0  0  0  0  0  0  0
    1.7850   -0.0040   -0.5068 H   0  0  0  0  0  0  0  0  0  0  0  0
   -2.0613    1.7654   -0.5898 H   0  0  0  0  0  0  0  0  0  0  0  0
   -3.0679   -2.2431    1.3111 H   0  0  0  0  0  0  0  0  0  0  0  0
   -3.0233   -3.9337    0.8942 H   0  0  0  0  0  0  0  0  0  0  0  0
   -1.6510   -3.2120    1.7228 H   0  0  0  0  0  0  0  0  0  0  0  0
   -2.2831   -4.4595   -1.2899 H   0  0  0  0  0  0  0  0  0  0  0  0
   -1.3306   -3.3281   -2.2163 H   0  0  0  0  0  0  0  0  0  0  0  0
   -0.5727   -4.2557   -0.9176 H   0  0  0  0  0  0  0  0  0  0  0  0
    1.6168    3.9921    1.4395 H   0  0  0  0  0  0  0  0  0  0  0  0
    2.3748    4.3759   -0.1202 H   0  0  0  0  0  0  0  0  0  0  0  0
    4.0636    4.0894    1.6957 H   0  0  0  0  0  0  0  0  0  0  0  0
    3.5193    2.4262    1.9618 H   0  0  0  0  0  0  0  0  0  0  0  0
    4.2846    2.8762    0.4250 H   0  0  0  0  0  0  0  0  0  0  0  0
  1 12  1  0  0  0  0
  1 13  1  0  0  0  0
  2 12  2  0  0  0  0
  3  4  1  0  0  0  0
  3 10  1  0  0  0  0
  3 11  1  0  0  0  0
  4  6  2  0  0  0  0
  4  7  1  0  0  0  0
  5  8  2  0  0  0  0
  5  9  1  0  0  0  0
  5 12  1  0  0  0  0
  6  8  1  0  0  0  0
  6 15  1  0  0  0  0
  7  9  2  0  0  0  0
  7 16  1  0  0  0  0
  8 17  1  0  0  0  0
  9 18  1  0  0  0  0
 10 19  1  0  0  0  0
 10 20  1  0  0  0  0
 10 21  1  0  0  0  0
 11 22  1  0  0  0  0
 11 23  1  0  0  0  0
 11 24  1  0  0  0  0
 13 14  1  0  0  0  0
 13 25  1  0  0  0  0
 13 26  1  0  0  0  0
 14 27  1  0  0  0  0
 14 28  1  0  0  0  0
 14 29  1  0  0  0  0
M  END
> <PUBCHEM_BONDANNOTATIONS>
4  6  8
4  7  8
5  8  8
5  9  8
6  8  8
7  9  8

$$$$
