
  ACD/Labs04281713162D

 14 14  0  0  0  0  0  0  0  0  1 V2000
    3.3282   -6.9125    0.0000 O   0  0  0  0  0  0  0  0  0  0  0  0
    3.9866   -5.7640    0.0000 C   0  0  0  0  0  0  0  0  0  0  0  0
    5.3178   -5.7640    0.0000 O   0  0  0  0  0  0  0  0  0  0  0  0
    5.9835   -4.6083    0.0000 C   0  0  0  0  0  0  0  0  0  0  0  0
    7.3148   -4.6083    0.0000 C   0  0  0  0  0  0  0  0  0  0  0  0
    3.3282   -4.6083    0.0000 C   0  0  0  0  0  0  0  0  0  0  0  0
    3.9866   -3.4599    0.0000 C   0  0  0  0  0  0  0  0  0  0  0  0
    3.3282   -2.3042    0.0000 C   0  0  0  0  0  0  0  0  0  0  0  0
    1.9969   -2.3042    0.0000 C   0  0  0  0  0  0  0  0  0  0  0  0
    1.3313   -1.1557    0.0000 N   0  0  0  0  0  0  0  0  0  0  0  0
    1.9969    0.0000    0.0000 C   0  0  0  0  0  0  0  0  0  0  0  0
    0.0000   -1.1557    0.0000 C   0  0  0  0  0  0  0  0  0  0  0  0
    1.3313   -3.4599    0.0000 C   0  0  0  0  0  0  0  0  0  0  0  0
    1.9969   -4.6083    0.0000 C   0  0  0  0  0  0  0  0  0  0  0  0
  1  2  2  0  0  0  0
  2  3  1  0  0  0  0
  2  6  1  0  0  0  0
  3  4  1  0  0  0  0
  4  5  1  0  0  0  0
  6  7  2  0  0  0  0
  6 14  1  0  0  0  0
  7  8  1  0  0  0  0
  8  9  2  0  0  0  0
  9 10  1  0  0  0  0
  9 13  1  0  0  0  0
 10 11  1  0  0  0  0
 10 12  1  0  0  0  0
 13 14  2  0  0  0  0
M  END
