
  ACD/Labs06251410112D

 11 11  0  0  0  0  0  0  0  0  2 V2000
    3.9913   -5.7595    0.0000 N   0  0  0  0  0  0  0  0  0  0  0  0
    3.3232   -4.6076    0.0000 C   0  0  0  0  0  0  0  0  0  0  0  0
    3.9913   -3.4557    0.0000 C   0  0  0  0  0  0  0  0  0  0  0  0
    3.3232   -2.3038    0.0000 C   0  0  0  0  0  0  0  0  0  0  0  0
    1.9928   -2.3038    0.0000 C   0  0  0  0  0  0  0  0  0  0  0  0
    1.3304   -3.4557    0.0000 C   0  0  0  0  0  0  0  0  0  0  0  0
    1.9928   -4.6076    0.0000 C   0  0  0  0  0  0  0  0  0  0  0  0
    1.3304   -5.7595    0.0000 Br  0  0  0  0  0  0  0  0  0  0  0  0
    1.3304   -1.1519    0.0000 N   0  3  0  0  0  0  0  0  0  0  0  0
    1.9928    0.0000    0.0000 O   0  5  0  0  0  0  0  0  0  0  0  0
    0.0000   -1.1519    0.0000 O   0  0  0  0  0  0  0  0  0  0  0  0
  1  2  1  0  0  0  0
  2  3  1  0  0  0  0
  2  7  2  0  0  0  0
  3  4  2  0  0  0  0
  4  5  1  0  0  0  0
  5  6  2  0  0  0  0
  5  9  1  0  0  0  0
  6  7  1  0  0  0  0
  7  8  1  0  0  0  0
  9 10  1  0  0  0  0
  9 11  2  0  0  0  0
M  CHG  2   9   1  10  -1
M  END
