MolHeader
  ELEMENTL04251916232D
Dotmatics Elemental
 18 20  0  0  0  0            999 V2000
    7.4817   -1.5487    0.0000 C   0  0  0  0  0
    7.1824   -2.8430    0.0000 C   0  0  0  0  0
    5.9105   -3.2396    0.0000 C   0  0  0  0  0
    4.9379   -2.3343    0.0000 C   0  0  0  0  0
    5.2372   -1.0325    0.0000 C   0  0  0  0  0
    6.5091   -0.6434    0.0000 C   0  0  0  0  0
    4.4067    0.0000    0.0000 C   0  0  0  0  0
    3.0750    0.0000    0.0000 C   0  0  0  0  0
    2.2445   -1.0325    0.0000 C   0  0  0  0  0
    0.9726   -0.6434    0.0000 C   0  0  0  0  0
    0.0000   -1.5487    0.0000 C   0  0  0  0  0
    0.2993   -2.8430    0.0000 C   0  0  0  0  0
    1.5712   -3.2396    0.0000 C   0  0  0  0  0
    2.5438   -2.3343    0.0000 C   0  0  0  0  0
    3.7408   -2.9104    0.0000 N   0  0  0  0  0
    3.7408   -4.2421    0.0000 C   0  0  0  0  0
    4.8930   -4.9080    0.0000 N   0  0  0  0  0
    2.5887   -4.9080    0.0000 O   0  0  0  0  0
  1  2  2  0  0  0
  1  6  1  0  0  0
  2  3  1  0  0  0
  3  4  2  0  0  0
  4  5  1  0  0  0
  4 15  1  0  0  0
  5  6  2  0  0  0
  5  7  1  0  0  0
  7  8  2  0  0  0
  8  9  1  0  0  0
  9 10  2  0  0  0
  9 14  1  0  0  0
 10 11  1  0  0  0
 11 12  2  0  0  0
 12 13  1  0  0  0
 13 14  2  0  0  0
 14 15  1  0  0  0
 15 16  1  0  0  0
 16 17  1  0  0  0
 16 18  2  0  0  0
M  END
