
  ACD/Labs04281711492D

 18 20  0  0  0  0  0  0  0  0  1 V2000
    0.3525   -4.1147    0.0000 Cl  0  0  0  0  0  0  0  0  0  0  0  0
    1.3452   -4.9995    0.0000 C   0  0  0  0  0  0  0  0  0  0  0  0
    1.0646   -6.3015    0.0000 C   0  0  0  0  0  0  0  0  0  0  0  0
    2.0573   -7.1935    0.0000 C   0  0  0  0  0  0  0  0  0  0  0  0
    3.3162   -6.7835    0.0000 C   0  0  0  0  0  0  0  0  0  0  0  0
    3.5967   -5.4814    0.0000 C   0  0  0  0  0  0  0  0  0  0  0  0
    4.8628   -5.0714    0.0000 Cl  0  0  0  0  0  0  0  0  0  0  0  0
    2.6040   -4.5895    0.0000 C   0  0  0  0  0  0  0  0  0  0  0  0
    2.8846   -3.2946    0.0000 N   0  0  0  0  0  0  0  0  0  0  0  0
    4.1003   -2.7479    0.0000 C   0  0  0  0  0  0  0  0  0  0  0  0
    5.2513   -3.4169    0.0000 O   0  0  0  0  0  0  0  0  0  0  0  0
    3.9636   -1.4315    0.0000 C   0  0  0  0  0  0  0  0  0  0  0  0
    2.6616   -1.1510    0.0000 C   0  0  0  0  0  0  0  0  0  0  0  0
    1.9926    0.0000    0.0000 C   0  0  0  0  0  0  0  0  0  0  0  0
    0.6618    0.0000    0.0000 C   0  0  0  0  0  0  0  0  0  0  0  0
    0.0000   -1.1510    0.0000 C   0  0  0  0  0  0  0  0  0  0  0  0
    0.6618   -2.3019    0.0000 C   0  0  0  0  0  0  0  0  0  0  0  0
    1.9926   -2.3019    0.0000 C   0  0  0  0  0  0  0  0  0  0  0  0
  1  2  1  0  0  0  0
  2  3  1  0  0  0  0
  2  8  2  0  0  0  0
  3  4  2  0  0  0  0
  4  5  1  0  0  0  0
  5  6  2  0  0  0  0
  6  7  1  0  0  0  0
  6  8  1  0  0  0  0
  8  9  1  0  0  0  0
  9 10  1  0  0  0  0
  9 18  1  0  0  0  0
 10 11  2  0  0  0  0
 10 12  1  0  0  0  0
 12 13  1  0  0  0  0
 13 14  1  0  0  0  0
 13 18  2  0  0  0  0
 14 15  2  0  0  0  0
 15 16  1  0  0  0  0
 16 17  2  0  0  0  0
 17 18  1  0  0  0  0
M  END
