288561
  Marvin  12310703533D          

 17 18  0  0  0  0            999 V2000
   -4.1401   -0.4715    0.0054 Br  0  0  0  0  0  0  0  0  0  0  0  0
    1.8841    1.8152   -0.0046 O   0  0  0  0  0  0  0  0  0  0  0  0
    0.1673    3.0619   -0.0335 O   0  0  0  0  0  0  0  0  0  0  0  0
    3.7449    0.7440   -0.0369 O   0  0  0  0  0  0  0  0  0  0  0  0
    1.8839   -0.4138    0.0047 N   0  0  0  0  0  0  0  0  0  0  0  0
    0.5426   -0.4452    0.0098 C   0  0  0  0  0  0  0  0  0  0  0  0
   -0.1788    0.7841    0.0066 C   0  0  0  0  0  0  0  0  0  0  0  0
   -0.1565   -1.6684    0.0104 C   0  0  0  0  0  0  0  0  0  0  0  0
   -1.5901    0.7659    0.0082 C   0  0  0  0  0  0  0  0  0  0  0  0
    0.6283    1.9306   -0.0060 C   0  0  0  0  0  0  0  0  0  0  0  0
   -1.5637   -1.6741    0.0084 C   0  0  0  0  0  0  0  0  0  0  0  0
   -2.2795   -0.4613    0.0083 C   0  0  0  0  0  0  0  0  0  0  0  0
    2.5239    0.7295   -0.0082 C   0  0  0  0  0  0  0  0  0  0  0  0
    0.3518   -2.5564    0.0095 H   0  0  0  0  0  0  0  0  0  0  0  0
   -2.1206    1.6400    0.0068 H   0  0  0  0  0  0  0  0  0  0  0  0
    2.3665   -1.2152    0.0051 H   0  0  0  0  0  0  0  0  0  0  0  0
   -2.0640   -2.5653    0.0060 H   0  0  0  0  0  0  0  0  0  0  0  0
  1 12  1  0  0  0  0
  2 10  1  0  0  0  0
  2 13  1  0  0  0  0
  3 10  2  0  0  0  0
  4 13  2  0  0  0  0
  5  6  1  0  0  0  0
  5 13  1  0  0  0  0
  5 16  1  0  0  0  0
  6  7  2  0  0  0  0
  6  8  1  0  0  0  0
  7  9  1  0  0  0  0
  7 10  1  0  0  0  0
  8 11  2  0  0  0  0
  8 14  1  0  0  0  0
  9 12  2  0  0  0  0
  9 15  1  0  0  0  0
 11 12  1  0  0  0  0
 11 17  1  0  0  0  0
M  END
> <PUBCHEM_BONDANNOTATIONS>
11  12  8
2  10  8
2  13  8
5  13  8
5  6  8
6  7  8
6  8  8
7  10  8
7  9  8
8  11  8
9  12  8

$$$$
