
  ACD/Labs04281710402D

 26 28  0  0  0  0  0  0  0  0  1 V2000
    4.6671   -8.0522    0.0000 C   0  0  0  0  0  0  0  0  0  0  0  0
    5.2969   -6.8714    0.0000 C   0  0  0  0  0  0  0  0  0  0  0  0
    6.5790   -6.8489    0.0000 C   0  0  0  0  0  0  0  0  0  0  0  0
    7.2537   -5.7130    0.0000 C   0  0  0  0  0  0  0  0  0  0  0  0
    6.5340   -4.5884    0.0000 C   0  0  0  0  0  0  0  0  0  0  0  0
    5.2407   -4.6109    0.0000 C   0  0  0  0  0  0  0  0  0  0  0  0
    4.5772   -5.7467    0.0000 C   0  0  0  0  0  0  0  0  0  0  0  0
    7.1637   -3.4076    0.0000 C   0  0  0  0  0  0  0  0  0  0  0  0
    6.5677   -2.2042    0.0000 N   0  0  0  0  0  0  0  0  0  0  0  0
    7.5461   -1.2933    0.0000 N   0  0  0  0  0  0  0  0  0  0  0  0
    8.7157   -1.9231    0.0000 C   0  0  0  0  0  0  0  0  0  0  0  0
    9.9190   -1.3383    0.0000 C   0  0  0  0  0  0  0  0  0  0  0  0
   10.0203   -0.0112    0.0000 F   0  0  0  0  0  0  0  0  0  0  0  0
   10.2789   -2.6203    0.0000 F   0  0  0  0  0  0  0  0  0  0  0  0
   11.2461   -1.2033    0.0000 F   0  0  0  0  0  0  0  0  0  0  0  0
    8.4795   -3.2276    0.0000 C   0  0  0  0  0  0  0  0  0  0  0  0
    5.2632   -1.9681    0.0000 C   0  0  0  0  0  0  0  0  0  0  0  0
    4.8021   -0.7085    0.0000 C   0  0  0  0  0  0  0  0  0  0  0  0
    3.4975   -0.4723    0.0000 C   0  0  0  0  0  0  0  0  0  0  0  0
    2.6316   -1.4957    0.0000 C   0  0  0  0  0  0  0  0  0  0  0  0
    3.0814   -2.7553    0.0000 C   0  0  0  0  0  0  0  0  0  0  0  0
    4.3972   -2.9915    0.0000 C   0  0  0  0  0  0  0  0  0  0  0  0
    1.3158   -1.2596    0.0000 S   0  0  0  0  0  0  0  0  0  0  0  0
    0.0000   -1.4845    0.0000 O   0  0  0  0  0  0  0  0  0  0  0  0
    0.8659    0.0000    0.0000 N   0  0  0  0  0  0  0  0  0  0  0  0
    1.3045   -2.5866    0.0000 O   0  0  0  0  0  0  0  0  0  0  0  0
  1  2  1  0  0  0  0
  2  3  2  0  0  0  0
  2  7  1  0  0  0  0
  3  4  1  0  0  0  0
  4  5  2  0  0  0  0
  5  6  1  0  0  0  0
  5  8  1  0  0  0  0
  6  7  2  0  0  0  0
  8  9  1  0  0  0  0
  8 16  2  0  0  0  0
  9 10  1  0  0  0  0
  9 17  1  0  0  0  0
 10 11  2  0  0  0  0
 11 12  1  0  0  0  0
 11 16  1  0  0  0  0
 12 13  1  0  0  0  0
 12 14  1  0  0  0  0
 12 15  1  0  0  0  0
 17 18  2  0  0  0  0
 17 22  1  0  0  0  0
 18 19  1  0  0  0  0
 19 20  2  0  0  0  0
 20 21  1  0  0  0  0
 20 23  1  0  0  0  0
 21 22  2  0  0  0  0
 23 24  2  0  0  0  0
 23 25  1  0  0  0  0
 23 26  2  0  0  0  0
M  END
