
  ACD/Labs04281710392D

  5  4  0  0  0  0  0  0  0  0  1 V2000
    4.6099   -0.6638    0.0000 O   0  0  0  0  0  0  0  0  0  0  0  0
    2.3050   -0.6638    0.0000 C   0  0  0  0  0  0  0  0  0  0  0  0
    3.4575    0.0000    0.0000 C   0  0  0  0  0  0  0  0  0  0  0  0
    1.1525    0.0000    0.0000 C   0  0  0  0  0  0  0  0  0  0  0  0
    0.0000   -0.6638    0.0000 C   0  0  0  0  0  0  0  0  0  0  0  0
  1  3  1  0  0  0  0
  2  3  1  0  0  0  0
  2  4  1  0  0  0  0
  4  5  1  0  0  0  0
M  END
