
  ACD/Labs04281711312D

  8  8  0  0  0  0  0  0  0  0  1 V2000
    3.4562    0.0000    0.0000 N   0  0  0  0  0  0  0  0  0  0  0  0
    2.3053   -0.6670    0.0000 C   0  0  0  0  0  0  0  0  0  0  0  0
    2.3053   -1.9977    0.0000 C   0  0  0  0  0  0  0  0  0  0  0  0
    3.4562   -2.6613    0.0000 O   0  0  0  0  0  0  0  0  0  0  0  0
    1.1509   -2.6613    0.0000 C   0  0  0  0  0  0  0  0  0  0  0  0
    0.0000   -1.9977    0.0000 C   0  0  0  0  0  0  0  0  0  0  0  0
    0.0000   -0.6670    0.0000 C   0  0  0  0  0  0  0  0  0  0  0  0
    1.1509   -0.0035    0.0000 N   0  0  0  0  0  0  0  0  0  0  0  0
  1  2  1  0  0  0  0
  2  3  2  0  0  0  0
  2  8  1  0  0  0  0
  3  4  1  0  0  0  0
  3  5  1  0  0  0  0
  5  6  2  0  0  0  0
  6  7  1  0  0  0  0
  7  8  2  0  0  0  0
M  END
