28114
  Marvin  12300703363D          

 14 14  0  0  0  0            999 V2000
    2.1305    0.2168   -0.0372 O   0  0  0  0  0  0  0  0  0  0  0  0
   -1.2174   -0.9480    0.0052 N   0  0  0  0  0  0  0  0  0  0  0  0
    0.7087   -2.1708   -0.1260 N   0  0  0  0  0  0  0  0  0  0  0  0
    0.8733    0.2141   -0.0156 C   0  0  0  0  0  0  0  0  0  0  0  0
    0.1398   -0.9924   -0.0466 C   0  0  0  0  0  0  0  0  0  0  0  0
    0.1647    1.4320    0.0502 C   0  0  0  0  0  0  0  0  0  0  0  0
   -1.2426    1.4373    0.0923 C   0  0  0  0  0  0  0  0  0  0  0  0
   -1.9248    0.2084    0.0736 C   0  0  0  0  0  0  0  0  0  0  0  0
    0.6668    2.3231    0.0686 H   0  0  0  0  0  0  0  0  0  0  0  0
   -1.7601    2.3186    0.1371 H   0  0  0  0  0  0  0  0  0  0  0  0
   -2.9452    0.1757    0.1086 H   0  0  0  0  0  0  0  0  0  0  0  0
    0.1895   -2.9457   -0.0595 H   0  0  0  0  0  0  0  0  0  0  0  0
    1.6325   -2.2395   -0.2529 H   0  0  0  0  0  0  0  0  0  0  0  0
    2.5842    0.9704    0.0022 H   0  0  0  0  0  0  0  0  0  0  0  0
  1  4  1  0  0  0  0
  1 14  1  0  0  0  0
  2  5  1  0  0  0  0
  2  8  2  0  0  0  0
  3  5  1  0  0  0  0
  3 12  1  0  0  0  0
  3 13  1  0  0  0  0
  4  5  2  0  0  0  0
  4  6  1  0  0  0  0
  6  7  2  0  0  0  0
  6  9  1  0  0  0  0
  7  8  1  0  0  0  0
  7 10  1  0  0  0  0
  8 11  1  0  0  0  0
M  END
> <PUBCHEM_BONDANNOTATIONS>
2  5  8
2  8  8
4  5  8
4  6  8
6  7  8
7  8  8

$$$$
