2722
  Marvin  12300703363D          

 18 19  0  0  0  0            999 V2000
   -3.1554   -1.2621   -0.0000 Cl  0  0  0  0  0  0  0  0  0  0  0  0
    1.5049   -3.7873    0.0000 Cl  0  0  0  0  0  0  0  0  0  0  0  0
    2.6299   -1.0579    0.0000 O   0  0  0  0  0  0  0  0  0  0  0  0
    1.3037    1.3251    0.0000 N   0  0  0  0  0  0  0  0  0  0  0  0
   -0.7854    0.1284   -0.0000 C   0  0  0  0  0  0  0  0  0  0  0  0
    0.6406    0.1373   -0.0000 C   0  0  0  0  0  0  0  0  0  0  0  0
    1.3702   -1.0722   -0.0000 C   0  0  0  0  0  0  0  0  0  0  0  0
   -1.4630   -1.1162   -0.0000 C   0  0  0  0  0  0  0  0  0  0  0  0
   -1.4384    1.3865    0.0000 C   0  0  0  0  0  0  0  0  0  0  0  0
    0.6812   -2.3042   -0.0000 C   0  0  0  0  0  0  0  0  0  0  0  0
   -0.7263   -2.3182    0.0000 C   0  0  0  0  0  0  0  0  0  0  0  0
   -0.7118    2.5897    0.0000 C   0  0  0  0  0  0  0  0  0  0  0  0
    0.6907    2.5329   -0.0000 C   0  0  0  0  0  0  0  0  0  0  0  0
   -2.4580    1.4550    0.0000 H   0  0  0  0  0  0  0  0  0  0  0  0
   -1.2173   -3.2171   -0.0000 H   0  0  0  0  0  0  0  0  0  0  0  0
   -1.1925    3.4923   -0.0000 H   0  0  0  0  0  0  0  0  0  0  0  0
    1.2515    3.3860   -0.0000 H   0  0  0  0  0  0  0  0  0  0  0  0
    3.0754   -0.2982   -0.0000 H   0  0  0  0  0  0  0  0  0  0  0  0
  1  8  1  0  0  0  0
  2 10  1  0  0  0  0
  3  7  1  0  0  0  0
  3 18  1  0  0  0  0
  4  6  1  0  0  0  0
  4 13  2  0  0  0  0
  5  6  2  0  0  0  0
  5  8  1  0  0  0  0
  5  9  1  0  0  0  0
  6  7  1  0  0  0  0
  7 10  2  0  0  0  0
  8 11  2  0  0  0  0
  9 12  2  0  0  0  0
  9 14  1  0  0  0  0
 10 11  1  0  0  0  0
 11 15  1  0  0  0  0
 12 13  1  0  0  0  0
 12 16  1  0  0  0  0
 13 17  1  0  0  0  0
M  END
> <PUBCHEM_BONDANNOTATIONS>
10  11  8
12  13  8
4  13  8
4  6  8
5  6  8
5  8  8
5  9  8
6  7  8
7  10  8
8  11  8
9  12  8

$$$$
