
  ACD/Labs04281710322D

 17 17  0  0  0  0  0  0  0  0  1 V2000
    0.0000   -3.9932    0.0000 Cl  0  0  0  0  0  0  0  0  0  0  0  0
    4.6279   -1.3387    0.0000 S   0  0  0  0  0  0  0  0  0  0  0  0
    3.6931   -0.3924    0.0000 O   0  0  0  0  0  0  0  0  0  0  0  0
    5.5743   -0.3924    0.0000 O   0  0  0  0  0  0  0  0  0  0  0  0
    6.9361    0.0000    0.0000 O   0  0  0  0  0  0  0  0  0  0  0  0
    5.7820   -1.9966    0.0000 N   0  0  0  0  0  0  0  0  0  0  0  0
    8.0902   -1.9966    0.0000 N   0  0  0  0  0  0  0  0  0  0  0  0
    3.4507   -1.9966    0.0000 C   0  0  0  0  0  0  0  0  0  0  0  0
    2.3082   -1.3387    0.0000 C   0  0  0  0  0  0  0  0  0  0  0  0
    3.4507   -3.3238    0.0000 C   0  0  0  0  0  0  0  0  0  0  0  0
    6.9361   -1.3387    0.0000 C   0  0  0  0  0  0  0  0  0  0  0  0
    1.1541   -3.3238    0.0000 C   0  0  0  0  0  0  0  0  0  0  0  0
    1.1541   -1.9966    0.0000 C   0  0  0  0  0  0  0  0  0  0  0  0
    2.3082   -3.9932    0.0000 C   0  0  0  0  0  0  0  0  0  0  0  0
    9.2327   -1.3387    0.0000 C   0  0  0  0  0  0  0  0  0  0  0  0
   10.3868   -1.9966    0.0000 C   0  0  0  0  0  0  0  0  0  0  0  0
   11.5409   -1.3387    0.0000 C   0  0  0  0  0  0  0  0  0  0  0  0
  1 12  1  0  0  0  0
  2  3  2  0  0  0  0
  2  4  2  0  0  0  0
  2  6  1  0  0  0  0
  2  8  1  0  0  0  0
  5 11  2  0  0  0  0
  6 11  1  0  0  0  0
  7 11  1  0  0  0  0
  7 15  1  0  0  0  0
  8  9  2  0  0  0  0
  8 10  1  0  0  0  0
  9 13  1  0  0  0  0
 10 14  2  0  0  0  0
 12 13  2  0  0  0  0
 12 14  1  0  0  0  0
 15 16  1  0  0  0  0
 16 17  1  0  0  0  0
M  END
