2764
  Marvin  12300703363D          

 42 45  0  0  0  0            999 V2000
   -3.1796   -1.1073   -0.5833 F   0  0  0  0  0  0  0  0  0  0  0  0
   -2.2366    3.7549   -0.3114 O   0  0  0  0  0  0  0  0  0  0  0  0
   -0.8353    6.0685    0.0273 O   0  0  0  0  0  0  0  0  0  0  0  0
    0.8586    6.0067   -1.1240 O   0  0  0  0  0  0  0  0  0  0  0  0
    1.2765    2.0576   -0.0269 N   0  0  0  0  0  0  0  0  0  0  0  0
   -0.6837   -2.3608   -0.5308 N   0  0  0  0  0  0  0  0  0  0  0  0
   -1.1558   -5.1267   -0.3427 N   0  0  0  0  0  0  0  0  0  0  0  0
    2.3806    1.6387    0.7505 C   0  0  2  0  0  0  0  0  0  0  0  0
    2.0049    1.2853    2.2083 C   0  0  0  0  0  0  0  0  0  0  0  0
    2.9286    2.4702    1.9346 C   0  0  0  0  0  0  0  0  0  0  0  0
    0.2257    1.2269   -0.2785 C   0  0  0  0  0  0  0  0  0  0  0  0
    1.2052    3.3447   -0.3378 C   0  0  0  0  0  0  0  0  0  0  0  0
   -1.0650    1.8221   -0.3838 C   0  0  0  0  0  0  0  0  0  0  0  0
    0.3336   -0.1838   -0.3871 C   0  0  0  0  0  0  0  0  0  0  0  0
   -0.8025   -1.0196   -0.5043 C   0  0  0  0  0  0  0  0  0  0  0  0
   -0.3763   -3.0070    0.6948 C   0  0  0  0  0  0  0  0  0  0  0  0
   -0.9817   -3.0579   -1.7325 C   0  0  0  0  0  0  0  0  0  0  0  0
    0.0213    3.9972   -0.4214 C   0  0  0  0  0  0  0  0  0  0  0  0
   -1.1306    3.2279   -0.3559 C   0  0  0  0  0  0  0  0  0  0  0  0
   -0.2430   -4.5508    0.6615 C   0  0  0  0  0  0  0  0  0  0  0  0
   -0.8817   -4.6067   -1.6956 C   0  0  0  0  0  0  0  0  0  0  0  0
   -2.2025    0.9915   -0.5026 C   0  0  0  0  0  0  0  0  0  0  0  0
   -2.0768   -0.4061   -0.5380 C   0  0  0  0  0  0  0  0  0  0  0  0
    0.0067    5.3656   -0.5236 C   0  0  0  0  0  0  0  0  0  0  0  0
    3.0957    0.9407    0.3080 H   0  0  0  0  0  0  0  0  0  0  0  0
    2.4915    0.4211    2.6611 H   0  0  0  0  0  0  0  0  0  0  0  0
    1.0127    1.5735    2.5669 H   0  0  0  0  0  0  0  0  0  0  0  0
    3.9746    2.3159    2.2017 H   0  0  0  0  0  0  0  0  0  0  0  0
    2.4852    3.4516    2.1194 H   0  0  0  0  0  0  0  0  0  0  0  0
    2.0601    3.8536   -0.4376 H   0  0  0  0  0  0  0  0  0  0  0  0
    1.2570   -0.6225   -0.3668 H   0  0  0  0  0  0  0  0  0  0  0  0
   -1.1741   -2.7754    1.4085 H   0  0  0  0  0  0  0  0  0  0  0  0
    0.5536   -2.6184    1.1235 H   0  0  0  0  0  0  0  0  0  0  0  0
   -0.3364   -2.6983   -2.5403 H   0  0  0  0  0  0  0  0  0  0  0  0
   -2.0073   -2.8368   -2.0396 H   0  0  0  0  0  0  0  0  0  0  0  0
   -0.4904   -4.9748    1.6374 H   0  0  0  0  0  0  0  0  0  0  0  0
    0.7865   -4.8446    0.4361 H   0  0  0  0  0  0  0  0  0  0  0  0
   -1.6055   -5.0566   -2.3799 H   0  0  0  0  0  0  0  0  0  0  0  0
    0.1091   -4.9358   -2.0212 H   0  0  0  0  0  0  0  0  0  0  0  0
   -3.1411    1.3963   -0.5566 H   0  0  0  0  0  0  0  0  0  0  0  0
   -1.0039   -6.1374   -0.3594 H   0  0  0  0  0  0  0  0  0  0  0  0
   -1.4578    5.7166    0.5418 H   0  0  0  0  0  0  0  0  0  0  0  0
  1 23  1  0  0  0  0
  2 19  2  0  0  0  0
  3 24  1  0  0  0  0
  3 42  1  0  0  0  0
  4 24  2  0  0  0  0
  5  8  1  0  0  0  0
  5 11  1  0  0  0  0
  5 12  1  0  0  0  0
  6 15  1  0  0  0  0
  6 16  1  0  0  0  0
  6 17  1  0  0  0  0
  7 20  1  0  0  0  0
  7 21  1  0  0  0  0
  7 41  1  0  0  0  0
  8  9  1  0  0  0  0
  8 10  1  0  0  0  0
  8 25  1  0  0  0  0
  9 10  1  0  0  0  0
  9 26  1  0  0  0  0
  9 27  1  0  0  0  0
 10 28  1  0  0  0  0
 10 29  1  0  0  0  0
 11 13  1  0  0  0  0
 11 14  2  0  0  0  0
 12 18  2  0  0  0  0
 12 30  1  0  0  0  0
 13 19  1  0  0  0  0
 13 22  2  0  0  0  0
 14 15  1  0  0  0  0
 14 31  1  0  0  0  0
 15 23  2  0  0  0  0
 16 20  1  0  0  0  0
 16 32  1  0  0  0  0
 16 33  1  0  0  0  0
 17 21  1  0  0  0  0
 17 34  1  0  0  0  0
 17 35  1  0  0  0  0
 18 19  1  0  0  0  0
 18 24  1  0  0  0  0
 20 36  1  0  0  0  0
 20 37  1  0  0  0  0
 21 38  1  0  0  0  0
 21 39  1  0  0  0  0
 22 23  1  0  0  0  0
 22 40  1  0  0  0  0
M  END
> <PUBCHEM_BONDANNOTATIONS>
11  13  8
11  14  8
12  18  8
13  19  8
13  22  8
14  15  8
15  23  8
18  19  8
22  23  8
5  11  8
5  12  8

$$$$
