
  ACD/Labs04281710482D

 24 27  0  0  0  0  0  0  0  0  1 V2000
    1.1508    0.0000    0.0000 O   0  0  0  0  0  0  0  0  0  0  0  0
    1.1508   -1.3271    0.0000 C   0  0  0  0  0  0  0  0  0  0  0  0
    0.0000   -1.9906    0.0000 O   0  0  0  0  0  0  0  0  0  0  0  0
    2.3017   -1.9906    0.0000 C   0  0  0  0  0  0  0  0  0  0  0  0
    2.3017   -3.3177    0.0000 C   0  0  0  0  0  0  0  0  0  0  0  0
    3.4525   -3.9917    0.0000 N   0  0  0  0  0  0  0  0  0  0  0  0
    3.4525   -5.3187    0.0000 C   0  0  0  0  0  0  0  0  0  0  0  0
    2.7890   -6.4696    0.0000 C   0  0  0  0  0  0  0  0  0  0  0  0
    4.1161   -6.4696    0.0000 C   0  0  0  0  0  0  0  0  0  0  0  0
    4.6034   -3.3177    0.0000 C   0  0  0  0  0  0  0  0  0  0  0  0
    5.7646   -3.9917    0.0000 C   0  0  0  0  0  0  0  0  0  0  0  0
    6.9154   -3.3177    0.0000 C   0  0  0  0  0  0  0  0  0  0  0  0
    8.0662   -3.9917    0.0000 N   0  0  0  0  0  0  0  0  0  0  0  0
    8.0662   -5.3187    0.0000 C   0  0  0  0  0  0  0  0  0  0  0  0
    9.2171   -5.9823    0.0000 C   0  0  0  0  0  0  0  0  0  0  0  0
   10.3679   -5.3187    0.0000 N   0  0  0  0  0  0  0  0  0  0  0  0
   10.3679   -3.9917    0.0000 C   0  0  0  0  0  0  0  0  0  0  0  0
    9.2171   -3.3177    0.0000 C   0  0  0  0  0  0  0  0  0  0  0  0
    6.9154   -1.9906    0.0000 C   0  0  0  0  0  0  0  0  0  0  0  0
    8.0662   -1.3271    0.0000 F   0  0  0  0  0  0  0  0  0  0  0  0
    5.7646   -1.3271    0.0000 C   0  0  0  0  0  0  0  0  0  0  0  0
    4.6034   -1.9906    0.0000 C   0  0  0  0  0  0  0  0  0  0  0  0
    3.4525   -1.3271    0.0000 C   0  0  0  0  0  0  0  0  0  0  0  0
    3.4525    0.0000    0.0000 O   0  0  0  0  0  0  0  0  0  0  0  0
  1  2  1  0  0  0  0
  2  3  2  0  0  0  0
  2  4  1  0  0  0  0
  4  5  2  0  0  0  0
  4 23  1  0  0  0  0
  5  6  1  0  0  0  0
  6  7  1  0  0  0  0
  6 10  1  0  0  0  0
  7  8  1  0  0  0  0
  7  9  1  0  0  0  0
  8  9  1  0  0  0  0
 10 11  1  0  0  0  0
 10 22  2  0  0  0  0
 11 12  2  0  0  0  0
 12 13  1  0  0  0  0
 12 19  1  0  0  0  0
 13 14  1  0  0  0  0
 13 18  1  0  0  0  0
 14 15  1  0  0  0  0
 15 16  1  0  0  0  0
 16 17  1  0  0  0  0
 17 18  1  0  0  0  0
 19 20  1  0  0  0  0
 19 21  2  0  0  0  0
 21 22  1  0  0  0  0
 22 23  1  0  0  0  0
 23 24  2  0  0  0  0
M  END
