2969
  Marvin  12300703363D          

 32 31  0  0  0  0            999 V2000
   -5.4832    4.0480   -0.0000 O   0  0  0  0  0  0  0  0  0  0  0  0
   -5.6713    1.9784   -0.0000 O   0  0  0  0  0  0  0  0  0  0  0  0
    0.7802   -0.0794   -0.0000 C   0  0  0  0  0  0  0  0  0  0  0  0
   -0.7655   -0.0285   -0.0000 C   0  0  0  0  0  0  0  0  0  0  0  0
    1.3344   -1.5253    0.0000 C   0  0  0  0  0  0  0  0  0  0  0  0
   -1.3348    1.4109   -0.0000 C   0  0  0  0  0  0  0  0  0  0  0  0
    2.8808   -1.5744    0.0000 C   0  0  0  0  0  0  0  0  0  0  0  0
   -2.8834    1.4352   -0.0000 C   0  0  0  0  0  0  0  0  0  0  0  0
    3.4541   -3.0124   -0.0000 C   0  0  0  0  0  0  0  0  0  0  0  0
   -3.4870    2.8628   -0.0000 C   0  0  0  0  0  0  0  0  0  0  0  0
    4.9966   -3.0448   -0.0000 C   0  0  0  0  0  0  0  0  0  0  0  0
   -4.9345    2.9532    0.0000 C   0  0  0  0  0  0  0  0  0  0  0  0
    1.1534    0.4470    0.8832 H   0  0  0  0  0  0  0  0  0  0  0  0
    1.1534    0.4470   -0.8832 H   0  0  0  0  0  0  0  0  0  0  0  0
   -1.1358   -0.5567   -0.8833 H   0  0  0  0  0  0  0  0  0  0  0  0
   -1.1358   -0.5567    0.8833 H   0  0  0  0  0  0  0  0  0  0  0  0
    0.9598   -2.0511    0.8830 H   0  0  0  0  0  0  0  0  0  0  0  0
    0.9598   -2.0511   -0.8830 H   0  0  0  0  0  0  0  0  0  0  0  0
   -0.9663    1.9411    0.8829 H   0  0  0  0  0  0  0  0  0  0  0  0
   -0.9663    1.9411   -0.8829 H   0  0  0  0  0  0  0  0  0  0  0  0
    3.2496   -1.0451   -0.8833 H   0  0  0  0  0  0  0  0  0  0  0  0
    3.2496   -1.0451    0.8833 H   0  0  0  0  0  0  0  0  0  0  0  0
   -3.2418    0.8989   -0.8837 H   0  0  0  0  0  0  0  0  0  0  0  0
   -3.2418    0.8989    0.8837 H   0  0  0  0  0  0  0  0  0  0  0  0
    3.0937   -3.5481   -0.8825 H   0  0  0  0  0  0  0  0  0  0  0  0
    3.0937   -3.5481    0.8825 H   0  0  0  0  0  0  0  0  0  0  0  0
   -3.1189    3.3928    0.8827 H   0  0  0  0  0  0  0  0  0  0  0  0
   -3.1189    3.3928   -0.8827 H   0  0  0  0  0  0  0  0  0  0  0  0
    5.3495   -4.0773    0.0000 H   0  0  0  0  0  0  0  0  0  0  0  0
    5.3914   -2.5459   -0.8874 H   0  0  0  0  0  0  0  0  0  0  0  0
    5.3914   -2.5459    0.8874 H   0  0  0  0  0  0  0  0  0  0  0  0
   -5.0063    4.7880    0.0000 H   0  0  0  0  0  0  0  0  0  0  0  0
  1 12  1  0  0  0  0
  1 32  1  0  0  0  0
  2 12  2  0  0  0  0
  3  4  1  0  0  0  0
  3  5  1  0  0  0  0
  3 13  1  0  0  0  0
  3 14  1  0  0  0  0
  4  6  1  0  0  0  0
  4 15  1  0  0  0  0
  4 16  1  0  0  0  0
  5  7  1  0  0  0  0
  5 17  1  0  0  0  0
  5 18  1  0  0  0  0
  6  8  1  0  0  0  0
  6 19  1  0  0  0  0
  6 20  1  0  0  0  0
  7  9  1  0  0  0  0
  7 21  1  0  0  0  0
  7 22  1  0  0  0  0
  8 10  1  0  0  0  0
  8 23  1  0  0  0  0
  8 24  1  0  0  0  0
  9 11  1  0  0  0  0
  9 25  1  0  0  0  0
  9 26  1  0  0  0  0
 10 12  1  0  0  0  0
 10 27  1  0  0  0  0
 10 28  1  0  0  0  0
 11 29  1  0  0  0  0
 11 30  1  0  0  0  0
 11 31  1  0  0  0  0
M  END
$$$$
