
  ACD/Labs03221914022D

 15 15  0  0  0  0  0  0  0  0  1 V2000
    0.0000   -0.6217    0.0000 C   0  0  0  0  0  0  0  0  0  0  0  0
    1.1713   -1.2629    0.0000 C   0  0  0  0  0  0  0  0  0  0  0  0
    2.4866   -1.4658    0.0000 C   0  0  0  0  0  0  0  0  0  0  0  0
    1.5967    0.0000    0.0000 C   0  0  0  0  0  0  0  0  0  0  0  0
    1.1975   -2.5979    0.0000 C   0  0  0  0  0  0  0  0  0  0  0  0
    0.0720   -3.2784    0.0000 C   0  0  0  0  0  0  0  0  0  0  0  0
    0.1047   -4.5806    0.0000 C   0  0  0  0  0  0  0  0  0  0  0  0
    1.2498   -5.2415    0.0000 C   0  0  0  0  0  0  0  0  0  0  0  0
    2.4212   -4.5675    0.0000 C   0  0  0  0  0  0  0  0  0  0  0  0
    2.3688   -3.2326    0.0000 C   0  0  0  0  0  0  0  0  0  0  0  0
    3.5009   -2.5324    0.0000 O   0  0  0  0  0  0  0  0  0  0  0  0
    3.5860   -5.2088    0.0000 C   0  0  0  0  0  0  0  0  0  0  0  0
    3.6121   -6.5437    0.0000 C   0  0  0  0  0  0  0  0  0  0  0  0
    4.9012   -5.4182    0.0000 C   0  0  0  0  0  0  0  0  0  0  0  0
    4.0178   -3.9524    0.0000 C   0  0  0  0  0  0  0  0  0  0  0  0
  1  2  1  0  0  0  0
  2  3  1  0  0  0  0
  2  4  1  0  0  0  0
  2  5  1  0  0  0  0
  5  6  2  0  0  0  0
  5 10  1  0  0  0  0
  6  7  1  0  0  0  0
  7  8  2  0  0  0  0
  8  9  1  0  0  0  0
  9 10  2  0  0  0  0
  9 12  1  0  0  0  0
 10 11  1  0  0  0  0
 12 13  1  0  0  0  0
 12 14  1  0  0  0  0
 12 15  1  0  0  0  0
M  END
