3033
  Marvin  12300703363D          

 30 31  0  0  0  0            999 V2000
    2.4546   -2.8053   -0.5822 Cl  0  0  0  0  0  0  0  0  0  0  0  0
    0.0672    1.4256    2.1195 Cl  0  0  0  0  0  0  0  0  0  0  0  0
   -2.7014   -2.1438   -2.3854 O   0  0  0  0  0  0  0  0  0  0  0  0
   -1.7632   -0.5528   -3.3231 O   0  0  0  0  0  0  0  0  0  0  0  0
    1.0630   -0.1922   -0.5289 N   0  0  0  0  0  0  0  0  0  0  0  0
   -1.0928    0.7815   -0.9583 C   0  0  0  0  0  0  0  0  0  0  0  0
    0.3245    0.8511   -0.8638 C   0  0  0  0  0  0  0  0  0  0  0  0
   -1.8451   -0.5103   -0.9626 C   0  0  0  0  0  0  0  0  0  0  0  0
    1.2575   -0.6844    0.7062 C   0  0  0  0  0  0  0  0  0  0  0  0
   -1.8059    2.0018   -1.0436 C   0  0  0  0  0  0  0  0  0  0  0  0
    1.0002    2.0820   -1.0131 C   0  0  0  0  0  0  0  0  0  0  0  0
   -1.1376    3.2388   -1.0885 C   0  0  0  0  0  0  0  0  0  0  0  0
    0.2668    3.2760   -1.1070 C   0  0  0  0  0  0  0  0  0  0  0  0
    1.9264   -1.9371    0.7807 C   0  0  0  0  0  0  0  0  0  0  0  0
    0.8579   -0.0683    1.9341 C   0  0  0  0  0  0  0  0  0  0  0  0
   -2.1066   -1.0777   -2.2733 C   0  0  0  0  0  0  0  0  0  0  0  0
    2.1850   -2.5453    2.0263 C   0  0  0  0  0  0  0  0  0  0  0  0
    1.1187   -0.6924    3.1704 C   0  0  0  0  0  0  0  0  0  0  0  0
    1.7817   -1.9250    3.2173 C   0  0  0  0  0  0  0  0  0  0  0  0
   -2.8023   -0.3844   -0.4497 H   0  0  0  0  0  0  0  0  0  0  0  0
   -1.3171   -1.2669   -0.3790 H   0  0  0  0  0  0  0  0  0  0  0  0
    1.4937   -0.6226   -1.2392 H   0  0  0  0  0  0  0  0  0  0  0  0
   -2.8288    2.0063   -1.0626 H   0  0  0  0  0  0  0  0  0  0  0  0
    2.0236    2.1275   -1.0092 H   0  0  0  0  0  0  0  0  0  0  0  0
   -1.6706    4.1108   -1.1104 H   0  0  0  0  0  0  0  0  0  0  0  0
    0.7555    4.1720   -1.1672 H   0  0  0  0  0  0  0  0  0  0  0  0
    2.6670   -3.4455    2.0904 H   0  0  0  0  0  0  0  0  0  0  0  0
    0.8366   -0.2663    4.0584 H   0  0  0  0  0  0  0  0  0  0  0  0
    1.9689   -2.3667    4.1202 H   0  0  0  0  0  0  0  0  0  0  0  0
   -2.9774   -2.5864   -1.6761 H   0  0  0  0  0  0  0  0  0  0  0  0
  1 14  1  0  0  0  0
  2 15  1  0  0  0  0
  3 16  1  0  0  0  0
  3 30  1  0  0  0  0
  4 16  2  0  0  0  0
  5  7  1  0  0  0  0
  5  9  1  0  0  0  0
  5 22  1  0  0  0  0
  6  7  1  0  0  0  0
  6  8  1  0  0  0  0
  6 10  2  0  0  0  0
  7 11  2  0  0  0  0
  8 16  1  0  0  0  0
  8 20  1  0  0  0  0
  8 21  1  0  0  0  0
  9 14  2  0  0  0  0
  9 15  1  0  0  0  0
 10 12  1  0  0  0  0
 10 23  1  0  0  0  0
 11 13  1  0  0  0  0
 11 24  1  0  0  0  0
 12 13  2  0  0  0  0
 12 25  1  0  0  0  0
 13 26  1  0  0  0  0
 14 17  1  0  0  0  0
 15 18  2  0  0  0  0
 17 19  2  0  0  0  0
 17 27  1  0  0  0  0
 18 19  1  0  0  0  0
 18 28  1  0  0  0  0
 19 29  1  0  0  0  0
M  END
> <PUBCHEM_BONDANNOTATIONS>
10  12  8
11  13  8
12  13  8
14  17  8
15  18  8
17  19  8
18  19  8
6  10  8
6  7  8
7  11  8
9  14  8
9  15  8

$$$$
