3845034
  Marvin  12310706323D          

 15 15  0  0  0  0            999 V2000
   -4.2669    0.1076    0.0000 Cl  0  0  0  0  0  0  0  0  0  0  0  0
    2.5066   -0.5132   -1.3248 O   0  0  0  0  0  0  0  0  0  0  0  0
    2.5066   -0.5132    1.3248 O   0  0  0  0  0  0  0  0  0  0  0  0
   -1.9472   -1.1100    0.0000 N   0  0  0  0  0  0  0  0  0  0  0  0
    0.2153   -0.0851   -0.0000 C   0  0  0  0  0  0  0  0  0  0  0  0
   -0.4111    1.1798    0.0000 C   0  0  0  0  0  0  0  0  0  0  0  0
   -0.5962   -1.2349    0.0000 C   0  0  0  0  0  0  0  0  0  0  0  0
   -1.8163    1.2759   -0.0000 C   0  0  0  0  0  0  0  0  0  0  0  0
   -2.5782    0.0910    0.0000 C   0  0  0  0  0  0  0  0  0  0  0  0
    1.7807   -0.2655   -0.0000 B   0  0  0  0  0  0  0  0  0  0  0  0
    0.1487    2.0364   -0.0000 H   0  0  0  0  0  0  0  0  0  0  0  0
   -0.1886   -2.1720    0.0000 H   0  0  0  0  0  0  0  0  0  0  0  0
   -2.2721    2.1915    0.0000 H   0  0  0  0  0  0  0  0  0  0  0  0
    3.4593   -0.4942   -1.0982 H   0  0  0  0  0  0  0  0  0  0  0  0
    3.4593   -0.4942    1.0982 H   0  0  0  0  0  0  0  0  0  0  0  0
  1  9  1  0  0  0  0
  2 10  1  0  0  0  0
  2 14  1  0  0  0  0
  3 10  1  0  0  0  0
  3 15  1  0  0  0  0
  4  7  1  0  0  0  0
  4  9  2  0  0  0  0
  5  6  1  0  0  0  0
  5  7  2  0  0  0  0
  5 10  1  0  0  0  0
  6  8  2  0  0  0  0
  6 11  1  0  0  0  0
  7 12  1  0  0  0  0
  8  9  1  0  0  0  0
  8 13  1  0  0  0  0
M  END
> <PUBCHEM_BONDANNOTATIONS>
4  7  8
4  9  8
5  6  8
5  7  8
6  8  8
8  9  8

$$$$
