
  ACD/Labs06251410132D

 10 10  0  0  0  0  0  0  0  0  1 V2000
    1.9922   -5.7577    0.0000 O   0  0  0  0  0  0  0  0  0  0  0  0
    2.6601   -4.6062    0.0000 B   0  0  0  0  0  0  0  0  0  0  0  0
    3.9901   -4.6062    0.0000 O   0  0  0  0  0  0  0  0  0  0  0  0
    1.9922   -3.4546    0.0000 C   0  0  0  0  0  0  0  0  0  0  0  0
    2.6601   -2.3031    0.0000 C   0  0  0  0  0  0  0  0  0  0  0  0
    1.9922   -1.1515    0.0000 C   0  0  0  0  0  0  0  0  0  0  0  0
    0.6621   -1.1515    0.0000 C   0  0  0  0  0  0  0  0  0  0  0  0
    0.0000    0.0000    0.0000 Cl  0  0  0  0  0  0  0  0  0  0  0  0
    0.0000   -2.3031    0.0000 N   0  0  0  0  0  0  0  0  0  0  0  0
    0.6621   -3.4546    0.0000 C   0  0  0  0  0  0  0  0  0  0  0  0
  1  2  1  0  0  0  0
  2  3  1  0  0  0  0
  2  4  1  0  0  0  0
  4  5  1  0  0  0  0
  4 10  2  0  0  0  0
  5  6  2  0  0  0  0
  6  7  1  0  0  0  0
  7  8  1  0  0  0  0
  7  9  2  0  0  0  0
  9 10  1  0  0  0  0
M  END
