
  ACD/Labs04281710402D

 19 21  0  0  0  0  0  0  0  0  1 V2000
    2.5515    0.0000    0.0000 O   0  0  0  0  0  0  0  0  0  0  0  0
    2.6268   -5.9912    0.0000 O   0  0  0  0  0  0  0  0  0  0  0  0
    3.7633   -4.0343    0.0000 N   0  0  0  0  0  0  0  0  0  0  0  0
    4.8999   -5.9912    0.0000 N   0  0  0  0  0  0  0  0  0  0  0  0
    5.2310   -2.1903    0.0000 C   0  0  0  0  0  0  0  0  0  0  0  0
    4.9450   -3.4698    0.0000 C   0  0  0  0  0  0  0  0  0  0  0  0
    4.4181   -1.1742    0.0000 C   0  0  0  0  0  0  0  0  0  0  0  0
    2.5816   -3.4698    0.0000 C   0  0  0  0  0  0  0  0  0  0  0  0
    2.2956   -2.1903    0.0000 C   0  0  0  0  0  0  0  0  0  0  0  0
    3.1085   -1.1742    0.0000 C   0  0  0  0  0  0  0  0  0  0  0  0
    6.5181   -1.7763    0.0000 C   0  0  0  0  0  0  0  0  0  0  0  0
    5.9235   -4.4031    0.0000 C   0  0  0  0  0  0  0  0  0  0  0  0
    1.6032   -4.4031    0.0000 C   0  0  0  0  0  0  0  0  0  0  0  0
    1.0086   -1.7763    0.0000 C   0  0  0  0  0  0  0  0  0  0  0  0
    3.7633   -5.3364    0.0000 C   0  0  0  0  0  0  0  0  0  0  0  0
    7.5267   -2.6870    0.0000 C   0  0  0  0  0  0  0  0  0  0  0  0
    7.2181   -4.0117    0.0000 C   0  0  0  0  0  0  0  0  0  0  0  0
    0.3086   -4.0117    0.0000 C   0  0  0  0  0  0  0  0  0  0  0  0
    0.0000   -2.6870    0.0000 C   0  0  0  0  0  0  0  0  0  0  0  0
  1 10  2  0  0  0  0
  2 15  2  0  0  0  0
  3  6  1  0  0  0  0
  3  8  1  0  0  0  0
  3 15  1  0  0  0  0
  4 15  1  0  0  0  0
  5  6  2  0  0  0  0
  5  7  1  0  0  0  0
  5 11  1  0  0  0  0
  6 12  1  0  0  0  0
  7 10  1  0  0  0  0
  8  9  2  0  0  0  0
  8 13  1  0  0  0  0
  9 10  1  0  0  0  0
  9 14  1  0  0  0  0
 11 16  2  0  0  0  0
 12 17  2  0  0  0  0
 13 18  2  0  0  0  0
 14 19  2  0  0  0  0
 16 17  1  0  0  0  0
 18 19  1  0  0  0  0
M  END
