34312
  Marvin  12300703363D          

 31 33  0  0  0  0            999 V2000
    2.1674   -2.0310   -1.3652 O   0  0  0  0  0  0  0  0  0  0  0  0
   -2.7336    0.6972   -1.2592 O   0  0  0  0  0  0  0  0  0  0  0  0
   -0.8498    0.3431   -0.1337 N   0  0  0  0  0  0  0  0  0  0  0  0
   -2.5904    1.5670    0.6952 N   0  0  0  0  0  0  0  0  0  0  0  0
    1.6108    0.9191   -0.1249 C   0  0  0  0  0  0  0  0  0  0  0  0
    0.2194    1.2385   -0.3008 C   0  0  0  0  0  0  0  0  0  0  0  0
    2.1090   -0.4165    0.2787 C   0  0  0  0  0  0  0  0  0  0  0  0
   -0.8491   -1.0385    0.1108 C   0  0  0  0  0  0  0  0  0  0  0  0
    0.2554   -1.9234   -0.1283 C   0  0  0  0  0  0  0  0  0  0  0  0
    1.5116   -1.4778   -0.4879 C   0  0  0  0  0  0  0  0  0  0  0  0
    2.6387    1.8865   -0.2987 C   0  0  0  0  0  0  0  0  0  0  0  0
    0.0143    2.6140   -0.6750 C   0  0  0  0  0  0  0  0  0  0  0  0
   -2.0072   -1.7245    0.6191 C   0  0  0  0  0  0  0  0  0  0  0  0
    0.1620   -3.3301    0.0606 C   0  0  0  0  0  0  0  0  0  0  0  0
   -2.0634    0.8698   -0.2497 C   0  0  0  0  0  0  0  0  0  0  0  0
    2.3489    3.2154   -0.6213 C   0  0  0  0  0  0  0  0  0  0  0  0
    1.0185    3.5850   -0.8116 C   0  0  0  0  0  0  0  0  0  0  0  0
   -2.1185   -3.1115    0.8030 C   0  0  0  0  0  0  0  0  0  0  0  0
   -1.0216   -3.9237    0.5127 C   0  0  0  0  0  0  0  0  0  0  0  0
    1.9136   -0.5466    1.3467 H   0  0  0  0  0  0  0  0  0  0  0  0
    3.1979   -0.5243    0.2005 H   0  0  0  0  0  0  0  0  0  0  0  0
    3.6317    1.6637   -0.1854 H   0  0  0  0  0  0  0  0  0  0  0  0
   -0.9134    2.9950   -0.8689 H   0  0  0  0  0  0  0  0  0  0  0  0
   -2.8591   -1.2239    0.8800 H   0  0  0  0  0  0  0  0  0  0  0  0
    0.9527   -3.9624   -0.1023 H   0  0  0  0  0  0  0  0  0  0  0  0
    3.0982    3.9054   -0.7163 H   0  0  0  0  0  0  0  0  0  0  0  0
    0.7893    4.5542   -1.0484 H   0  0  0  0  0  0  0  0  0  0  0  0
   -2.9881   -3.5295    1.1449 H   0  0  0  0  0  0  0  0  0  0  0  0
   -1.0828   -4.9364    0.6429 H   0  0  0  0  0  0  0  0  0  0  0  0
   -2.1108    1.7259    1.4823 H   0  0  0  0  0  0  0  0  0  0  0  0
   -3.4516    1.9202    0.6002 H   0  0  0  0  0  0  0  0  0  0  0  0
  1 10  2  0  0  0  0
  2 15  2  0  0  0  0
  3  6  1  0  0  0  0
  3  8  1  0  0  0  0
  3 15  1  0  0  0  0
  4 15  1  0  0  0  0
  4 30  1  0  0  0  0
  4 31  1  0  0  0  0
  5  6  1  0  0  0  0
  5  7  1  0  0  0  0
  5 11  2  0  0  0  0
  6 12  2  0  0  0  0
  7 10  1  0  0  0  0
  7 20  1  0  0  0  0
  7 21  1  0  0  0  0
  8  9  1  0  0  0  0
  8 13  2  0  0  0  0
  9 10  1  0  0  0  0
  9 14  2  0  0  0  0
 11 16  1  0  0  0  0
 11 22  1  0  0  0  0
 12 17  1  0  0  0  0
 12 23  1  0  0  0  0
 13 18  1  0  0  0  0
 13 24  1  0  0  0  0
 14 19  1  0  0  0  0
 14 25  1  0  0  0  0
 16 17  2  0  0  0  0
 16 26  1  0  0  0  0
 17 27  1  0  0  0  0
 18 19  2  0  0  0  0
 18 28  1  0  0  0  0
 19 29  1  0  0  0  0
M  END
> <PUBCHEM_BONDANNOTATIONS>
11  16  8
12  17  8
13  18  8
14  19  8
16  17  8
18  19  8
5  11  8
5  6  8
6  12  8
8  13  8
8  9  8
9  14  8

$$$$
