3332
  Marvin  12300703363D          

 28 29  0  0  0  0            999 V2000
    2.7596    4.7798    1.4291 O   0  0  0  0  0  0  0  0  0  0  0  0
    1.8022    3.1215    2.2150 O   0  0  0  0  0  0  0  0  0  0  0  0
   -0.2832   -0.4905   -0.2024 C   0  0  0  0  0  0  0  0  0  0  0  0
    1.1675    2.0222   -0.2281 C   0  0  0  0  0  0  0  0  0  0  0  0
   -1.0085   -1.7467   -0.1874 C   0  0  0  0  0  0  0  0  0  0  0  0
    1.1392   -0.4184   -0.2107 C   0  0  0  0  0  0  0  0  0  0  0  0
   -0.9320    0.7774   -0.2107 C   0  0  0  0  0  0  0  0  0  0  0  0
    1.8528    0.7921   -0.2277 C   0  0  0  0  0  0  0  0  0  0  0  0
   -0.2404    2.0007   -0.2277 C   0  0  0  0  0  0  0  0  0  0  0  0
    1.9081    3.3050   -0.1446 C   0  0  0  0  0  0  0  0  0  0  0  0
   -2.4323   -1.8183   -0.1820 C   0  0  0  0  0  0  0  0  0  0  0  0
   -0.3585   -3.0155   -0.1820 C   0  0  0  0  0  0  0  0  0  0  0  0
   -3.1473   -3.0296   -0.1793 C   0  0  0  0  0  0  0  0  0  0  0  0
   -1.0501   -4.2404   -0.1793 C   0  0  0  0  0  0  0  0  0  0  0  0
   -2.4518   -4.2466   -0.1793 C   0  0  0  0  0  0  0  0  0  0  0  0
    2.1577    3.7373    1.2191 C   0  0  0  0  0  0  0  0  0  0  0  0
    1.7337   -1.2448   -0.1977 H   0  0  0  0  0  0  0  0  0  0  0  0
   -1.9449    0.8790   -0.1977 H   0  0  0  0  0  0  0  0  0  0  0  0
    2.8766    0.7692   -0.2234 H   0  0  0  0  0  0  0  0  0  0  0  0
   -0.7722    2.8758   -0.2234 H   0  0  0  0  0  0  0  0  0  0  0  0
    2.8644    3.2197   -0.6690 H   0  0  0  0  0  0  0  0  0  0  0  0
    1.3562    4.0905   -0.6690 H   0  0  0  0  0  0  0  0  0  0  0  0
   -3.0252   -0.9905   -0.1814 H   0  0  0  0  0  0  0  0  0  0  0  0
    0.6548   -3.1151   -0.1814 H   0  0  0  0  0  0  0  0  0  0  0  0
   -4.1701   -3.0276   -0.1781 H   0  0  0  0  0  0  0  0  0  0  0  0
   -0.5369   -5.1252   -0.1781 H   0  0  0  0  0  0  0  0  0  0  0  0
   -2.9627   -5.1316   -0.1793 H   0  0  0  0  0  0  0  0  0  0  0  0
    3.0430    5.2706    0.7567 H   0  0  0  0  0  0  0  0  0  0  0  0
  1 16  1  0  0  0  0
  1 28  1  0  0  0  0
  2 16  2  0  0  0  0
  3  5  1  0  0  0  0
  3  6  2  0  0  0  0
  3  7  1  0  0  0  0
  4  8  2  0  0  0  0
  4  9  1  0  0  0  0
  4 10  1  0  0  0  0
  5 11  2  0  0  0  0
  5 12  1  0  0  0  0
  6  8  1  0  0  0  0
  6 17  1  0  0  0  0
  7  9  2  0  0  0  0
  7 18  1  0  0  0  0
  8 19  1  0  0  0  0
  9 20  1  0  0  0  0
 10 16  1  0  0  0  0
 10 21  1  0  0  0  0
 10 22  1  0  0  0  0
 11 13  1  0  0  0  0
 11 23  1  0  0  0  0
 12 14  2  0  0  0  0
 12 24  1  0  0  0  0
 13 15  2  0  0  0  0
 13 25  1  0  0  0  0
 14 15  1  0  0  0  0
 14 26  1  0  0  0  0
 15 27  1  0  0  0  0
M  END
> <PUBCHEM_BONDANNOTATIONS>
11  13  8
12  14  8
13  15  8
14  15  8
3  6  8
3  7  8
4  8  8
4  9  8
5  11  8
5  12  8
6  8  8
7  9  8

$$$$
