
  ACD/Labs04281710572D

 22 24  0  0  0  0  0  0  0  0  1 V2000
    0.0000    0.0000    0.0000 F   0  0  0  0  0  0  0  0  0  0  0  0
    0.6743   -1.1498    0.0000 C   0  0  0  0  0  0  0  0  0  0  0  0
    0.0086   -2.3083    0.0000 C   0  0  0  0  0  0  0  0  0  0  0  0
    0.6743   -3.4495    0.0000 C   0  0  0  0  0  0  0  0  0  0  0  0
    2.0057   -3.4495    0.0000 C   0  0  0  0  0  0  0  0  0  0  0  0
    2.6714   -2.2910    0.0000 C   0  0  0  0  0  0  0  0  0  0  0  0
    2.0057   -1.1498    0.0000 C   0  0  0  0  0  0  0  0  0  0  0  0
    4.0028   -2.2910    0.0000 F   0  0  0  0  0  0  0  0  0  0  0  0
    2.6714   -4.5993    0.0000 C   0  0  0  0  0  0  0  0  0  0  0  0
    1.5216   -5.2650    0.0000 C   0  0  0  0  0  0  0  0  0  0  0  0
    1.5216   -6.5964    0.0000 N   0  0  0  0  0  0  0  0  0  0  0  0
    0.4496   -7.3831    0.0000 C   0  0  0  0  0  0  0  0  0  0  0  0
    0.8559   -8.6453    0.0000 N   0  0  0  0  0  0  0  0  0  0  0  0
    2.1873   -8.6453    0.0000 C   0  0  0  0  0  0  0  0  0  0  0  0
    2.6022   -7.3831    0.0000 N   0  0  0  0  0  0  0  0  0  0  0  0
    3.8212   -3.9336    0.0000 C   0  0  0  0  0  0  0  0  0  0  0  0
    4.9711   -4.5993    0.0000 N   0  0  0  0  0  0  0  0  0  0  0  0
    6.1901   -4.0547    0.0000 C   0  0  0  0  0  0  0  0  0  0  0  0
    7.0805   -5.0402    0.0000 N   0  0  0  0  0  0  0  0  0  0  0  0
    6.4235   -6.1901    0.0000 C   0  0  0  0  0  0  0  0  0  0  0  0
    5.1180   -5.9221    0.0000 N   0  0  0  0  0  0  0  0  0  0  0  0
    3.3371   -5.7492    0.0000 O   0  0  0  0  0  0  0  0  0  0  0  0
  1  2  1  0  0  0  0
  2  3  1  0  0  0  0
  2  7  2  0  0  0  0
  3  4  2  0  0  0  0
  4  5  1  0  0  0  0
  5  6  2  0  0  0  0
  5  9  1  0  0  0  0
  6  7  1  0  0  0  0
  6  8  1  0  0  0  0
  9 10  1  0  0  0  0
  9 16  1  0  0  0  0
  9 22  1  0  0  0  0
 10 11  1  0  0  0  0
 11 12  1  0  0  0  0
 11 15  1  0  0  0  0
 12 13  2  0  0  0  0
 13 14  1  0  0  0  0
 14 15  2  0  0  0  0
 16 17  1  0  0  0  0
 17 18  1  0  0  0  0
 17 21  1  0  0  0  0
 18 19  2  0  0  0  0
 19 20  1  0  0  0  0
 20 21  2  0  0  0  0
M  END
