3365
  Marvin  12300703363D          

 34 36  0  0  0  0            999 V2000
    1.0154   -2.3228    1.8780 F   0  0  0  0  0  0  0  0  0  0  0  0
   -2.4509   -4.7897    0.0075 F   0  0  0  0  0  0  0  0  0  0  0  0
    2.2412   -0.5473   -0.0580 O   0  0  0  0  0  0  0  0  0  0  0  0
    1.5363    1.9402   -1.3839 N   0  0  0  0  0  0  0  0  0  0  0  0
   -0.8790    0.8905    1.5104 N   0  0  0  0  0  0  0  0  0  0  0  0
    2.8313    1.9572   -1.3981 N   0  0  0  0  0  0  0  0  0  0  0  0
   -1.1901    1.6226    2.5349 N   0  0  0  0  0  0  0  0  0  0  0  0
    2.1612    4.0473   -1.3427 N   0  0  0  0  0  0  0  0  0  0  0  0
   -3.0893    0.9605    1.6612 N   0  0  0  0  0  0  0  0  0  0  0  0
    0.8563   -0.1916   -0.1390 C   0  0  2  0  0  0  0  0  0  0  0  0
    0.7361    0.7493   -1.3917 C   0  0  0  0  0  0  0  0  0  0  0  0
    0.4916    0.6326    1.1522 C   0  0  0  0  0  0  0  0  0  0  0  0
    0.1044   -1.5032   -0.1850 C   0  0  0  0  0  0  0  0  0  0  0  0
    0.1718   -2.4399    0.8868 C   0  0  0  0  0  0  0  0  0  0  0  0
   -0.7683   -1.8432   -1.2544 C   0  0  0  0  0  0  0  0  0  0  0  0
   -0.6911   -3.5512    0.9556 C   0  0  0  0  0  0  0  0  0  0  0  0
   -1.6330   -2.9497   -1.1978 C   0  0  0  0  0  0  0  0  0  0  0  0
    1.1097    3.2181   -1.3555 C   0  0  0  0  0  0  0  0  0  0  0  0
   -2.0480    0.4872    0.9683 C   0  0  0  0  0  0  0  0  0  0  0  0
   -1.6153   -3.7911   -0.0742 C   0  0  0  0  0  0  0  0  0  0  0  0
    3.2269    3.2373   -1.3693 C   0  0  0  0  0  0  0  0  0  0  0  0
   -2.5262    1.6760    2.6393 C   0  0  0  0  0  0  0  0  0  0  0  0
    1.0186    0.2044   -2.2968 H   0  0  0  0  0  0  0  0  0  0  0  0
   -0.3159    1.0254   -1.5137 H   0  0  0  0  0  0  0  0  0  0  0  0
    0.9975    1.6005    1.1230 H   0  0  0  0  0  0  0  0  0  0  0  0
    0.9428    0.1547    2.0234 H   0  0  0  0  0  0  0  0  0  0  0  0
    2.4400   -1.0524   -0.8756 H   0  0  0  0  0  0  0  0  0  0  0  0
   -0.8388   -1.2719   -2.0969 H   0  0  0  0  0  0  0  0  0  0  0  0
   -0.6579   -4.1848    1.7591 H   0  0  0  0  0  0  0  0  0  0  0  0
   -2.2841   -3.1275   -1.9669 H   0  0  0  0  0  0  0  0  0  0  0  0
    0.1356    3.5275   -1.3386 H   0  0  0  0  0  0  0  0  0  0  0  0
   -2.1835   -0.0987    0.1493 H   0  0  0  0  0  0  0  0  0  0  0  0
    4.1993    3.5473   -1.3672 H   0  0  0  0  0  0  0  0  0  0  0  0
   -3.0443    2.1863    3.3561 H   0  0  0  0  0  0  0  0  0  0  0  0
  1 14  1  0  0  0  0
  2 20  1  0  0  0  0
  3 10  1  0  0  0  0
  3 27  1  0  0  0  0
  4  6  1  0  0  0  0
  4 11  1  0  0  0  0
  4 18  1  0  0  0  0
  5  7  1  0  0  0  0
  5 12  1  0  0  0  0
  5 19  1  0  0  0  0
  6 21  2  0  0  0  0
  7 22  2  0  0  0  0
  8 18  2  0  0  0  0
  8 21  1  0  0  0  0
  9 19  2  0  0  0  0
  9 22  1  0  0  0  0
 10 11  1  0  0  0  0
 10 12  1  0  0  0  0
 10 13  1  0  0  0  0
 11 23  1  0  0  0  0
 11 24  1  0  0  0  0
 12 25  1  0  0  0  0
 12 26  1  0  0  0  0
 13 14  2  0  0  0  0
 13 15  1  0  0  0  0
 14 16  1  0  0  0  0
 15 17  2  0  0  0  0
 15 28  1  0  0  0  0
 16 20  2  0  0  0  0
 16 29  1  0  0  0  0
 17 20  1  0  0  0  0
 17 30  1  0  0  0  0
 18 31  1  0  0  0  0
 19 32  1  0  0  0  0
 21 33  1  0  0  0  0
 22 34  1  0  0  0  0
M  END
> <PUBCHEM_BONDANNOTATIONS>
13  14  8
13  15  8
14  16  8
15  17  8
16  20  8
17  20  8
4  18  8
4  6  8
5  19  8
5  7  8
6  21  8
7  22  8
8  18  8
8  21  8
9  19  8
9  22  8

$$$$
