3371
  Marvin  12300703363D          

 30 31  0  0  0  0            999 V2000
    4.0406    1.2696    0.0212 F   0  0  0  0  0  0  0  0  0  0  0  0
    4.1646    1.2941   -2.2017 F   0  0  0  0  0  0  0  0  0  0  0  0
    4.2328    3.1675   -1.0526 F   0  0  0  0  0  0  0  0  0  0  0  0
   -2.2075   -4.1373   -0.4810 O   0  0  0  0  0  0  0  0  0  0  0  0
   -2.3949   -2.4520   -1.6243 O   0  0  0  0  0  0  0  0  0  0  0  0
   -0.5590   -0.4747   -0.8790 N   0  0  0  0  0  0  0  0  0  0  0  0
    0.0385    0.6760   -1.1445 C   0  0  0  0  0  0  0  0  0  0  0  0
   -0.9007   -0.9088    0.3492 C   0  0  0  0  0  0  0  0  0  0  0  0
    2.1436    1.9468   -1.1779 C   0  0  0  0  0  0  0  0  0  0  0  0
    1.4457    0.7157   -1.2073 C   0  0  0  0  0  0  0  0  0  0  0  0
   -1.6189   -2.1315    0.5199 C   0  0  0  0  0  0  0  0  0  0  0  0
   -0.7010    1.8747   -1.1857 C   0  0  0  0  0  0  0  0  0  0  0  0
    1.3799    3.1396   -1.1647 C   0  0  0  0  0  0  0  0  0  0  0  0
   -0.5216   -0.1795    1.5123 C   0  0  0  0  0  0  0  0  0  0  0  0
   -0.0270    3.1075   -1.1913 C   0  0  0  0  0  0  0  0  0  0  0  0
   -1.8987   -2.5722    1.8419 C   0  0  0  0  0  0  0  0  0  0  0  0
    3.6292    1.9339   -1.1104 C   0  0  2  0  0  0  0  0  0  0  0  0
   -0.8147   -0.6287    2.8061 C   0  0  0  0  0  0  0  0  0  0  0  0
   -1.5032   -1.8358    2.9705 C   0  0  0  0  0  0  0  0  0  0  0  0
   -2.0739   -2.9179   -0.5421 C   0  0  0  0  0  0  0  0  0  0  0  0
   -0.7177   -1.0368   -1.6089 H   0  0  0  0  0  0  0  0  0  0  0  0
    1.9659   -0.1672   -1.2205 H   0  0  0  0  0  0  0  0  0  0  0  0
   -1.7242    1.8577   -1.1696 H   0  0  0  0  0  0  0  0  0  0  0  0
    1.8340    4.0543   -1.1242 H   0  0  0  0  0  0  0  0  0  0  0  0
   -0.0079    0.7027    1.4535 H   0  0  0  0  0  0  0  0  0  0  0  0
   -0.5628    3.9785   -1.1879 H   0  0  0  0  0  0  0  0  0  0  0  0
   -2.4104   -3.4399    2.0218 H   0  0  0  0  0  0  0  0  0  0  0  0
   -0.5242   -0.0803    3.6195 H   0  0  0  0  0  0  0  0  0  0  0  0
   -1.7156   -2.1706    3.9126 H   0  0  0  0  0  0  0  0  0  0  0  0
   -1.9910   -4.5854    0.2451 H   0  0  0  0  0  0  0  0  0  0  0  0
  1 17  1  0  0  0  0
  2 17  1  0  0  0  0
  3 17  1  0  0  0  0
  4 20  1  0  0  0  0
  4 30  1  0  0  0  0
  5 20  2  0  0  0  0
  6  7  1  0  0  0  0
  6  8  1  0  0  0  0
  6 21  1  0  0  0  0
  7 10  1  0  0  0  0
  7 12  2  0  0  0  0
  8 11  1  0  0  0  0
  8 14  2  0  0  0  0
  9 10  2  0  0  0  0
  9 13  1  0  0  0  0
  9 17  1  0  0  0  0
 10 22  1  0  0  0  0
 11 16  2  0  0  0  0
 11 20  1  0  0  0  0
 12 15  1  0  0  0  0
 12 23  1  0  0  0  0
 13 15  2  0  0  0  0
 13 24  1  0  0  0  0
 14 18  1  0  0  0  0
 14 25  1  0  0  0  0
 15 26  1  0  0  0  0
 16 19  1  0  0  0  0
 16 27  1  0  0  0  0
 18 19  2  0  0  0  0
 18 28  1  0  0  0  0
 19 29  1  0  0  0  0
M  END
> <PUBCHEM_BONDANNOTATIONS>
11  16  8
12  15  8
13  15  8
14  18  8
16  19  8
18  19  8
7  10  8
7  12  8
8  11  8
8  14  8
9  10  8
9  13  8

$$$$
