
  ACD/Labs03221914022D

 20 21  0  0  0  0  0  0  0  0  1 V2000
    0.0000   -7.2270    0.0000 C   0  0  0  0  0  0  0  0  0  0  0  0
    0.0093   -5.9113    0.0000 C   0  0  0  0  0  0  0  0  0  0  0  0
    1.1674   -5.2349    0.0000 C   0  0  0  0  0  0  0  0  0  0  0  0
    2.2978   -5.9391    0.0000 C   0  0  0  0  0  0  0  0  0  0  0  0
    2.2885   -7.2548    0.0000 C   0  0  0  0  0  0  0  0  0  0  0  0
    1.1396   -7.8941    0.0000 C   0  0  0  0  0  0  0  0  0  0  0  0
    3.4374   -7.9311    0.0000 C   0  0  0  0  0  0  0  0  0  0  0  0
    4.5956   -7.2733    0.0000 O   0  0  0  0  0  0  0  0  0  0  0  0
    3.4189   -9.2653    0.0000 O   0  0  0  0  0  0  0  0  0  0  0  0
    3.4652   -5.2905    0.0000 N   0  0  0  0  0  0  0  0  0  0  0  0
    3.4930   -3.9563    0.0000 C   0  0  0  0  0  0  0  0  0  0  0  0
    2.3534   -3.2707    0.0000 C   0  0  0  0  0  0  0  0  0  0  0  0
    2.3812   -1.9457    0.0000 C   0  0  0  0  0  0  0  0  0  0  0  0
    3.5486   -1.2971    0.0000 C   0  0  0  0  0  0  0  0  0  0  0  0
    4.6883   -1.9828    0.0000 C   0  0  0  0  0  0  0  0  0  0  0  0
    4.6605   -3.3170    0.0000 C   0  0  0  0  0  0  0  0  0  0  0  0
    5.8557   -1.3342    0.0000 C   0  0  0  0  0  0  0  0  0  0  0  0
    5.8835    0.0000    0.0000 F   0  0  0  0  0  0  0  0  0  0  0  0
    6.2912   -2.5943    0.0000 F   0  0  0  0  0  0  0  0  0  0  0  0
    7.1714   -1.1304    0.0000 F   0  0  0  0  0  0  0  0  0  0  0  0
  1  2  2  0  0  0  0
  1  6  1  0  0  0  0
  2  3  1  0  0  0  0
  3  4  2  0  0  0  0
  4  5  1  0  0  0  0
  4 10  1  0  0  0  0
  5  6  2  0  0  0  0
  5  7  1  0  0  0  0
  7  8  2  0  0  0  0
  7  9  1  0  0  0  0
 10 11  1  0  0  0  0
 11 12  2  0  0  0  0
 11 16  1  0  0  0  0
 12 13  1  0  0  0  0
 13 14  2  0  0  0  0
 14 15  1  0  0  0  0
 15 16  2  0  0  0  0
 15 17  1  0  0  0  0
 17 18  1  0  0  0  0
 17 19  1  0  0  0  0
 17 20  1  0  0  0  0
M  END
