MolHeader
  ELEMENTL08161820482D
Dotmatics Elemental
 11 11  0  0  0  0            999 V2000
   -5.7743    4.4072    0.0000 C   0  0  0  0  0
   -6.9261    3.7422    0.0000 C   0  0  0  0  0
   -6.9261    2.4122    0.0000 C   0  0  0  0  0
   -5.7743    1.7472    0.0000 C   0  0  0  0  0
   -4.6225    2.4122    0.0000 C   0  0  0  0  0
   -4.6225    3.7422    0.0000 C   0  0  0  0  0
   -3.4707    4.4072    0.0000 C   0  0  0  0  0
   -2.3189    3.7422    0.0000 H   0  0  0  0  0
   -3.4707    5.7371    0.0000 O   0  0  0  0  0
   -5.7743    0.4172    0.0000 Cl  0  0  0  0  0
   -8.0779    4.4072    0.0000 Cl  0  0  0  0  0
  1  2  2  0  0  0
  2  3  1  0  0  0
  3  4  2  0  0  0
  4  5  1  0  0  0
  5  6  2  0  0  0
  6  1  1  0  0  0
  6  7  1  0  0  0
  7  8  1  0  0  0
  7  9  2  0  0  0
  4 10  1  0  0  0
  2 11  1  0  0  0
M  END
