
  ACD/Labs04281710562D

 12 12  0  0  0  0  0  0  0  0  1 V2000
    3.5210    0.0000    0.0000 O   0  0  0  0  0  0  0  0  0  0  0  0
    4.6492   -1.9940    0.0000 O   0  0  0  0  0  0  0  0  0  0  0  0
    4.6492   -3.3216    0.0000 N   0  0  0  0  0  0  0  0  0  0  0  0
    2.3246   -3.2534    0.0000 C   0  0  0  0  0  0  0  0  0  0  0  0
    2.3246   -1.9258    0.0000 C   0  0  0  0  0  0  0  0  0  0  0  0
    2.3246   -4.5809    0.0000 C   0  0  0  0  0  0  0  0  0  0  0  0
    1.1964   -2.5922    0.0000 C   0  0  0  0  0  0  0  0  0  0  0  0
    3.4528   -3.9198    0.0000 C   0  0  0  0  0  0  0  0  0  0  0  0
    3.5210   -1.2646    0.0000 C   0  0  0  0  0  0  0  0  0  0  0  0
    1.1964   -5.2474    0.0000 C   0  0  0  0  0  0  0  0  0  0  0  0
    0.0000   -3.2534    0.0000 C   0  0  0  0  0  0  0  0  0  0  0  0
    0.0000   -4.5809    0.0000 C   0  0  0  0  0  0  0  0  0  0  0  0
  1  9  2  0  0  0  0
  2  9  1  0  0  0  0
  3  8  1  0  0  0  0
  4  5  1  0  0  0  0
  4  6  1  0  0  0  0
  4  7  1  0  0  0  0
  4  8  1  0  0  0  0
  5  9  1  0  0  0  0
  6 10  1  0  0  0  0
  7 11  1  0  0  0  0
 10 12  1  0  0  0  0
 11 12  1  0  0  0  0
M  END
