
  ACD/Labs04111411492D

 15 15  0  0  0  0  0  0  0  0  1 V2000
    3.8556   -1.2609    0.0000 O   0  0  0  0  0  0  0  0  0  0  0  0
    3.4409    0.0000    0.0000 C   0  0  0  0  0  0  0  0  0  0  0  0
    2.1296    0.0000    0.0000 C   0  0  0  0  0  0  0  0  0  0  0  0
    1.6924   -1.2945    0.0000 O   0  0  0  0  0  0  0  0  0  0  0  0
    0.3811   -1.3674    0.0000 C   0  0  0  0  0  0  0  0  0  0  0  0
    0.0000   -2.6451    0.0000 C   0  0  0  0  0  0  0  0  0  0  0  0
    5.1670   -1.2553    0.0000 C   0  0  0  0  0  0  0  0  0  0  0  0
    5.6041   -2.5162    0.0000 C   0  0  0  0  0  0  0  0  0  0  0  0
    1.0704   -3.4297    0.0000 O   0  0  0  0  0  0  0  0  0  0  0  0
    4.5617   -3.3176    0.0000 O   0  0  0  0  0  0  0  0  0  0  0  0
    0.7117   -4.7355    0.0000 C   0  0  0  0  0  0  0  0  0  0  0  0
    5.0381   -4.5505    0.0000 C   0  0  0  0  0  0  0  0  0  0  0  0
    1.8045   -5.4808    0.0000 C   0  0  0  0  0  0  0  0  0  0  0  0
    4.0125   -5.3911    0.0000 C   0  0  0  0  0  0  0  0  0  0  0  0
    2.8693   -4.6738    0.0000 O   0  0  0  0  0  0  0  0  0  0  0  0
  1  2  1  0  0  0  0
  1  7  1  0  0  0  0
  2  3  1  0  0  0  0
  3  4  1  0  0  0  0
  4  5  1  0  0  0  0
  5  6  1  0  0  0  0
  6  9  1  0  0  0  0
  7  8  1  0  0  0  0
  8 10  1  0  0  0  0
  9 11  1  0  0  0  0
 10 12  1  0  0  0  0
 11 13  1  0  0  0  0
 12 14  1  0  0  0  0
 13 15  1  0  0  0  0
 14 15  1  0  0  0  0
M  END
