36336
  Marvin  12300703363D          

 35 35  0  0  0  0            999 V2000
    0.7637    1.1595   -1.6740 O   0  0  0  0  0  0  0  0  0  0  0  0
    3.4310   -0.9899   -0.5385 O   0  0  0  0  0  0  0  0  0  0  0  0
   -2.5101    2.6220   -0.8417 O   0  0  0  0  0  0  0  0  0  0  0  0
    0.8030   -1.5153    0.7691 O   0  0  0  0  0  0  0  0  0  0  0  0
   -1.9280   -0.0215    0.7451 O   0  0  0  0  0  0  0  0  0  0  0  0
    2.0417    0.9189   -1.0653 C   0  0  0  0  0  0  0  0  0  0  0  0
   -0.0931    2.1127   -1.0238 C   0  0  0  0  0  0  0  0  0  0  0  0
    2.6374   -0.4056   -1.5872 C   0  0  0  0  0  0  0  0  0  0  0  0
   -1.4845    2.0685   -1.6860 C   0  0  0  0  0  0  0  0  0  0  0  0
    3.1131   -2.3085   -0.0678 C   0  0  0  0  0  0  0  0  0  0  0  0
   -3.4427    1.7369   -0.1939 C   0  0  0  0  0  0  0  0  0  0  0  0
    1.8452   -2.5169    0.8122 C   0  0  0  0  0  0  0  0  0  0  0  0
   -2.9168    0.9857    1.0495 C   0  0  0  0  0  0  0  0  0  0  0  0
   -0.3653   -1.8034    1.5761 C   0  0  0  0  0  0  0  0  0  0  0  0
   -1.2533   -0.5800    1.8902 C   0  0  0  0  0  0  0  0  0  0  0  0
    2.7195    1.7501   -1.2763 H   0  0  0  0  0  0  0  0  0  0  0  0
    1.9378    0.8470    0.0214 H   0  0  0  0  0  0  0  0  0  0  0  0
    0.3302    3.1186   -1.0923 H   0  0  0  0  0  0  0  0  0  0  0  0
   -0.2006    1.8674    0.0350 H   0  0  0  0  0  0  0  0  0  0  0  0
    3.2918   -0.2057   -2.4397 H   0  0  0  0  0  0  0  0  0  0  0  0
    1.8491   -1.0731   -1.9516 H   0  0  0  0  0  0  0  0  0  0  0  0
   -1.4532    2.6844   -2.5868 H   0  0  0  0  0  0  0  0  0  0  0  0
   -1.7214    1.0525   -2.0162 H   0  0  0  0  0  0  0  0  0  0  0  0
    3.1125   -3.0014   -0.9135 H   0  0  0  0  0  0  0  0  0  0  0  0
    3.9842   -2.5887    0.5294 H   0  0  0  0  0  0  0  0  0  0  0  0
   -4.2569    2.3850    0.1385 H   0  0  0  0  0  0  0  0  0  0  0  0
   -3.8841    1.0344   -0.9055 H   0  0  0  0  0  0  0  0  0  0  0  0
    1.4211   -3.4901    0.5466 H   0  0  0  0  0  0  0  0  0  0  0  0
    2.1811   -2.5899    1.8510 H   0  0  0  0  0  0  0  0  0  0  0  0
   -3.7703    0.4972    1.5299 H   0  0  0  0  0  0  0  0  0  0  0  0
   -2.5254    1.7350    1.7438 H   0  0  0  0  0  0  0  0  0  0  0  0
   -0.9723   -2.5671    1.0837 H   0  0  0  0  0  0  0  0  0  0  0  0
   -0.0669   -2.2035    2.5514 H   0  0  0  0  0  0  0  0  0  0  0  0
   -1.9913   -0.9017    2.6337 H   0  0  0  0  0  0  0  0  0  0  0  0
   -0.6263    0.1866    2.3533 H   0  0  0  0  0  0  0  0  0  0  0  0
  1  6  1  0  0  0  0
  1  7  1  0  0  0  0
  2  8  1  0  0  0  0
  2 10  1  0  0  0  0
  3  9  1  0  0  0  0
  3 11  1  0  0  0  0
  4 12  1  0  0  0  0
  4 14  1  0  0  0  0
  5 13  1  0  0  0  0
  5 15  1  0  0  0  0
  6  8  1  0  0  0  0
  6 16  1  0  0  0  0
  6 17  1  0  0  0  0
  7  9  1  0  0  0  0
  7 18  1  0  0  0  0
  7 19  1  0  0  0  0
  8 20  1  0  0  0  0
  8 21  1  0  0  0  0
  9 22  1  0  0  0  0
  9 23  1  0  0  0  0
 10 12  1  0  0  0  0
 10 24  1  0  0  0  0
 10 25  1  0  0  0  0
 11 13  1  0  0  0  0
 11 26  1  0  0  0  0
 11 27  1  0  0  0  0
 12 28  1  0  0  0  0
 12 29  1  0  0  0  0
 13 30  1  0  0  0  0
 13 31  1  0  0  0  0
 14 15  1  0  0  0  0
 14 32  1  0  0  0  0
 14 33  1  0  0  0  0
 15 34  1  0  0  0  0
 15 35  1  0  0  0  0
M  END
$$$$
