3463
  Marvin  12300703363D          

 40 40  0  0  0  0            999 V2000
    0.3924    0.7581   -1.1201 O   0  0  0  0  0  0  0  0  0  0  0  0
   -2.5719   -4.4664    3.1480 O   0  0  0  0  0  0  0  0  0  0  0  0
   -1.6097   -2.7960    3.8223 O   0  0  0  0  0  0  0  0  0  0  0  0
   -1.7540   -3.0268    1.4474 C   0  0  2  0  0  0  0  0  0  0  0  0
   -0.9794   -1.6606    1.3731 C   0  0  0  0  0  0  0  0  0  0  0  0
   -0.6490   -1.0533   -0.0180 C   0  0  0  0  0  0  0  0  0  0  0  0
   -0.9169   -4.1442    0.7420 C   0  0  0  0  0  0  0  0  0  0  0  0
   -3.1447   -2.8777    0.7470 C   0  0  0  0  0  0  0  0  0  0  0  0
    0.0907    0.2912    0.0990 C   0  0  0  0  0  0  0  0  0  0  0  0
   -1.9809   -3.4338    2.8467 C   0  0  0  0  0  0  0  0  0  0  0  0
    1.0669    1.8114   -1.3024 C   0  0  0  0  0  0  0  0  0  0  0  0
    2.4818    1.7773   -1.3590 C   0  0  0  0  0  0  0  0  0  0  0  0
    0.3654    3.0337   -1.3519 C   0  0  0  0  0  0  0  0  0  0  0  0
    1.0579    4.2604   -1.3595 C   0  0  0  0  0  0  0  0  0  0  0  0
    3.1693    3.0116   -1.3808 C   0  0  0  0  0  0  0  0  0  0  0  0
    2.4708    4.2335   -1.3679 C   0  0  0  0  0  0  0  0  0  0  0  0
    3.2583    0.5108   -1.3623 C   0  0  0  0  0  0  0  0  0  0  0  0
    0.2841    5.5209   -1.3262 C   0  0  0  0  0  0  0  0  0  0  0  0
   -0.0290   -1.7695    1.9073 H   0  0  0  0  0  0  0  0  0  0  0  0
   -1.5506   -0.9047    1.9229 H   0  0  0  0  0  0  0  0  0  0  0  0
   -0.0151   -1.7366   -0.5875 H   0  0  0  0  0  0  0  0  0  0  0  0
   -1.5625   -0.8810   -0.5906 H   0  0  0  0  0  0  0  0  0  0  0  0
    0.0785   -4.2351    1.1846 H   0  0  0  0  0  0  0  0  0  0  0  0
   -1.3972   -5.1228    0.8061 H   0  0  0  0  0  0  0  0  0  0  0  0
   -0.7842   -3.9456   -0.3228 H   0  0  0  0  0  0  0  0  0  0  0  0
   -3.7243   -2.0607    1.1845 H   0  0  0  0  0  0  0  0  0  0  0  0
   -3.7458   -3.7862    0.8218 H   0  0  0  0  0  0  0  0  0  0  0  0
   -3.0455   -2.6739   -0.3204 H   0  0  0  0  0  0  0  0  0  0  0  0
   -0.5424    1.0061    0.6359 H   0  0  0  0  0  0  0  0  0  0  0  0
    1.0011    0.1362    0.6895 H   0  0  0  0  0  0  0  0  0  0  0  0
   -2.8843   -5.0043    2.5258 H   0  0  0  0  0  0  0  0  0  0  0  0
   -0.6598    3.0224   -1.3484 H   0  0  0  0  0  0  0  0  0  0  0  0
    4.1922    3.0312   -1.3942 H   0  0  0  0  0  0  0  0  0  0  0  0
    3.0063    5.1043   -1.3600 H   0  0  0  0  0  0  0  0  0  0  0  0
    3.8604    0.4417   -0.4548 H   0  0  0  0  0  0  0  0  0  0  0  0
    3.9204    0.4751   -2.2288 H   0  0  0  0  0  0  0  0  0  0  0  0
    2.6367   -0.3857   -1.4077 H   0  0  0  0  0  0  0  0  0  0  0  0
   -0.3434    5.5422   -0.4322 H   0  0  0  0  0  0  0  0  0  0  0  0
   -0.3609    5.5883   -2.2043 H   0  0  0  0  0  0  0  0  0  0  0  0
    0.9180    6.4085   -1.3042 H   0  0  0  0  0  0  0  0  0  0  0  0
  1  9  1  0  0  0  0
  1 11  1  0  0  0  0
  2 10  1  0  0  0  0
  2 31  1  0  0  0  0
  3 10  2  0  0  0  0
  4  5  1  0  0  0  0
  4  7  1  0  0  0  0
  4  8  1  0  0  0  0
  4 10  1  0  0  0  0
  5  6  1  0  0  0  0
  5 19  1  0  0  0  0
  5 20  1  0  0  0  0
  6  9  1  0  0  0  0
  6 21  1  0  0  0  0
  6 22  1  0  0  0  0
  7 23  1  0  0  0  0
  7 24  1  0  0  0  0
  7 25  1  0  0  0  0
  8 26  1  0  0  0  0
  8 27  1  0  0  0  0
  8 28  1  0  0  0  0
  9 29  1  0  0  0  0
  9 30  1  0  0  0  0
 11 12  2  0  0  0  0
 11 13  1  0  0  0  0
 12 15  1  0  0  0  0
 12 17  1  0  0  0  0
 13 14  2  0  0  0  0
 13 32  1  0  0  0  0
 14 16  1  0  0  0  0
 14 18  1  0  0  0  0
 15 16  2  0  0  0  0
 15 33  1  0  0  0  0
 16 34  1  0  0  0  0
 17 35  1  0  0  0  0
 17 36  1  0  0  0  0
 17 37  1  0  0  0  0
 18 38  1  0  0  0  0
 18 39  1  0  0  0  0
 18 40  1  0  0  0  0
M  END
> <PUBCHEM_BONDANNOTATIONS>
11  12  8
11  13  8
12  15  8
13  14  8
14  16  8
15  16  8

$$$$
