
  ACD/Labs02211713292D

 10 10  0  0  0  0  0  0  0  0  1 V2000
    0.0000   -1.9950    0.0000 O   0  0  0  0  0  0  0  0  0  0  0  0
    1.1545   -1.3300    0.0000 C   0  0  0  0  0  0  0  0  0  0  0  0
    2.3036   -1.9950    0.0000 C   0  0  0  0  0  0  0  0  0  0  0  0
    3.4580   -1.3300    0.0000 C   0  0  0  0  0  0  0  0  0  0  0  0
    3.4580    0.0000    0.0000 Br  0  0  0  0  0  0  0  0  0  0  0  0
    4.6072   -1.9950    0.0000 C   0  0  0  0  0  0  0  0  0  0  0  0
    4.6072   -3.3250    0.0000 C   0  0  0  0  0  0  0  0  0  0  0  0
    3.4580   -3.9901    0.0000 C   0  0  0  0  0  0  0  0  0  0  0  0
    3.4580   -5.3201    0.0000 O   0  0  0  0  0  0  0  0  0  0  0  0
    2.3036   -3.3250    0.0000 C   0  0  0  0  0  0  0  0  0  0  0  0
  1  2  2  0  0  0  0
  2  3  1  0  0  0  0
  3  4  2  0  0  0  0
  3 10  1  0  0  0  0
  4  5  1  0  0  0  0
  4  6  1  0  0  0  0
  6  7  2  0  0  0  0
  7  8  1  0  0  0  0
  8  9  1  0  0  0  0
  8 10  2  0  0  0  0
M  END
