
  ACD/Labs02211713292D

 16 16  0  0  0  0  0  0  0  0  1 V2000
    0.0000   -1.9897    0.0000 O   0  0  0  0  0  0  0  0  0  0  0  0
    1.1514   -1.3265    0.0000 C   0  0  0  0  0  0  0  0  0  0  0  0
    1.1514    0.0000    0.0000 O   0  0  0  0  0  0  0  0  0  0  0  0
    2.3029   -1.9897    0.0000 C   0  0  0  0  0  0  0  0  0  0  0  0
    2.3029   -3.3254    0.0000 C   0  0  0  0  0  0  0  0  0  0  0  0
    3.4543   -3.9886    0.0000 C   0  0  0  0  0  0  0  0  0  0  0  0
    4.6058   -3.3162    0.0000 N   0  0  0  0  0  0  0  0  0  0  0  0
    4.6058   -1.9897    0.0000 C   0  0  0  0  0  0  0  0  0  0  0  0
    3.4543   -1.3265    0.0000 C   0  0  0  0  0  0  0  0  0  0  0  0
    5.7572   -3.9886    0.0000 C   0  0  0  0  0  0  0  0  0  0  0  0
    5.7572   -5.3151    0.0000 O   0  0  0  0  0  0  0  0  0  0  0  0
    6.9087   -3.3162    0.0000 O   0  0  0  0  0  0  0  0  0  0  0  0
    8.0601   -3.9886    0.0000 C   0  0  0  0  0  0  0  0  0  0  0  0
    9.2116   -3.3162    0.0000 C   0  0  0  0  0  0  0  0  0  0  0  0
    7.2035   -5.0019    0.0000 C   0  0  0  0  0  0  0  0  0  0  0  0
    8.9168   -5.0019    0.0000 C   0  0  0  0  0  0  0  0  0  0  0  0
  1  2  1  0  0  0  0
  2  3  2  0  0  0  0
  2  4  1  0  0  0  0
  4  5  1  0  0  0  0
  4  9  1  0  0  0  0
  5  6  1  0  0  0  0
  6  7  1  0  0  0  0
  7  8  1  0  0  0  0
  7 10  1  0  0  0  0
  8  9  1  0  0  0  0
 10 11  2  0  0  0  0
 10 12  1  0  0  0  0
 12 13  1  0  0  0  0
 13 14  1  0  0  0  0
 13 15  1  0  0  0  0
 13 16  1  0  0  0  0
M  END
