
  1019              3D

 35 35  0  0  0  0  0  0  0  0999 V2000
    1.9887   -0.0164   -0.2859 C   0  0  0  0  0  0  0  0  0  0  0  0
    1.2755   -1.3445   -0.0143 C   0  0  0  0  0  0  0  0  0  0  0  0
   -0.1863   -1.2420   -0.4646 C   0  0  0  0  0  0  0  0  0  0  0  0
    1.3216   -1.6864    1.4810 C   0  0  0  0  0  0  0  0  0  0  0  0
    1.8571   -2.3821   -0.8526 O   0  0  0  0  0  0  0  0  0  0  0  0
    2.9790   -3.0310   -0.4176 C   0  0  0  0  0  0  0  0  0  0  0  0
    4.0362   -2.4372   -0.2167 O   0  0  0  0  0  0  0  0  0  0  0  0
    2.8126   -4.4294   -0.3439 N   0  0  0  0  0  0  0  0  0  0  0  0
    3.9862   -5.1994    0.0699 C   0  0  0  0  0  0  0  0  0  0  0  0
    3.8588   -6.6921   -0.2155 C   0  0  0  0  0  0  0  0  0  0  0  0
    2.5534   -7.2634    0.3501 C   0  0  0  0  0  0  0  0  0  0  0  0
    1.3808   -6.4654   -0.2336 C   0  0  0  0  0  0  0  0  0  0  0  0
    1.5184   -4.9780    0.0744 C   0  0  0  0  0  0  0  0  0  0  0  0
    2.3641   -8.7486    0.0789 C   0  0  0  0  0  0  0  0  0  0  0  0
    3.5407   -9.4069   -0.0463 O   0  0  0  0  0  0  0  0  0  0  0  0
    1.2805   -9.3172    0.0653 O   0  0  0  0  0  0  0  0  0  0  0  0
    3.0266   -0.0382    0.0602 H   0  0  0  0  0  0  0  0  0  0  0  0
    2.0049    0.2131   -1.3562 H   0  0  0  0  0  0  0  0  0  0  0  0
    1.4881    0.8122    0.2297 H   0  0  0  0  0  0  0  0  0  0  0  0
   -0.7067   -0.4261    0.0482 H   0  0  0  0  0  0  0  0  0  0  0  0
   -0.2544   -1.0604   -1.5436 H   0  0  0  0  0  0  0  0  0  0  0  0
   -0.7276   -2.1701   -0.2498 H   0  0  0  0  0  0  0  0  0  0  0  0
    0.8026   -0.9223    2.0712 H   0  0  0  0  0  0  0  0  0  0  0  0
    0.8299   -2.6417    1.6868 H   0  0  0  0  0  0  0  0  0  0  0  0
    2.3493   -1.7401    1.8570 H   0  0  0  0  0  0  0  0  0  0  0  0
    4.8714   -4.8035   -0.4414 H   0  0  0  0  0  0  0  0  0  0  0  0
    4.1281   -5.0280    1.1444 H   0  0  0  0  0  0  0  0  0  0  0  0
    1.4193   -4.8050    1.1521 H   0  0  0  0  0  0  0  0  0  0  0  0
    0.7099   -4.4337   -0.4244 H   0  0  0  0  0  0  0  0  0  0  0  0
    3.8966   -6.8633   -1.2988 H   0  0  0  0  0  0  0  0  0  0  0  0
    4.7260   -7.2074    0.2137 H   0  0  0  0  0  0  0  0  0  0  0  0
    2.5552   -7.1513    1.4417 H   0  0  0  0  0  0  0  0  0  0  0  0
    1.3416   -6.6127   -1.3213 H   0  0  0  0  0  0  0  0  0  0  0  0
    0.4263   -6.8283    0.1670 H   0  0  0  0  0  0  0  0  0  0  0  0
    3.7796   -9.5616   -0.9871 H   0  0  0  0  0  0  0  0  0  0  0  0
  1  2  1  0  0  0  0
  2  3  1  0  0  0  0
  2  4  1  0  0  0  0
  2  5  1  0  0  0  0
  5  6  1  0  0  0  0
  6  7  2  0  0  0  0
  6  8  1  0  0  0  0
  8  9  1  0  0  0  0
  8 13  1  0  0  0  0
  9 10  1  0  0  0  0
 10 11  1  0  0  0  0
 11 12  1  0  0  0  0
 11 14  1  0  0  0  0
 12 13  1  0  0  0  0
 14 15  1  0  0  0  0
 14 16  2  0  0  0  0
  1 17  1  0  0  0  0
  1 18  1  0  0  0  0
  1 19  1  0  0  0  0
  3 20  1  0  0  0  0
  3 21  1  0  0  0  0
  3 22  1  0  0  0  0
  4 23  1  0  0  0  0
  4 24  1  0  0  0  0
  4 25  1  0  0  0  0
  9 26  1  0  0  0  0
  9 27  1  0  0  0  0
 13 28  1  0  0  0  0
 13 29  1  0  0  0  0
 10 30  1  0  0  0  0
 10 31  1  0  0  0  0
 11 32  1  0  0  0  0
 12 33  1  0  0  0  0
 12 34  1  0  0  0  0
 15 35  1  0  0  0  0
M  END
>  <energy>
48.155996868994308

$$$$
