359
  Marvin  12300703363D          

 15 15  0  0  0  0            999 V2000
   -1.2579   -2.2486   -0.0000 O   0  0  0  0  0  0  0  0  0  0  0  0
    2.7564    0.0356   -0.0000 O   0  0  0  0  0  0  0  0  0  0  0  0
   -1.2417    2.3615   -0.0000 O   0  0  0  0  0  0  0  0  0  0  0  0
   -0.6220   -1.1662    0.0000 C   0  0  0  0  0  0  0  0  0  0  0  0
    1.5003    0.0440    0.0000 C   0  0  0  0  0  0  0  0  0  0  0  0
   -0.6099    1.2764   -0.0000 C   0  0  0  0  0  0  0  0  0  0  0  0
    0.7866   -1.1718    0.0000 C   0  0  0  0  0  0  0  0  0  0  0  0
   -1.3171    0.0584   -0.0000 C   0  0  0  0  0  0  0  0  0  0  0  0
    0.8001    1.2682   -0.0000 C   0  0  0  0  0  0  0  0  0  0  0  0
    1.2935   -2.0613    0.0000 H   0  0  0  0  0  0  0  0  0  0  0  0
   -2.3410    0.0627    0.0000 H   0  0  0  0  0  0  0  0  0  0  0  0
    1.3157    2.1528   -0.0000 H   0  0  0  0  0  0  0  0  0  0  0  0
   -2.1386   -2.2462    0.0000 H   0  0  0  0  0  0  0  0  0  0  0  0
    3.1986   -0.7265    0.0000 H   0  0  0  0  0  0  0  0  0  0  0  0
   -2.1230    2.3611    0.0000 H   0  0  0  0  0  0  0  0  0  0  0  0
  1  4  1  0  0  0  0
  1 13  1  0  0  0  0
  2  5  1  0  0  0  0
  2 14  1  0  0  0  0
  3  6  1  0  0  0  0
  3 15  1  0  0  0  0
  4  7  2  0  0  0  0
  4  8  1  0  0  0  0
  5  7  1  0  0  0  0
  5  9  2  0  0  0  0
  6  8  2  0  0  0  0
  6  9  1  0  0  0  0
  7 10  1  0  0  0  0
  8 11  1  0  0  0  0
  9 12  1  0  0  0  0
M  END
> <PUBCHEM_BONDANNOTATIONS>
4  7  8
4  8  8
5  7  8
5  9  8
6  8  8
6  9  8

$$$$
