
  ACD/Labs03221914022D

 25 27  0  0  0  0  0  0  0  0  1 V2000
    7.9912   -3.8863    0.0000 C   0  0  0  0  0  0  0  0  0  0  0  0
    6.6574   -3.8863    0.0000 C   0  0  0  0  0  0  0  0  0  0  0  0
    5.8755   -2.8055    0.0000 C   0  0  0  0  0  0  0  0  0  0  0  0
    6.2894   -1.5407    0.0000 C   0  0  0  0  0  0  0  0  0  0  0  0
    7.5887   -1.2648    0.0000 C   0  0  0  0  0  0  0  0  0  0  0  0
    8.4741   -2.2536    0.0000 O   0  0  0  0  0  0  0  0  0  0  0  0
    8.0027    0.0000    0.0000 O   0  0  0  0  0  0  0  0  0  0  0  0
    4.6107   -3.2195    0.0000 C   0  0  0  0  0  0  0  0  0  0  0  0
    3.4609   -2.5526    0.0000 C   0  0  0  0  0  0  0  0  0  0  0  0
    2.2996   -3.2195    0.0000 C   0  0  0  0  0  0  0  0  0  0  0  0
    2.2996   -4.5417    0.0000 C   0  0  0  0  0  0  0  0  0  0  0  0
    3.4609   -5.2086    0.0000 C   0  0  0  0  0  0  0  0  0  0  0  0
    4.6107   -4.5417    0.0000 C   0  0  0  0  0  0  0  0  0  0  0  0
    5.8755   -4.9557    0.0000 N   0  0  0  0  0  0  0  0  0  0  0  0
    6.2894   -6.2205    0.0000 C   0  0  0  0  0  0  0  0  0  0  0  0
    7.5887   -6.4964    0.0000 C   0  0  0  0  0  0  0  0  0  0  0  0
    8.0027   -7.7497    0.0000 C   0  0  0  0  0  0  0  0  0  0  0  0
    9.3019   -8.0257    0.0000 C   0  0  0  0  0  0  0  0  0  0  0  0
   10.1988   -7.0598    0.0000 C   0  0  0  0  0  0  0  0  0  0  0  0
    9.7849   -5.7835    0.0000 C   0  0  0  0  0  0  0  0  0  0  0  0
    8.4856   -5.4961    0.0000 C   0  0  0  0  0  0  0  0  0  0  0  0
   11.4981   -7.3473    0.0000 Cl  0  0  0  0  0  0  0  0  0  0  0  0
    5.4041   -7.2093    0.0000 O   0  0  0  0  0  0  0  0  0  0  0  0
    1.1498   -2.5526    0.0000 O   0  0  0  0  0  0  0  0  0  0  0  0
    0.0000   -3.2195    0.0000 C   0  0  0  0  0  0  0  0  0  0  0  0
  1  2  1  0  0  0  0
  2  3  2  0  0  0  0
  2 14  1  0  0  0  0
  3  4  1  0  0  0  0
  3  8  1  0  0  0  0
  4  5  1  0  0  0  0
  5  6  2  0  0  0  0
  5  7  1  0  0  0  0
  8  9  2  0  0  0  0
  8 13  1  0  0  0  0
  9 10  1  0  0  0  0
 10 11  2  0  0  0  0
 10 24  1  0  0  0  0
 11 12  1  0  0  0  0
 12 13  2  0  0  0  0
 13 14  1  0  0  0  0
 14 15  1  0  0  0  0
 15 16  1  0  0  0  0
 15 23  2  0  0  0  0
 16 17  2  0  0  0  0
 16 21  1  0  0  0  0
 17 18  1  0  0  0  0
 18 19  2  0  0  0  0
 19 20  1  0  0  0  0
 19 22  1  0  0  0  0
 20 21  2  0  0  0  0
 24 25  1  0  0  0  0
M  END
