3728
  Marvin  12300703363D          

 18 19  0  0  0  0            999 V2000
   -3.5023   -1.2572   -0.0000 I   0  0  0  0  0  0  0  0  0  0  0  0
    1.6904   -4.0776   -0.0000 I   0  0  0  0  0  0  0  0  0  0  0  0
    2.6367   -1.0519    0.0000 O   0  0  0  0  0  0  0  0  0  0  0  0
    1.3186    1.3455   -0.0000 N   0  0  0  0  0  0  0  0  0  0  0  0
   -0.7686    0.1491    0.0000 C   0  0  0  0  0  0  0  0  0  0  0  0
    0.6562    0.1572    0.0000 C   0  0  0  0  0  0  0  0  0  0  0  0
    1.3796   -1.0551    0.0000 C   0  0  0  0  0  0  0  0  0  0  0  0
   -1.4503   -1.0916    0.0000 C   0  0  0  0  0  0  0  0  0  0  0  0
   -1.4263    1.4012    0.0000 C   0  0  0  0  0  0  0  0  0  0  0  0
    0.6877   -2.2825   -0.0000 C   0  0  0  0  0  0  0  0  0  0  0  0
   -0.7188   -2.2942    0.0000 C   0  0  0  0  0  0  0  0  0  0  0  0
   -0.7009    2.6054   -0.0000 C   0  0  0  0  0  0  0  0  0  0  0  0
    0.7015    2.5516    0.0000 C   0  0  0  0  0  0  0  0  0  0  0  0
   -2.4451    1.4675   -0.0000 H   0  0  0  0  0  0  0  0  0  0  0  0
   -1.2136   -3.1883    0.0000 H   0  0  0  0  0  0  0  0  0  0  0  0
   -1.1857    3.5054    0.0000 H   0  0  0  0  0  0  0  0  0  0  0  0
    1.2597    3.4066    0.0000 H   0  0  0  0  0  0  0  0  0  0  0  0
    3.0812   -0.2914   -0.0000 H   0  0  0  0  0  0  0  0  0  0  0  0
  1  8  1  0  0  0  0
  2 10  1  0  0  0  0
  3  7  1  0  0  0  0
  3 18  1  0  0  0  0
  4  6  1  0  0  0  0
  4 13  2  0  0  0  0
  5  6  2  0  0  0  0
  5  8  1  0  0  0  0
  5  9  1  0  0  0  0
  6  7  1  0  0  0  0
  7 10  2  0  0  0  0
  8 11  2  0  0  0  0
  9 12  2  0  0  0  0
  9 14  1  0  0  0  0
 10 11  1  0  0  0  0
 11 15  1  0  0  0  0
 12 13  1  0  0  0  0
 12 16  1  0  0  0  0
 13 17  1  0  0  0  0
M  END
> <PUBCHEM_BONDANNOTATIONS>
10  11  8
12  13  8
4  13  8
4  6  8
5  6  8
5  8  8
5  9  8
6  7  8
7  10  8
8  11  8
9  12  8

$$$$
