
  ACD/Labs03221914022D

 12 12  0  0  0  0  0  0  0  0  1 V2000
    3.4556   -1.9985    0.0000 C   0  0  0  0  0  0  0  0  0  0  0  0
    3.4556   -3.3289    0.0000 C   0  0  0  0  0  0  0  0  0  0  0  0
    2.3037   -3.9912    0.0000 C   0  0  0  0  0  0  0  0  0  0  0  0
    1.1519   -3.3289    0.0000 C   0  0  0  0  0  0  0  0  0  0  0  0
    1.1519   -1.9985    0.0000 C   0  0  0  0  0  0  0  0  0  0  0  0
    2.3037   -1.3304    0.0000 C   0  0  0  0  0  0  0  0  0  0  0  0
    2.3037    0.0000    0.0000 O   0  0  0  0  0  0  0  0  0  0  0  0
    0.0000   -1.3304    0.0000 O   0  0  0  0  0  0  0  0  0  0  0  0
    0.0000   -3.9912    0.0000 O   0  0  0  0  0  0  0  0  0  0  0  0
    4.6075   -3.9912    0.0000 C   0  0  0  0  0  0  0  0  0  0  0  0
    4.6075   -5.3216    0.0000 O   0  0  0  0  0  0  0  0  0  0  0  0
    5.7594   -3.3289    0.0000 O   0  0  0  0  0  0  0  0  0  0  0  0
  1  2  2  0  0  0  0
  1  6  1  0  0  0  0
  2  3  1  0  0  0  0
  2 10  1  0  0  0  0
  3  4  2  0  0  0  0
  4  5  1  0  0  0  0
  4  9  1  0  0  0  0
  5  6  2  0  0  0  0
  5  8  1  0  0  0  0
  6  7  1  0  0  0  0
 10 11  2  0  0  0  0
 10 12  1  0  0  0  0
M  END
