
  ACD/Labs04281711492D

  9  9  0  0  0  0  0  0  0  0  1 V2000
    4.6055   -1.9942    0.0000 O   0  0  0  0  0  0  0  0  0  0  0  0
    3.4542   -2.6574    0.0000 C   0  0  0  0  0  0  0  0  0  0  0  0
    3.4542   -3.9884    0.0000 O   0  0  0  0  0  0  0  0  0  0  0  0
    2.3028   -1.9942    0.0000 C   0  0  0  0  0  0  0  0  0  0  0  0
    1.1514   -2.6620    0.0000 C   0  0  0  0  0  0  0  0  0  0  0  0
    0.0000   -1.9942    0.0000 C   0  0  0  0  0  0  0  0  0  0  0  0
    0.0000   -0.6632    0.0000 N   0  0  0  0  0  0  0  0  0  0  0  0
    1.1514    0.0000    0.0000 C   0  0  0  0  0  0  0  0  0  0  0  0
    2.3028   -0.6632    0.0000 C   0  0  0  0  0  0  0  0  0  0  0  0
  1  2  1  0  0  0  0
  2  3  2  0  0  0  0
  2  4  1  0  0  0  0
  4  5  1  0  0  0  0
  4  9  1  0  0  0  0
  5  6  1  0  0  0  0
  6  7  1  0  0  0  0
  7  8  1  0  0  0  0
  8  9  1  0  0  0  0
M  END
