
  ACD/Labs04281711052D

 15 15  0  0  1  0  0  0  0  0  1 V2000
    8.0516   -3.3403    0.0000 O   0  0  0  0  0  0  0  0  0  0  0  0
    9.2019   -1.3435    0.0000 O   0  0  0  0  0  0  0  0  0  0  0  0
    5.7512   -2.0060    0.0000 C   0  0  0  0  0  0  0  0  0  0  0  0
    6.9014   -1.3435    0.0000 C   0  0  0  0  0  0  0  0  0  0  0  0
    3.4507   -3.3403    0.0000 C   0  0  0  0  0  0  0  0  0  0  0  0
    4.6009   -1.3435    0.0000 C   0  0  0  0  0  0  0  0  0  0  0  0
    5.7512   -3.3311    0.0000 C   0  0  0  0  0  0  0  0  0  0  0  0
    8.0516   -2.0060    0.0000 C   0  0  0  0  0  0  0  0  0  0  0  0
    3.4507   -2.0060    0.0000 C   0  0  0  0  0  0  0  0  0  0  0  0
    4.6009   -4.0028    0.0000 C   0  0  0  0  0  0  0  0  0  0  0  0
    2.3005   -4.0028    0.0000 C   0  0  0  0  0  0  0  0  0  0  0  0
    6.9014    0.0000    0.0000 C   0  0  0  0  0  0  0  0  0  0  0  0
    1.1502   -3.3403    0.0000 C   0  0  0  0  0  0  0  0  0  0  0  0
    0.0000   -4.0028    0.0000 C   0  0  0  0  0  0  0  0  0  0  0  0
    1.1502   -2.0060    0.0000 C   0  0  0  0  0  0  0  0  0  0  0  0
  1  8  2  0  0  0  0
  2  8  1  0  0  0  0
  3  4  1  0  0  0  0
  3  6  2  0  0  0  0
  3  7  1  0  0  0  0
  4  8  1  0  0  0  0
  4 12  1  6  0  0  0
  5  9  2  0  0  0  0
  5 10  1  0  0  0  0
  5 11  1  0  0  0  0
  6  9  1  0  0  0  0
  7 10  2  0  0  0  0
 11 13  1  0  0  0  0
 13 14  1  0  0  0  0
 13 15  1  0  0  0  0
M  END
