
  ACD/Labs04281710392D

 10  9  0  0  0  0  0  0  0  0  1 V2000
    1.1518    0.0000    0.0000 O   0  0  0  0  0  0  0  0  0  0  0  0
    0.0000   -1.9996    0.0000 O   0  0  0  0  0  0  0  0  0  0  0  0
    1.1518   -1.3361    0.0000 C   0  0  0  0  0  0  0  0  0  0  0  0
    2.3036   -1.9996    0.0000 C   0  0  0  0  0  0  0  0  0  0  0  0
    3.4555   -1.3361    0.0000 C   0  0  0  0  0  0  0  0  0  0  0  0
    4.6165   -1.9996    0.0000 C   0  0  0  0  0  0  0  0  0  0  0  0
    5.7591   -1.3361    0.0000 C   0  0  0  0  0  0  0  0  0  0  0  0
    6.9109   -1.9996    0.0000 C   0  0  0  0  0  0  0  0  0  0  0  0
    8.0720   -1.3361    0.0000 C   0  0  0  0  0  0  0  0  0  0  0  0
    9.2146   -1.9996    0.0000 C   0  0  0  0  0  0  0  0  0  0  0  0
  1  3  2  0  0  0  0
  2  3  1  0  0  0  0
  3  4  1  0  0  0  0
  4  5  1  0  0  0  0
  5  6  1  0  0  0  0
  6  7  1  0  0  0  0
  7  8  1  0  0  0  0
  8  9  1  0  0  0  0
  9 10  1  0  0  0  0
M  END
