379
  Marvin  12300703363D          

 26 25  0  0  0  0            999 V2000
   -4.5665    3.0856   -0.0000 O   0  0  0  0  0  0  0  0  0  0  0  0
   -2.6730    3.9420    0.0000 O   0  0  0  0  0  0  0  0  0  0  0  0
    0.8395   -0.0061   -0.0000 C   0  0  0  0  0  0  0  0  0  0  0  0
   -0.7080    0.0431   -0.0000 C   0  0  0  0  0  0  0  0  0  0  0  0
    1.3991   -1.4474    0.0000 C   0  0  0  0  0  0  0  0  0  0  0  0
   -1.2478    1.4935    0.0000 C   0  0  0  0  0  0  0  0  0  0  0  0
    2.9463   -1.5002    0.0000 C   0  0  0  0  0  0  0  0  0  0  0  0
   -2.7947    1.5878   -0.0000 C   0  0  0  0  0  0  0  0  0  0  0  0
    3.4905   -2.9430    0.0000 C   0  0  0  0  0  0  0  0  0  0  0  0
   -3.3537    2.9244   -0.0000 C   0  0  0  0  0  0  0  0  0  0  0  0
    1.2131    0.5201    0.8833 H   0  0  0  0  0  0  0  0  0  0  0  0
    1.2131    0.5201   -0.8833 H   0  0  0  0  0  0  0  0  0  0  0  0
   -1.0843   -0.4815   -0.8830 H   0  0  0  0  0  0  0  0  0  0  0  0
   -1.0843   -0.4815    0.8830 H   0  0  0  0  0  0  0  0  0  0  0  0
    1.0240   -1.9715    0.8836 H   0  0  0  0  0  0  0  0  0  0  0  0
    1.0240   -1.9715   -0.8836 H   0  0  0  0  0  0  0  0  0  0  0  0
   -0.8623    2.0096   -0.8842 H   0  0  0  0  0  0  0  0  0  0  0  0
   -0.8623    2.0096    0.8842 H   0  0  0  0  0  0  0  0  0  0  0  0
    3.3298   -0.9806   -0.8825 H   0  0  0  0  0  0  0  0  0  0  0  0
    3.3298   -0.9806    0.8825 H   0  0  0  0  0  0  0  0  0  0  0  0
   -3.1729    1.0643   -0.8827 H   0  0  0  0  0  0  0  0  0  0  0  0
   -3.1729    1.0643    0.8827 H   0  0  0  0  0  0  0  0  0  0  0  0
    4.5814   -2.9320   -0.0000 H   0  0  0  0  0  0  0  0  0  0  0  0
    3.1502   -3.4802   -0.8875 H   0  0  0  0  0  0  0  0  0  0  0  0
    3.1502   -3.4802    0.8875 H   0  0  0  0  0  0  0  0  0  0  0  0
   -5.1084    2.3918    0.0000 H   0  0  0  0  0  0  0  0  0  0  0  0
  1 10  1  0  0  0  0
  1 26  1  0  0  0  0
  2 10  2  0  0  0  0
  3  4  1  0  0  0  0
  3  5  1  0  0  0  0
  3 11  1  0  0  0  0
  3 12  1  0  0  0  0
  4  6  1  0  0  0  0
  4 13  1  0  0  0  0
  4 14  1  0  0  0  0
  5  7  1  0  0  0  0
  5 15  1  0  0  0  0
  5 16  1  0  0  0  0
  6  8  1  0  0  0  0
  6 17  1  0  0  0  0
  6 18  1  0  0  0  0
  7  9  1  0  0  0  0
  7 19  1  0  0  0  0
  7 20  1  0  0  0  0
  8 10  1  0  0  0  0
  8 21  1  0  0  0  0
  8 22  1  0  0  0  0
  9 23  1  0  0  0  0
  9 24  1  0  0  0  0
  9 25  1  0  0  0  0
M  END
$$$$
