3866
  Marvin  12300703363D          

 20 20  0  0  1  0            999 V2000
   -1.6934   -2.6214    1.4639 O   0  0  0  0  0  0  0  0  0  0  0  0
   -0.7185   -0.9904    2.2634 O   0  0  0  0  0  0  0  0  0  0  0  0
   -0.0520   -2.2142   -0.8321 N   0  0  0  0  0  0  0  0  0  0  0  0
   -0.7587   -1.1481   -0.0982 C   0  0  2  0  0  0  0  0  0  0  0  0
   -0.0267    0.1547   -0.1541 C   0  0  0  0  0  0  0  0  0  0  0  0
    1.3888    0.2086   -0.1358 C   0  0  0  0  0  0  0  0  0  0  0  0
   -0.7335    1.3826   -0.1647 C   0  0  0  0  0  0  0  0  0  0  0  0
   -1.0576   -1.5942    1.2557 C   0  0  0  0  0  0  0  0  0  0  0  0
    2.0746    1.4365   -0.1338 C   0  0  0  0  0  0  0  0  0  0  0  0
   -0.0536    2.6160   -0.1520 C   0  0  0  0  0  0  0  0  0  0  0  0
    1.3517    2.6419   -0.1382 C   0  0  0  0  0  0  0  0  0  0  0  0
   -1.7122   -1.0442   -0.6247 H   0  0  0  0  0  0  0  0  0  0  0  0
    1.9443   -0.6496   -0.1157 H   0  0  0  0  0  0  0  0  0  0  0  0
   -1.7569    1.3956   -0.1696 H   0  0  0  0  0  0  0  0  0  0  0  0
    3.0967    1.4515   -0.1231 H   0  0  0  0  0  0  0  0  0  0  0  0
   -0.5785    3.4939   -0.1477 H   0  0  0  0  0  0  0  0  0  0  0  0
    0.0716   -1.8963   -1.7962 H   0  0  0  0  0  0  0  0  0  0  0  0
   -0.6586   -3.0369   -0.8670 H   0  0  0  0  0  0  0  0  0  0  0  0
    1.8495    3.5350   -0.1280 H   0  0  0  0  0  0  0  0  0  0  0  0
   -1.9772   -3.1212    0.7979 H   0  0  0  0  0  0  0  0  0  0  0  0
  1  8  1  0  0  0  0
  1 20  1  0  0  0  0
  2  8  2  0  0  0  0
  3  4  1  0  0  0  0
  3 17  1  0  0  0  0
  3 18  1  0  0  0  0
  4  5  1  0  0  0  0
  4  8  1  0  0  0  0
  4 12  1  0  0  0  0
  5  6  2  0  0  0  0
  5  7  1  0  0  0  0
  6  9  1  0  0  0  0
  6 13  1  0  0  0  0
  7 10  2  0  0  0  0
  7 14  1  0  0  0  0
  9 11  2  0  0  0  0
  9 15  1  0  0  0  0
 10 11  1  0  0  0  0
 10 16  1  0  0  0  0
 11 19  1  0  0  0  0
M  END
> <PUBCHEM_BONDANNOTATIONS>
10  11  8
4  3  3
5  6  8
5  7  8
6  9  8
7  10  8
9  11  8

$$$$
