
  ACD/Labs04221415492D

 25 27  0  0  0  0  0  0  0  0  1 V2000
    5.6788   -1.3354    0.0000 S   0  0  0  0  0  0  0  0  0  0  0  0
   13.4887   -5.2336    0.0000 F   0  0  0  0  0  0  0  0  0  0  0  0
   11.1821   -6.5690    0.0000 F   0  0  0  0  0  0  0  0  0  0  0  0
   13.0031   -7.0546    0.0000 F   0  0  0  0  0  0  0  0  0  0  0  0
   10.3324   -4.7615    0.0000 O   0  0  0  0  0  0  0  0  0  0  0  0
    6.3397   -0.1754    0.0000 O   0  0  0  0  0  0  0  0  0  0  0  0
    3.5880   -2.4145    0.0000 N   0  0  0  0  0  0  0  0  0  0  0  0
    3.5880   -0.2563    0.0000 N   0  0  0  0  0  0  0  0  0  0  0  0
    8.3360   -1.3354    0.0000 N   0  0  0  0  0  0  0  0  0  0  0  0
    4.3703   -1.3354    0.0000 C   0  0  0  0  0  0  0  0  0  0  0  0
    2.3066   -1.9963    0.0000 C   0  0  0  0  0  0  0  0  0  0  0  0
    2.3066   -0.6609    0.0000 C   0  0  0  0  0  0  0  0  0  0  0  0
    7.6751   -2.4819    0.0000 C   0  0  0  0  0  0  0  0  0  0  0  0
    8.3360   -3.6285    0.0000 C   0  0  0  0  0  0  0  0  0  0  0  0
    6.3397   -2.4819    0.0000 C   0  0  0  0  0  0  0  0  0  0  0  0
    9.6714   -3.6285    0.0000 C   0  0  0  0  0  0  0  0  0  0  0  0
    1.1600   -2.6708    0.0000 C   0  0  0  0  0  0  0  0  0  0  0  0
    1.1600    0.0000    0.0000 C   0  0  0  0  0  0  0  0  0  0  0  0
   10.3324   -2.4684    0.0000 C   0  0  0  0  0  0  0  0  0  0  0  0
    9.6714   -1.3354    0.0000 C   0  0  0  0  0  0  0  0  0  0  0  0
    0.0000   -1.9963    0.0000 C   0  0  0  0  0  0  0  0  0  0  0  0
    0.0000   -0.6609    0.0000 C   0  0  0  0  0  0  0  0  0  0  0  0
   12.3287   -5.8946    0.0000 C   0  0  0  0  0  0  0  0  0  0  0  0
   11.6812   -4.7615    0.0000 C   0  0  0  0  0  0  0  0  0  0  0  0
    7.6751   -4.7615    0.0000 C   0  0  0  0  0  0  0  0  0  0  0  0
  1  6  2  0  0  0  0
  1 10  1  0  0  0  0
  1 15  1  0  0  0  0
  2 23  1  0  0  0  0
  3 23  1  0  0  0  0
  4 23  1  0  0  0  0
  5 16  1  0  0  0  0
  5 24  1  0  0  0  0
  7 10  2  0  0  0  0
  7 11  1  0  0  0  0
  8 10  1  0  0  0  0
  8 12  1  0  0  0  0
  9 13  1  0  0  0  0
  9 20  2  0  0  0  0
 11 12  1  0  0  0  0
 11 17  2  0  0  0  0
 12 18  2  0  0  0  0
 13 14  2  0  0  0  0
 13 15  1  0  0  0  0
 14 16  1  0  0  0  0
 14 25  1  0  0  0  0
 16 19  2  0  0  0  0
 17 21  1  0  0  0  0
 18 22  1  0  0  0  0
 19 20  1  0  0  0  0
 21 22  2  0  0  0  0
 23 24  1  0  0  0  0
M  END
