42409
  Marvin  12300703363D          

 11 11  0  0  0  0            999 V2000
   -2.9770    1.5016   -0.0000 Cl  0  0  0  0  0  0  0  0  0  0  0  0
    2.3358   -1.3076   -0.0000 O   0  5  0  0  0  0  0  0  0  0  0  0
    0.7179   -2.4511   -0.0000 O   0  0  0  0  0  0  0  0  0  0  0  0
   -0.9508   -0.2729   -0.0000 N   0  0  0  0  0  0  0  0  0  0  0  0
   -0.3090    1.8272    0.0000 N   0  0  0  0  0  0  0  0  0  0  0  0
    1.1673   -1.3743   -0.0000 N   0  3  0  0  0  0  0  0  0  0  0  0
    0.3926   -0.2989   -0.0000 C   0  0  0  0  0  0  0  0  0  0  0  0
    0.7779    1.0425    0.0000 C   0  0  0  0  0  0  0  0  0  0  0  0
   -1.3657    1.0013    0.0000 C   0  0  0  0  0  0  0  0  0  0  0  0
   -1.5295   -1.0524   -0.0000 H   0  0  0  0  0  0  0  0  0  0  0  0
    1.7405    1.3847    0.0000 H   0  0  0  0  0  0  0  0  0  0  0  0
  1  9  1  0  0  0  0
  2  6  1  0  0  0  0
  3  6  2  0  0  0  0
  4  7  1  0  0  0  0
  4  9  1  0  0  0  0
  4 10  1  0  0  0  0
  5  8  1  0  0  0  0
  5  9  2  0  0  0  0
  6  7  1  0  0  0  0
  7  8  2  0  0  0  0
  8 11  1  0  0  0  0
M  CHG  2   2  -1   6   1
M  END
> <PUBCHEM_BONDANNOTATIONS>
4  7  8
4  9  8
5  8  8
5  9  8
7  8  8

$$$$
