4055
  Marvin  12300703363D          

 21 22  0  0  0  0            999 V2000
   -2.4243   -0.5066   -0.0000 O   0  0  0  0  0  0  0  0  0  0  0  0
    2.1876    1.9422    0.0000 O   0  0  0  0  0  0  0  0  0  0  0  0
   -0.1603   -0.7492   -0.0000 C   0  0  0  0  0  0  0  0  0  0  0  0
    1.1080   -0.0878    0.0000 C   0  0  0  0  0  0  0  0  0  0  0  0
   -1.2482    1.4237    0.0000 C   0  0  0  0  0  0  0  0  0  0  0  0
   -1.3260    0.0410   -0.0000 C   0  0  0  0  0  0  0  0  0  0  0  0
    1.1351    1.3136    0.0000 C   0  0  0  0  0  0  0  0  0  0  0  0
   -0.0327    2.0191    0.0000 C   0  0  0  0  0  0  0  0  0  0  0  0
   -0.1893   -2.1671   -0.0000 C   0  0  0  0  0  0  0  0  0  0  0  0
    2.2940   -0.8615   -0.0000 C   0  0  0  0  0  0  0  0  0  0  0  0
   -2.4541    2.2496   -0.0000 C   0  0  0  0  0  0  0  0  0  0  0  0
    0.9981   -2.9178   -0.0000 C   0  0  0  0  0  0  0  0  0  0  0  0
    2.2403   -2.2644   -0.0000 C   0  0  0  0  0  0  0  0  0  0  0  0
    0.0283    3.0141    0.0000 H   0  0  0  0  0  0  0  0  0  0  0  0
   -1.0751   -2.6786   -0.0000 H   0  0  0  0  0  0  0  0  0  0  0  0
    3.2156   -0.4184   -0.0000 H   0  0  0  0  0  0  0  0  0  0  0  0
   -3.0504    2.0359   -0.8887 H   0  0  0  0  0  0  0  0  0  0  0  0
   -3.0504    2.0359    0.8887 H   0  0  0  0  0  0  0  0  0  0  0  0
   -2.2623    3.3249   -0.0000 H   0  0  0  0  0  0  0  0  0  0  0  0
    0.9621   -3.9387   -0.0000 H   0  0  0  0  0  0  0  0  0  0  0  0
    3.1040   -2.8099    0.0000 H   0  0  0  0  0  0  0  0  0  0  0  0
  1  6  2  0  0  0  0
  2  7  2  0  0  0  0
  3  4  1  0  0  0  0
  3  6  1  0  0  0  0
  3  9  2  0  0  0  0
  4  7  1  0  0  0  0
  4 10  2  0  0  0  0
  5  6  1  0  0  0  0
  5  8  2  0  0  0  0
  5 11  1  0  0  0  0
  7  8  1  0  0  0  0
  8 14  1  0  0  0  0
  9 12  1  0  0  0  0
  9 15  1  0  0  0  0
 10 13  1  0  0  0  0
 10 16  1  0  0  0  0
 11 17  1  0  0  0  0
 11 18  1  0  0  0  0
 11 19  1  0  0  0  0
 12 13  2  0  0  0  0
 12 20  1  0  0  0  0
 13 21  1  0  0  0  0
M  END
> <PUBCHEM_BONDANNOTATIONS>
10  13  8
12  13  8
3  4  8
3  9  8
4  10  8
9  12  8

$$$$
