
  ACD/Labs03221914022D

 13 13  0  0  0  0  0  0  0  0  1 V2000
    6.9121   -3.3247    0.0000 C   0  0  0  0  0  0  0  0  0  0  0  0
    6.9121   -1.9907    0.0000 C   0  0  0  0  0  0  0  0  0  0  0  0
    5.7578   -1.3271    0.0000 C   0  0  0  0  0  0  0  0  0  0  0  0
    4.6104   -1.9907    0.0000 C   0  0  0  0  0  0  0  0  0  0  0  0
    4.6104   -3.3247    0.0000 C   0  0  0  0  0  0  0  0  0  0  0  0
    5.7578   -3.9883    0.0000 C   0  0  0  0  0  0  0  0  0  0  0  0
    3.4560   -1.3271    0.0000 C   0  0  0  0  0  0  0  0  0  0  0  0
    2.3017   -1.9907    0.0000 C   0  0  0  0  0  0  0  0  0  0  0  0
    1.1543   -1.3271    0.0000 C   0  0  0  0  0  0  0  0  0  0  0  0
    1.1543    0.0000    0.0000 O   0  0  0  0  0  0  0  0  0  0  0  0
    0.0000   -1.9907    0.0000 O   0  0  0  0  0  0  0  0  0  0  0  0
    2.3017   -3.3247    0.0000 H   0  0  0  0  0  0  0  0  0  0  0  0
    3.4560    0.0000    0.0000 H   0  0  0  0  0  0  0  0  0  0  0  0
  1  2  2  0  0  0  0
  1  6  1  0  0  0  0
  2  3  1  0  0  0  0
  3  4  2  0  0  0  0
  4  5  1  0  0  0  0
  4  7  1  0  0  0  0
  5  6  2  0  0  0  0
  7  8  2  0  0  0  0
  7 13  1  0  0  0  0
  8  9  1  0  0  0  0
  8 12  1  0  0  0  0
  9 10  2  0  0  0  0
  9 11  1  0  0  0  0
M  END
