444539
  Marvin  12310709493D          

 19 19  0  0  0  0            999 V2000
   -0.6057   -4.1346    0.8983 O   0  0  0  0  0  0  0  0  0  0  0  0
   -2.2209   -3.3512   -0.1395 O   0  0  0  0  0  0  0  0  0  0  0  0
   -0.2104    0.3870   -0.2392 C   0  0  0  0  0  0  0  0  0  0  0  0
    1.2074    0.4442   -0.2600 C   0  0  0  0  0  0  0  0  0  0  0  0
   -0.9141    1.6173   -0.2455 C   0  0  0  0  0  0  0  0  0  0  0  0
   -0.9142   -0.8176   -0.2164 C   0  0  0  0  0  0  0  0  0  0  0  0
    1.8950    1.6705   -0.2468 C   0  0  0  0  0  0  0  0  0  0  0  0
   -0.2327    2.8495   -0.2387 C   0  0  0  0  0  0  0  0  0  0  0  0
    1.1730    2.8754   -0.2331 C   0  0  0  0  0  0  0  0  0  0  0  0
   -0.4869   -1.9622    0.3492 C   0  0  0  0  0  0  0  0  0  0  0  0
   -1.1243   -3.1578    0.3658 C   0  0  0  0  0  0  0  0  0  0  0  0
    1.7735   -0.4070   -0.2930 H   0  0  0  0  0  0  0  0  0  0  0  0
   -1.9380    1.6389   -0.2427 H   0  0  0  0  0  0  0  0  0  0  0  0
   -1.8130   -0.8209   -0.6464 H   0  0  0  0  0  0  0  0  0  0  0  0
    2.9177    1.6844   -0.2483 H   0  0  0  0  0  0  0  0  0  0  0  0
   -0.7574    3.7272   -0.2338 H   0  0  0  0  0  0  0  0  0  0  0  0
    1.6711    3.7678   -0.2215 H   0  0  0  0  0  0  0  0  0  0  0  0
    0.3904   -1.9411    0.8175 H   0  0  0  0  0  0  0  0  0  0  0  0
    0.1893   -4.0697    1.2742 H   0  0  0  0  0  0  0  0  0  0  0  0
  1 11  1  0  0  0  0
  1 19  1  0  0  0  0
  2 11  2  0  0  0  0
  3  4  2  0  0  0  0
  3  5  1  0  0  0  0
  3  6  1  0  0  0  0
  4  7  1  0  0  0  0
  4 12  1  0  0  0  0
  5  8  2  0  0  0  0
  5 13  1  0  0  0  0
  6 10  2  0  0  0  0
  6 14  1  0  0  0  0
  7  9  2  0  0  0  0
  7 15  1  0  0  0  0
  8  9  1  0  0  0  0
  8 16  1  0  0  0  0
  9 17  1  0  0  0  0
 10 11  1  0  0  0  0
 10 18  1  0  0  0  0
M  END
> <PUBCHEM_BONDANNOTATIONS>
3  4  8
3  5  8
4  7  8
5  8  8
7  9  8
8  9  8

$$$$
