
  1019              3D

 25 26  0  0  0  0  0  0  0  0999 V2000
    0.5100    0.2528   -1.1982 C   0  0  0  0  0  0  0  0  0  0  0  0
    1.0189   -0.0400    0.1030 O   0  0  0  0  0  0  0  0  0  0  0  0
    2.1998   -0.7272    0.0111 C   0  0  0  0  0  0  0  0  0  0  0  0
    3.4029   -0.0187    0.0521 C   0  0  0  0  0  0  0  0  0  0  0  0
    4.6344   -0.6694    0.0162 C   0  0  0  0  0  0  0  0  0  0  0  0
    5.7580    0.0699    0.0508 N   0  0  0  0  0  0  0  0  0  0  0  0
    6.9494   -0.5661    0.0246 C   0  0  0  0  0  0  0  0  0  0  0  0
    7.0926   -1.9357   -0.0308 C   0  0  0  0  0  0  0  0  0  0  0  0
    5.9322   -2.6997   -0.0702 C   0  0  0  0  0  0  0  0  0  0  0  0
    6.1213   -4.4206   -0.1264 Cl  0  0  0  0  0  0  0  0  0  0  0  0
    4.6599   -2.0824   -0.0524 C   0  0  0  0  0  0  0  0  0  0  0  0
    3.4340   -2.7883   -0.0943 C   0  0  0  0  0  0  0  0  0  0  0  0
    2.2153   -2.1143   -0.0358 C   0  0  0  0  0  0  0  0  0  0  0  0
    1.0442   -2.8190   -0.1104 O   0  0  0  0  0  0  0  0  0  0  0  0
    0.7288   -3.4006    1.1540 C   0  0  0  0  0  0  0  0  0  0  0  0
    1.2508    0.7705   -1.8175 H   0  0  0  0  0  0  0  0  0  0  0  0
    0.1689   -0.6610   -1.6958 H   0  0  0  0  0  0  0  0  0  0  0  0
   -0.3532    0.9147   -1.0786 H   0  0  0  0  0  0  0  0  0  0  0  0
    3.3741    1.0687    0.1119 H   0  0  0  0  0  0  0  0  0  0  0  0
    7.8188    0.0825    0.0534 H   0  0  0  0  0  0  0  0  0  0  0  0
    8.0795   -2.3852   -0.0412 H   0  0  0  0  0  0  0  0  0  0  0  0
    3.4194   -3.8734   -0.1617 H   0  0  0  0  0  0  0  0  0  0  0  0
    0.7892   -2.6697    1.9678 H   0  0  0  0  0  0  0  0  0  0  0  0
   -0.2989   -3.7727    1.1045 H   0  0  0  0  0  0  0  0  0  0  0  0
    1.3859   -4.2531    1.3571 H   0  0  0  0  0  0  0  0  0  0  0  0
  1  2  1  0  0  0  0
  2  3  1  0  0  0  0
  3  4  2  0  0  0  0
  3 13  1  0  0  0  0
  4  5  1  0  0  0  0
  5  6  2  0  0  0  0
  5 11  1  0  0  0  0
  6  7  1  0  0  0  0
  7  8  2  0  0  0  0
  8  9  1  0  0  0  0
  9 10  1  0  0  0  0
  9 11  2  0  0  0  0
 11 12  1  0  0  0  0
 12 13  2  0  0  0  0
 13 14  1  0  0  0  0
 14 15  1  0  0  0  0
  1 16  1  0  0  0  0
  1 17  1  0  0  0  0
  1 18  1  0  0  0  0
  4 19  1  0  0  0  0
  7 20  1  0  0  0  0
  8 21  1  0  0  0  0
 12 22  1  0  0  0  0
 15 23  1  0  0  0  0
 15 24  1  0  0  0  0
 15 25  1  0  0  0  0
M  END
>  <energy>
61.920223145461904

$$$$
