4236
  Marvin  12300703363D          

 34 35  0  0  1  0            999 V2000
   -0.1854   -1.2856   -1.7798 S   0  0  0  0  0  0  0  0  0  0  0  0
    0.2828   -0.9934   -3.2710 O   0  0  0  0  0  0  0  0  0  0  0  0
    1.8813   -2.4522    0.9226 O   0  0  0  0  0  0  0  0  0  0  0  0
    2.8294   -2.1006   -0.9645 N   0  0  0  0  0  0  0  0  0  0  0  0
   -0.9556    0.0763   -0.8481 C   0  0  2  0  0  0  0  0  0  0  0  0
   -0.2151    1.3719   -0.9887 C   0  0  0  0  0  0  0  0  0  0  0  0
   -1.2662   -0.3063    0.5702 C   0  0  0  0  0  0  0  0  0  0  0  0
    0.5348   -2.7245   -0.9528 C   0  0  0  0  0  0  0  0  0  0  0  0
    1.2007    1.4445   -0.9551 C   0  0  0  0  0  0  0  0  0  0  0  0
   -2.0719   -1.4444    0.8342 C   0  0  0  0  0  0  0  0  0  0  0  0
   -0.9300    2.5959   -1.0215 C   0  0  0  0  0  0  0  0  0  0  0  0
   -0.7938    0.4100    1.7033 C   0  0  0  0  0  0  0  0  0  0  0  0
    1.8756    2.6783   -0.9358 C   0  0  0  0  0  0  0  0  0  0  0  0
   -2.3127   -1.8985    2.1448 C   0  0  0  0  0  0  0  0  0  0  0  0
   -0.2639    3.8359   -0.9880 C   0  0  0  0  0  0  0  0  0  0  0  0
   -1.0522   -0.0132    3.0187 C   0  0  0  0  0  0  0  0  0  0  0  0
    1.1407    3.8762   -0.9400 C   0  0  0  0  0  0  0  0  0  0  0  0
   -1.7957   -1.1833    3.2383 C   0  0  0  0  0  0  0  0  0  0  0  0
    1.7818   -2.4131   -0.2952 C   0  0  0  0  0  0  0  0  0  0  0  0
   -1.9165    0.1914   -1.3598 H   0  0  0  0  0  0  0  0  0  0  0  0
    0.6929   -3.5100   -1.6940 H   0  0  0  0  0  0  0  0  0  0  0  0
   -0.1915   -3.1208   -0.2421 H   0  0  0  0  0  0  0  0  0  0  0  0
    1.7709    0.5993   -0.9191 H   0  0  0  0  0  0  0  0  0  0  0  0
   -2.4817   -1.9795    0.0651 H   0  0  0  0  0  0  0  0  0  0  0  0
   -1.9528    2.6023   -1.0398 H   0  0  0  0  0  0  0  0  0  0  0  0
   -0.2427    1.2639    1.6086 H   0  0  0  0  0  0  0  0  0  0  0  0
    2.8967    2.7034   -0.9048 H   0  0  0  0  0  0  0  0  0  0  0  0
   -2.8580   -2.7477    2.3031 H   0  0  0  0  0  0  0  0  0  0  0  0
   -0.7982    4.7071   -0.9858 H   0  0  0  0  0  0  0  0  0  0  0  0
   -0.6956    0.5266    3.8101 H   0  0  0  0  0  0  0  0  0  0  0  0
    1.6279    4.7733   -0.9027 H   0  0  0  0  0  0  0  0  0  0  0  0
   -1.9618   -1.5093    4.1920 H   0  0  0  0  0  0  0  0  0  0  0  0
    2.7903   -2.0499   -1.8976 H   0  0  0  0  0  0  0  0  0  0  0  0
    3.6354   -1.9241   -0.5247 H   0  0  0  0  0  0  0  0  0  0  0  0
  1  2  2  0  0  0  0
  1  5  1  0  0  0  0
  1  8  1  0  0  0  0
  3 19  2  0  0  0  0
  4 19  1  0  0  0  0
  4 33  1  0  0  0  0
  4 34  1  0  0  0  0
  5  6  1  0  0  0  0
  5  7  1  0  0  0  0
  5 20  1  0  0  0  0
  6  9  2  0  0  0  0
  6 11  1  0  0  0  0
  7 10  2  0  0  0  0
  7 12  1  0  0  0  0
  8 19  1  0  0  0  0
  8 21  1  0  0  0  0
  8 22  1  0  0  0  0
  9 13  1  0  0  0  0
  9 23  1  0  0  0  0
 10 14  1  0  0  0  0
 10 24  1  0  0  0  0
 11 15  2  0  0  0  0
 11 25  1  0  0  0  0
 12 16  2  0  0  0  0
 12 26  1  0  0  0  0
 13 17  2  0  0  0  0
 13 27  1  0  0  0  0
 14 18  2  0  0  0  0
 14 28  1  0  0  0  0
 15 17  1  0  0  0  0
 15 29  1  0  0  0  0
 16 18  1  0  0  0  0
 16 30  1  0  0  0  0
 17 31  1  0  0  0  0
 18 32  1  0  0  0  0
M  END
> <PUBCHEM_BONDANNOTATIONS>
1  8  3
10  14  8
11  15  8
12  16  8
13  17  8
14  18  8
15  17  8
16  18  8
6  11  8
6  9  8
7  10  8
7  12  8
9  13  8

$$$$
