
  ACD/Labs06251410112D

 19 20  0  0  0  0  0  0  0  0  1 V2000
    0.0000   -5.7618    0.0000 N   0  0  0  0  0  0  0  0  0  0  0  0
    1.3327   -5.7618    0.0000 C   0  0  0  0  0  0  0  0  0  0  0  0
    1.9951   -6.9110    0.0000 O   0  0  0  0  0  0  0  0  0  0  0  0
    1.9951   -4.6047    0.0000 C   0  0  0  0  0  0  0  0  0  0  0  0
    3.3278   -4.6047    0.0000 S   0  0  0  0  0  0  0  0  0  0  0  0
    3.9902   -5.7618    0.0000 O   0  0  0  0  0  0  0  0  0  0  0  0
    3.9902   -3.4555    0.0000 C   0  0  0  0  0  0  0  0  0  0  0  0
    3.3278   -2.3063    0.0000 C   0  0  0  0  0  0  0  0  0  0  0  0
    3.9902   -1.1492    0.0000 C   0  0  0  0  0  0  0  0  0  0  0  0
    3.3278    0.0000    0.0000 C   0  0  0  0  0  0  0  0  0  0  0  0
    1.9951    0.0000    0.0000 C   0  0  0  0  0  0  0  0  0  0  0  0
    1.3327   -1.1492    0.0000 C   0  0  0  0  0  0  0  0  0  0  0  0
    1.9951   -2.3063    0.0000 C   0  0  0  0  0  0  0  0  0  0  0  0
    5.3229   -3.4555    0.0000 C   0  0  0  0  0  0  0  0  0  0  0  0
    5.9853   -4.6047    0.0000 C   0  0  0  0  0  0  0  0  0  0  0  0
    7.3180   -4.6047    0.0000 C   0  0  0  0  0  0  0  0  0  0  0  0
    7.9804   -3.4555    0.0000 C   0  0  0  0  0  0  0  0  0  0  0  0
    7.3180   -2.3063    0.0000 C   0  0  0  0  0  0  0  0  0  0  0  0
    5.9853   -2.3063    0.0000 C   0  0  0  0  0  0  0  0  0  0  0  0
  1  2  1  0  0  0  0
  2  3  2  0  0  0  0
  2  4  1  0  0  0  0
  4  5  1  0  0  0  0
  5  6  2  0  0  0  0
  5  7  1  0  0  0  0
  7  8  1  0  0  0  0
  7 14  1  0  0  0  0
  8  9  1  0  0  0  0
  8 13  2  0  0  0  0
  9 10  2  0  0  0  0
 10 11  1  0  0  0  0
 11 12  2  0  0  0  0
 12 13  1  0  0  0  0
 14 15  1  0  0  0  0
 14 19  2  0  0  0  0
 15 16  2  0  0  0  0
 16 17  1  0  0  0  0
 17 18  2  0  0  0  0
 18 19  1  0  0  0  0
M  END
