4421
  Marvin  12300703363D          

 29 30  0  0  0  0            999 V2000
   -3.1211    0.8201   -0.2194 O   0  0  0  0  0  0  0  0  0  0  0  0
   -3.1384    3.0941    1.3117 O   0  0  0  0  0  0  0  0  0  0  0  0
   -1.5986    4.3029    0.7122 O   0  0  0  0  0  0  0  0  0  0  0  0
    0.7743    0.9528    0.3393 N   0  0  0  0  0  0  0  0  0  0  0  0
    1.0726   -1.0254   -0.9564 N   0  0  0  0  0  0  0  0  0  0  0  0
    0.2790   -0.0529   -0.4263 C   0  0  0  0  0  0  0  0  0  0  0  0
   -1.1252   -0.1360   -0.6374 C   0  0  0  0  0  0  0  0  0  0  0  0
    1.9536    0.7528    1.1043 C   0  0  0  0  0  0  0  0  0  0  0  0
    0.0363    2.0358    0.5626 C   0  0  0  0  0  0  0  0  0  0  0  0
   -1.3119    2.0560    0.4032 C   0  0  0  0  0  0  0  0  0  0  0  0
   -1.9022    0.9202   -0.1337 C   0  0  0  0  0  0  0  0  0  0  0  0
   -1.6243   -1.2684   -1.3247 C   0  0  0  0  0  0  0  0  0  0  0  0
    0.6339   -2.1049   -1.6514 C   0  0  0  0  0  0  0  0  0  0  0  0
    1.6023   -0.0787    2.3661 C   0  0  0  0  0  0  0  0  0  0  0  0
   -0.7559   -2.2541   -1.8278 C   0  0  0  0  0  0  0  0  0  0  0  0
   -2.0261    3.1596    0.7982 C   0  0  0  0  0  0  0  0  0  0  0  0
    1.6352   -3.0575   -2.1654 C   0  0  0  0  0  0  0  0  0  0  0  0
    2.7441    0.2487    0.5421 H   0  0  0  0  0  0  0  0  0  0  0  0
    2.4219    1.6830    1.4435 H   0  0  0  0  0  0  0  0  0  0  0  0
    0.4938    2.8502    0.9160 H   0  0  0  0  0  0  0  0  0  0  0  0
   -2.6288   -1.3918   -1.4700 H   0  0  0  0  0  0  0  0  0  0  0  0
    2.4758   -0.2098    3.0039 H   0  0  0  0  0  0  0  0  0  0  0  0
    0.8254    0.4219    2.9494 H   0  0  0  0  0  0  0  0  0  0  0  0
    1.2294   -1.0676    2.0904 H   0  0  0  0  0  0  0  0  0  0  0  0
   -1.1399   -3.0652   -2.3181 H   0  0  0  0  0  0  0  0  0  0  0  0
    2.2409   -3.4392   -1.3418 H   0  0  0  0  0  0  0  0  0  0  0  0
    2.2918   -2.5537   -2.8771 H   0  0  0  0  0  0  0  0  0  0  0  0
    1.1814   -3.9111   -2.6728 H   0  0  0  0  0  0  0  0  0  0  0  0
   -3.5193    2.3182    1.4795 H   0  0  0  0  0  0  0  0  0  0  0  0
  1 11  2  0  0  0  0
  2 16  1  0  0  0  0
  2 29  1  0  0  0  0
  3 16  2  0  0  0  0
  4  6  1  0  0  0  0
  4  8  1  0  0  0  0
  4  9  1  0  0  0  0
  5  6  1  0  0  0  0
  5 13  2  0  0  0  0
  6  7  2  0  0  0  0
  7 11  1  0  0  0  0
  7 12  1  0  0  0  0
  8 14  1  0  0  0  0
  8 18  1  0  0  0  0
  8 19  1  0  0  0  0
  9 10  2  0  0  0  0
  9 20  1  0  0  0  0
 10 11  1  0  0  0  0
 10 16  1  0  0  0  0
 12 15  2  0  0  0  0
 12 21  1  0  0  0  0
 13 15  1  0  0  0  0
 13 17  1  0  0  0  0
 14 22  1  0  0  0  0
 14 23  1  0  0  0  0
 14 24  1  0  0  0  0
 15 25  1  0  0  0  0
 17 26  1  0  0  0  0
 17 27  1  0  0  0  0
 17 28  1  0  0  0  0
M  END
> <PUBCHEM_BONDANNOTATIONS>
10  11  8
12  15  8
13  15  8
4  6  8
4  9  8
5  13  8
5  6  8
6  7  8
7  11  8
7  12  8
9  10  8

$$$$
