
  ACD/Labs04281711592D

 22 23  0  0  0  0  0  0  0  0  2 V2000
    7.5339   -4.9106    0.0000 O   0  0  0  0  0  0  0  0  0  0  0  0
    6.6443   -5.9000    0.0000 C   0  0  0  0  0  0  0  0  0  0  0  0
    5.3191   -5.7548    0.0000 N   0  0  0  0  0  0  0  0  0  0  0  0
    4.6565   -4.6020    0.0000 C   0  0  0  0  0  0  0  0  0  0  0  0
    5.3191   -3.4583    0.0000 C   0  0  0  0  0  0  0  0  0  0  0  0
    4.6565   -2.3055    0.0000 C   0  0  0  0  0  0  0  0  0  0  0  0
    3.3222   -2.3055    0.0000 C   0  0  0  0  0  0  0  0  0  0  0  0
    2.6595   -1.1528    0.0000 N   0  3  0  0  0  0  0  0  0  0  0  0
    3.3222    0.0000    0.0000 O   0  5  0  0  0  0  0  0  0  0  0  0
    1.3252   -1.1528    0.0000 O   0  0  0  0  0  0  0  0  0  0  0  0
    2.6595   -3.4583    0.0000 C   0  0  0  0  0  0  0  0  0  0  0  0
    1.3252   -3.4583    0.0000 C   0  0  0  0  0  0  0  0  0  0  0  0
    1.3252   -2.1240    0.0000 F   0  0  0  0  0  0  0  0  0  0  0  0
    1.3252   -4.7835    0.0000 F   0  0  0  0  0  0  0  0  0  0  0  0
    0.0000   -3.4583    0.0000 F   0  0  0  0  0  0  0  0  0  0  0  0
    3.3222   -4.6020    0.0000 C   0  0  0  0  0  0  0  0  0  0  0  0
    4.7745   -6.9711    0.0000 C   0  0  0  0  0  0  0  0  0  0  0  0
    5.7639   -7.8606    0.0000 C   0  0  0  0  0  0  0  0  0  0  0  0
    4.9832   -8.9408    0.0000 C   0  0  0  0  0  0  0  0  0  0  0  0
    6.3085   -9.0769    0.0000 C   0  0  0  0  0  0  0  0  0  0  0  0
    6.9166   -7.1980    0.0000 N   0  0  0  0  0  0  0  0  0  0  0  0
    3.4765   -7.2525    0.0000 O   0  0  0  0  0  0  0  0  0  0  0  0
  1  2  2  0  0  0  0
  2  3  1  0  0  0  0
  2 21  1  0  0  0  0
  3  4  1  0  0  0  0
  3 17  1  0  0  0  0
  4  5  2  0  0  0  0
  4 16  1  0  0  0  0
  5  6  1  0  0  0  0
  6  7  2  0  0  0  0
  7  8  1  0  0  0  0
  7 11  1  0  0  0  0
  8  9  1  0  0  0  0
  8 10  2  0  0  0  0
 11 12  1  0  0  0  0
 11 16  2  0  0  0  0
 12 13  1  0  0  0  0
 12 14  1  0  0  0  0
 12 15  1  0  0  0  0
 17 18  1  0  0  0  0
 17 22  2  0  0  0  0
 18 19  1  0  0  0  0
 18 20  1  0  0  0  0
 18 21  1  0  0  0  0
M  CHG  2   8   1   9  -1
M  END
