4493
  Marvin  12300703363D          

 32 33  0  0  0  0            999 V2000
   -3.9314   -1.3679   -1.9663 F   0  0  0  0  0  0  0  0  0  0  0  0
   -4.1682   -1.3085    0.2481 F   0  0  0  0  0  0  0  0  0  0  0  0
   -4.3769   -3.1260   -0.8447 F   0  0  0  0  0  0  0  0  0  0  0  0
    2.6579    0.5459   -0.3447 O   0  0  0  0  0  0  0  0  0  0  0  0
   -1.3475    2.2448   -0.6362 O   0  0  0  0  0  0  0  0  0  0  0  0
   -0.8927   -5.4289   -0.3424 O   0  5  0  0  0  0  0  0  0  0  0  0
   -2.6873   -4.9415   -0.5858 O   0  0  0  0  0  0  0  0  0  0  0  0
    0.3911    0.7795   -0.2769 N   0  0  0  0  0  0  0  0  0  0  0  0
    0.4257    2.8100    0.3910 N   0  0  0  0  0  0  0  0  0  0  0  0
   -1.6136   -4.5103   -0.4773 N   0  3  0  0  0  0  0  0  0  0  0  0
    1.7314    2.4351    0.5930 C   0  0  2  0  0  0  0  0  0  0  0  0
    1.6311    1.1499   -0.0624 C   0  0  0  0  0  0  0  0  0  0  0  0
    2.0370    2.2724    2.1091 C   0  0  0  0  0  0  0  0  0  0  0  0
    2.6570    3.4595   -0.1228 C   0  0  0  0  0  0  0  0  0  0  0  0
   -0.2489    1.9161   -0.2101 C   0  0  0  0  0  0  0  0  0  0  0  0
   -0.1175   -0.4875   -0.4139 C   0  0  0  0  0  0  0  0  0  0  0  0
   -1.4971   -0.7668   -0.5940 C   0  0  0  0  0  0  0  0  0  0  0  0
    0.6754   -1.6538   -0.3074 C   0  0  0  0  0  0  0  0  0  0  0  0
   -2.1004   -2.0584   -0.6291 C   0  0  0  0  0  0  0  0  0  0  0  0
   -1.2483   -3.2050   -0.4934 C   0  0  0  0  0  0  0  0  0  0  0  0
    0.1416   -2.9486   -0.3494 C   0  0  0  0  0  0  0  0  0  0  0  0
   -3.5973   -2.0047   -0.7931 C   0  0  1  0  0  0  0  0  0  0  0  0
    0.0776    3.6390    0.6505 H   0  0  0  0  0  0  0  0  0  0  0  0
    1.8837    3.2131    2.6407 H   0  0  0  0  0  0  0  0  0  0  0  0
    3.0710    1.9570    2.2627 H   0  0  0  0  0  0  0  0  0  0  0  0
    1.3910    1.5231    2.5769 H   0  0  0  0  0  0  0  0  0  0  0  0
    3.7054    3.1784   -0.0092 H   0  0  0  0  0  0  0  0  0  0  0  0
    2.5273    4.4584    0.2992 H   0  0  0  0  0  0  0  0  0  0  0  0
    2.4413    3.5185   -1.1930 H   0  0  0  0  0  0  0  0  0  0  0  0
   -2.1230    0.0289   -0.6911 H   0  0  0  0  0  0  0  0  0  0  0  0
    1.6841   -1.6118   -0.1718 H   0  0  0  0  0  0  0  0  0  0  0  0
    0.8205   -3.7100   -0.2564 H   0  0  0  0  0  0  0  0  0  0  0  0
  1 22  1  0  0  0  0
  2 22  1  0  0  0  0
  3 22  1  0  0  0  0
  4 12  2  0  0  0  0
  5 15  2  0  0  0  0
  6 10  1  0  0  0  0
  7 10  2  0  0  0  0
  8 12  1  0  0  0  0
  8 15  1  0  0  0  0
  8 16  1  0  0  0  0
  9 11  1  0  0  0  0
  9 15  1  0  0  0  0
  9 23  1  0  0  0  0
 10 20  1  0  0  0  0
 11 12  1  0  0  0  0
 11 13  1  0  0  0  0
 11 14  1  0  0  0  0
 13 24  1  0  0  0  0
 13 25  1  0  0  0  0
 13 26  1  0  0  0  0
 14 27  1  0  0  0  0
 14 28  1  0  0  0  0
 14 29  1  0  0  0  0
 16 17  2  0  0  0  0
 16 18  1  0  0  0  0
 17 19  1  0  0  0  0
 17 30  1  0  0  0  0
 18 21  2  0  0  0  0
 18 31  1  0  0  0  0
 19 20  2  0  0  0  0
 19 22  1  0  0  0  0
 20 21  1  0  0  0  0
 21 32  1  0  0  0  0
M  CHG  2   6  -1  10   1
M  END
> <PUBCHEM_BONDANNOTATIONS>
16  17  8
16  18  8
17  19  8
18  21  8
19  20  8
20  21  8

$$$$
