
  ACD/Labs02211713352D

  9  9  0  0  0  0  0  0  0  0  1 V2000
    5.7577   -0.6679    0.0000 O   0  0  0  0  0  0  0  0  0  0  0  0
    4.6062    0.0000    0.0000 C   0  0  0  0  0  0  0  0  0  0  0  0
    3.4546   -0.6679    0.0000 C   0  0  0  0  0  0  0  0  0  0  0  0
    2.3031    0.0000    0.0000 N   0  0  0  0  0  0  0  0  0  0  0  0
    1.1515   -0.6679    0.0000 C   0  0  0  0  0  0  0  0  0  0  0  0
    1.1515   -1.9979    0.0000 C   0  0  0  0  0  0  0  0  0  0  0  0
    0.0000   -2.6601    0.0000 Br  0  0  0  0  0  0  0  0  0  0  0  0
    2.3031   -2.6601    0.0000 C   0  0  0  0  0  0  0  0  0  0  0  0
    3.4546   -1.9979    0.0000 C   0  0  0  0  0  0  0  0  0  0  0  0
  1  2  1  0  0  0  0
  2  3  1  0  0  0  0
  3  4  2  0  0  0  0
  3  9  1  0  0  0  0
  4  5  1  0  0  0  0
  5  6  2  0  0  0  0
  6  7  1  0  0  0  0
  6  8  1  0  0  0  0
  8  9  2  0  0  0  0
M  END
