5200169
  Marvin  12300716493D          

 15 15  0  0  0  0            999 V2000
   -2.1443    3.5061    0.0948 Br  0  0  0  0  0  0  0  0  0  0  0  0
    0.5571   -2.5461   -1.0836 O   0  0  0  0  0  0  0  0  0  0  0  0
   -1.1345   -0.4805    0.0989 N   0  0  0  0  0  0  0  0  0  0  0  0
    0.2265   -0.5165    0.0956 C   0  0  0  0  0  0  0  0  0  0  0  0
    0.9135   -1.8216    0.0876 C   0  0  0  0  0  0  0  0  0  0  0  0
    0.9304    0.7079    0.0958 C   0  0  0  0  0  0  0  0  0  0  0  0
    0.2123    1.9167    0.0961 C   0  0  0  0  0  0  0  0  0  0  0  0
   -1.1940    1.9070    0.0966 C   0  0  0  0  0  0  0  0  0  0  0  0
   -1.8603    0.6671    0.0985 C   0  0  0  0  0  0  0  0  0  0  0  0
    0.6295   -2.3949    0.9718 H   0  0  0  0  0  0  0  0  0  0  0  0
    2.0008   -1.7171    0.0939 H   0  0  0  0  0  0  0  0  0  0  0  0
    1.9524    0.7296    0.0946 H   0  0  0  0  0  0  0  0  0  0  0  0
    0.7210    2.8032    0.0952 H   0  0  0  0  0  0  0  0  0  0  0  0
   -2.8803    0.6191    0.0986 H   0  0  0  0  0  0  0  0  0  0  0  0
    1.0700   -3.3799   -1.0343 H   0  0  0  0  0  0  0  0  0  0  0  0
  1  8  1  0  0  0  0
  2  5  1  0  0  0  0
  2 15  1  0  0  0  0
  3  4  2  0  0  0  0
  3  9  1  0  0  0  0
  4  5  1  0  0  0  0
  4  6  1  0  0  0  0
  5 10  1  0  0  0  0
  5 11  1  0  0  0  0
  6  7  2  0  0  0  0
  6 12  1  0  0  0  0
  7  8  1  0  0  0  0
  7 13  1  0  0  0  0
  8  9  2  0  0  0  0
  9 14  1  0  0  0  0
M  END
> <PUBCHEM_BONDANNOTATIONS>
3  4  8
3  9  8
4  6  8
6  7  8
7  8  8
8  9  8

$$$$
