
  ACLJDraw10241415162D

 24 26  0  0  0  0  0  0  0  0999 V2000
    4.7859   -1.3695    0.0000 O   0  0  0  0  0  0  0  0  0  0  0  0
    4.2858   -0.5035    0.0000 S   0  0  3  0  0  0  0  0  0  0  0  0
    3.2858   -0.5035    0.0000 C   0  0  0  0  0  0  0  0  0  0  0  0
    2.6938    0.3110    0.0000 N   0  0  0  0  0  0  0  0  0  0  0  0
    1.7360    0.0000    0.0000 C   0  0  0  0  0  0  0  0  0  0  0  0
    0.8680    0.5079    0.0000 C   0  0  0  0  0  0  0  0  0  0  0  0
    0.0000    0.0000    0.0000 C   0  0  0  0  0  0  0  0  0  0  0  0
   -0.8675    0.4975    0.0000 O   0  0  0  0  0  0  0  0  0  0  0  0
   -1.7320   -0.0050    0.0000 C   0  0  0  0  0  0  0  0  0  0  0  0
    0.0000   -1.0058    0.0000 C   0  0  0  0  0  0  0  0  0  0  0  0
    0.8680   -1.5037    0.0000 C   0  0  0  0  0  0  0  0  0  0  0  0
    1.7360   -1.0071    0.0000 C   0  0  0  0  0  0  0  0  0  0  0  0
    2.6938   -1.3184    0.0000 N   0  0  0  0  0  0  0  0  0  0  0  0
    4.7857    0.3626    0.0000 C   0  0  0  0  0  0  0  0  0  0  0  0
    5.7857    0.3626    0.0000 C   0  0  0  0  0  0  0  0  0  0  0  0
    6.2858   -0.5094    0.0000 N   0  0  0  0  0  0  0  0  0  0  0  0
    7.2909   -0.5094    0.0000 C   0  0  0  0  0  0  0  0  0  0  0  0
    7.7909    0.3716    0.0000 C   0  0  0  0  0  0  0  0  0  0  0  0
    8.7909    0.3716    0.0000 C   0  0  0  0  0  0  0  0  0  0  0  0
    7.2858    1.2347    0.0000 C   0  0  0  0  0  0  0  0  0  0  0  0
    7.7832    2.1022    0.0000 O   0  0  0  0  0  0  0  0  0  0  0  0
    7.2805    2.9668    0.0000 C   0  0  0  0  0  0  0  0  0  0  0  0
    6.2857    1.2347    0.0000 C   0  0  0  0  0  0  0  0  0  0  0  0
    5.7844    2.0999    0.0000 C   0  0  0  0  0  0  0  0  0  0  0  0
  1  2  2  0  0  0  0
  2  3  1  0  0  0  0
  2 14  1  0  0  0  0
  3  4  2  0  0  0  0
  3 13  1  0  0  0  0
  4  5  1  0  0  0  0
  5  6  2  0  0  0  0
  5 12  1  0  0  0  0
  6  7  1  0  0  0  0
  7  8  1  0  0  0  0
  7 10  2  0  0  0  0
  8  9  1  0  0  0  0
 10 11  1  0  0  0  0
 11 12  2  0  0  0  0
 12 13  1  0  0  0  0
 14 15  1  0  0  0  0
 15 16  2  0  0  0  0
 15 23  1  0  0  0  0
 16 17  1  0  0  0  0
 17 18  2  0  0  0  0
 18 19  1  0  0  0  0
 18 20  1  0  0  0  0
 20 21  1  0  0  0  0
 20 23  2  0  0  0  0
 21 22  1  0  0  0  0
 23 24  1  0  0  0  0
M  END
