5280445
  Marvin  12300716493D          

 31 33  0  0  0  0            999 V2000
   -0.0030   -0.5764   -0.1676 O   0  0  0  0  0  0  0  0  0  0  0  0
   -4.5745   -1.3447    0.2876 O   0  0  0  0  0  0  0  0  0  0  0  0
   -3.4719    1.1110   -0.1598 O   0  0  0  0  0  0  0  0  0  0  0  0
   -1.6550   -4.9010    0.2327 O   0  0  0  0  0  0  0  0  0  0  0  0
    4.5604    1.0167    0.9919 O   0  0  0  0  0  0  0  0  0  0  0  0
    4.7293    3.4549   -0.1653 O   0  0  0  0  0  0  0  0  0  0  0  0
   -2.3077   -0.8668   -0.0051 C   0  0  0  0  0  0  0  0  0  0  0  0
   -0.9874   -1.3995   -0.0701 C   0  0  0  0  0  0  0  0  0  0  0  0
   -0.0408    0.6914   -0.1857 C   0  0  0  0  0  0  0  0  0  0  0  0
    1.1759    1.3850   -0.2078 C   0  0  0  0  0  0  0  0  0  0  0  0
   -2.3956    0.5333   -0.1081 C   0  0  0  0  0  0  0  0  0  0  0  0
   -1.2571    1.2907   -0.1542 C   0  0  0  0  0  0  0  0  0  0  0  0
   -3.3926   -1.7598    0.1743 C   0  0  0  0  0  0  0  0  0  0  0  0
   -0.7623   -2.7867   -0.0020 C   0  0  0  0  0  0  0  0  0  0  0  0
    2.3328    0.8412    0.4072 C   0  0  0  0  0  0  0  0  0  0  0  0
   -1.8514   -3.6632    0.1598 C   0  0  0  0  0  0  0  0  0  0  0  0
   -3.1598   -3.1475    0.2517 C   0  0  0  0  0  0  0  0  0  0  0  0
    1.3108    2.6558   -0.8230 C   0  0  0  0  0  0  0  0  0  0  0  0
    3.5608    1.5350    0.4298 C   0  0  0  0  0  0  0  0  0  0  0  0
    2.5246    3.3631   -0.8006 C   0  0  0  0  0  0  0  0  0  0  0  0
    3.6533    2.8058   -0.1740 C   0  0  0  0  0  0  0  0  0  0  0  0
   -1.3412    2.2817   -0.1466 H   0  0  0  0  0  0  0  0  0  0  0  0
    0.1920   -3.1536   -0.0605 H   0  0  0  0  0  0  0  0  0  0  0  0
    2.2940   -0.0748    0.8650 H   0  0  0  0  0  0  0  0  0  0  0  0
   -3.9470   -3.7900    0.3797 H   0  0  0  0  0  0  0  0  0  0  0  0
    0.5273    3.0984   -1.3086 H   0  0  0  0  0  0  0  0  0  0  0  0
    2.5760    4.2842   -1.2446 H   0  0  0  0  0  0  0  0  0  0  0  0
   -5.2414   -1.8999    0.4346 H   0  0  0  0  0  0  0  0  0  0  0  0
   -2.3292   -5.4560    0.3448 H   0  0  0  0  0  0  0  0  0  0  0  0
    4.5051    0.2243    1.3707 H   0  0  0  0  0  0  0  0  0  0  0  0
    4.7755    4.2475   -0.5462 H   0  0  0  0  0  0  0  0  0  0  0  0
  1  8  1  0  0  0  0
  1  9  1  0  0  0  0
  2 13  1  0  0  0  0
  2 28  1  0  0  0  0
  3 11  2  0  0  0  0
  4 16  1  0  0  0  0
  4 29  1  0  0  0  0
  5 19  1  0  0  0  0
  5 30  1  0  0  0  0
  6 21  1  0  0  0  0
  6 31  1  0  0  0  0
  7  8  1  0  0  0  0
  7 11  1  0  0  0  0
  7 13  2  0  0  0  0
  8 14  2  0  0  0  0
  9 10  1  0  0  0  0
  9 12  2  0  0  0  0
 10 15  2  0  0  0  0
 10 18  1  0  0  0  0
 11 12  1  0  0  0  0
 12 22  1  0  0  0  0
 13 17  1  0  0  0  0
 14 16  1  0  0  0  0
 14 23  1  0  0  0  0
 15 19  1  0  0  0  0
 15 24  1  0  0  0  0
 16 17  2  0  0  0  0
 17 25  1  0  0  0  0
 18 20  2  0  0  0  0
 18 26  1  0  0  0  0
 19 21  2  0  0  0  0
 20 21  1  0  0  0  0
 20 27  1  0  0  0  0
M  END
> <PUBCHEM_BONDANNOTATIONS>
1  8  8
1  9  8
10  15  8
10  18  8
11  12  8
13  17  8
14  16  8
15  19  8
16  17  8
18  20  8
19  21  8
20  21  8
7  11  8
7  13  8
7  8  8
8  14  8
9  12  8

$$$$
