
  ACD/Labs03221914022D

 21 23  0  0  0  0  0  0  0  0  1 V2000
    8.0629   -3.9900    0.0000 C   0  0  0  0  0  0  0  0  0  0  0  0
    9.2133   -3.3267    0.0000 C   0  0  0  0  0  0  0  0  0  0  0  0
    9.2133   -2.0002    0.0000 C   0  0  0  0  0  0  0  0  0  0  0  0
    8.0629   -1.3369    0.0000 C   0  0  0  0  0  0  0  0  0  0  0  0
    6.9125   -2.0002    0.0000 C   0  0  0  0  0  0  0  0  0  0  0  0
    6.9125   -3.3267    0.0000 C   0  0  0  0  0  0  0  0  0  0  0  0
    5.7622   -3.9900    0.0000 C   0  0  0  0  0  0  0  0  0  0  0  0
    5.7622   -5.3269    0.0000 C   0  0  0  0  0  0  0  0  0  0  0  0
    4.6118   -5.9902    0.0000 C   0  0  0  0  0  0  0  0  0  0  0  0
    3.4511   -5.3269    0.0000 C   0  0  0  0  0  0  0  0  0  0  0  0
    2.3007   -5.9902    0.0000 C   0  0  0  0  0  0  0  0  0  0  0  0
    1.1504   -5.3269    0.0000 C   0  0  0  0  0  0  0  0  0  0  0  0
    1.1504   -3.9900    0.0000 C   0  0  0  0  0  0  0  0  0  0  0  0
    2.3007   -3.3267    0.0000 C   0  0  0  0  0  0  0  0  0  0  0  0
    3.4511   -3.9900    0.0000 C   0  0  0  0  0  0  0  0  0  0  0  0
    4.6118   -3.3267    0.0000 O   0  0  0  0  0  0  0  0  0  0  0  0
    0.0000   -3.3267    0.0000 O   0  0  0  0  0  0  0  0  0  0  0  0
    2.3007   -7.3167    0.0000 O   0  0  0  0  0  0  0  0  0  0  0  0
    4.6118   -7.3167    0.0000 O   0  0  0  0  0  0  0  0  0  0  0  0
    8.0629    0.0000    0.0000 O   0  0  0  0  0  0  0  0  0  0  0  0
   10.3636   -1.3369    0.0000 O   0  0  0  0  0  0  0  0  0  0  0  0
  1  2  2  0  0  0  0
  1  6  1  0  0  0  0
  2  3  1  0  0  0  0
  3  4  2  0  0  0  0
  3 21  1  0  0  0  0
  4  5  1  0  0  0  0
  4 20  1  0  0  0  0
  5  6  2  0  0  0  0
  6  7  1  0  0  0  0
  7  8  2  0  0  0  0
  7 16  1  0  0  0  0
  8  9  1  0  0  0  0
  9 10  1  0  0  0  0
  9 19  2  0  0  0  0
 10 11  2  0  0  0  0
 10 15  1  0  0  0  0
 11 12  1  0  0  0  0
 11 18  1  0  0  0  0
 12 13  2  0  0  0  0
 13 14  1  0  0  0  0
 13 17  1  0  0  0  0
 14 15  2  0  0  0  0
 15 16  1  0  0  0  0
M  END
