5280567
  Marvin  12300716493D          

 21 22  0  0  0  0            999 V2000
    0.1880    2.0791    0.0000 O   0  0  0  0  0  0  0  0  0  0  0  0
   -3.9440   -0.0465    0.0000 O   0  0  0  0  0  0  0  0  0  0  0  0
    1.9527    3.2596   -0.0000 O   0  0  0  0  0  0  0  0  0  0  0  0
    0.1651   -0.2593    0.0000 C   0  0  0  0  0  0  0  0  0  0  0  0
    1.5871   -0.2063    0.0000 C   0  0  0  0  0  0  0  0  0  0  0  0
   -0.5115    0.9999    0.0000 C   0  0  0  0  0  0  0  0  0  0  0  0
   -0.6431   -1.4236   -0.0000 C   0  0  0  0  0  0  0  0  0  0  0  0
   -1.9172    1.0842    0.0000 C   0  0  0  0  0  0  0  0  0  0  0  0
    2.1931    1.0093   -0.0000 C   0  0  0  0  0  0  0  0  0  0  0  0
    2.4641   -1.3767   -0.0000 C   0  0  0  0  0  0  0  0  0  0  0  0
   -2.0478   -1.3452    0.0000 C   0  0  0  0  0  0  0  0  0  0  0  0
   -2.6884   -0.0931    0.0000 C   0  0  0  0  0  0  0  0  0  0  0  0
    1.4396    2.1503   -0.0000 C   0  0  0  0  0  0  0  0  0  0  0  0
   -0.2432   -2.3608    0.0000 H   0  0  0  0  0  0  0  0  0  0  0  0
   -2.3767    1.9991   -0.0000 H   0  0  0  0  0  0  0  0  0  0  0  0
    3.1857    1.0962   -0.0000 H   0  0  0  0  0  0  0  0  0  0  0  0
    3.1024   -1.3703   -0.8866 H   0  0  0  0  0  0  0  0  0  0  0  0
    3.1024   -1.3703    0.8866 H   0  0  0  0  0  0  0  0  0  0  0  0
    1.9622   -2.3409   -0.0000 H   0  0  0  0  0  0  0  0  0  0  0  0
   -2.5990   -2.2075    0.0000 H   0  0  0  0  0  0  0  0  0  0  0  0
   -4.3714    0.7229    0.0000 H   0  0  0  0  0  0  0  0  0  0  0  0
  1  6  1  0  0  0  0
  1 13  1  0  0  0  0
  2 12  1  0  0  0  0
  2 21  1  0  0  0  0
  3 13  2  0  0  0  0
  4  5  1  0  0  0  0
  4  6  2  0  0  0  0
  4  7  1  0  0  0  0
  5  9  2  0  0  0  0
  5 10  1  0  0  0  0
  6  8  1  0  0  0  0
  7 11  2  0  0  0  0
  7 14  1  0  0  0  0
  8 12  2  0  0  0  0
  8 15  1  0  0  0  0
  9 13  1  0  0  0  0
  9 16  1  0  0  0  0
 10 17  1  0  0  0  0
 10 18  1  0  0  0  0
 10 19  1  0  0  0  0
 11 12  1  0  0  0  0
 11 20  1  0  0  0  0
M  END
> <PUBCHEM_BONDANNOTATIONS>
1  13  8
1  6  8
11  12  8
4  5  8
4  6  8
4  7  8
5  9  8
6  8  8
7  11  8
8  12  8
9  13  8

$$$$
