
  ACD/Labs04281711142D

 14 15  0  0  0  0  0  0  0  0  1 V2000
    4.5875   -3.9726    0.0000 O   0  0  0  0  0  0  0  0  0  0  0  0
    0.0000   -1.3127    0.0000 O   0  0  0  0  0  0  0  0  0  0  0  0
    0.0000   -3.9311    0.0000 O   0  0  0  0  0  0  0  0  0  0  0  0
    6.9089   -3.9657    0.0000 O   0  0  0  0  0  0  0  0  0  0  0  0
    3.4130   -1.9690    0.0000 C   0  0  0  0  0  0  0  0  0  0  0  0
    3.4130   -3.2748    0.0000 C   0  0  0  0  0  0  0  0  0  0  0  0
    2.2799   -1.3127    0.0000 C   0  0  0  0  0  0  0  0  0  0  0  0
    1.1400   -1.9690    0.0000 C   0  0  0  0  0  0  0  0  0  0  0  0
    2.2799   -3.9311    0.0000 C   0  0  0  0  0  0  0  0  0  0  0  0
    1.1400   -3.2748    0.0000 C   0  0  0  0  0  0  0  0  0  0  0  0
    4.5875   -1.2643    0.0000 C   0  0  0  0  0  0  0  0  0  0  0  0
    5.7758   -1.9345    0.0000 C   0  0  0  0  0  0  0  0  0  0  0  0
    5.7758   -3.3024    0.0000 C   0  0  0  0  0  0  0  0  0  0  0  0
    0.0000    0.0000    0.0000 C   0  0  0  0  0  0  0  0  0  0  0  0
  1  6  1  0  0  0  0
  1 13  1  0  0  0  0
  2  8  1  0  0  0  0
  2 14  1  0  0  0  0
  3 10  1  0  0  0  0
  4 13  2  0  0  0  0
  5  6  1  0  0  0  0
  5  7  2  0  0  0  0
  5 11  1  0  0  0  0
  6  9  2  0  0  0  0
  7  8  1  0  0  0  0
  8 10  2  0  0  0  0
  9 10  1  0  0  0  0
 11 12  2  0  0  0  0
 12 13  1  0  0  0  0
M  END
