
  ACD/Labs04281710402D

 12 12  0  0  1  0  0  0  0  0  1 V2000
    1.0634   -0.5597    0.0000 O   0  0  0  0  0  0  0  0  0  0  0  0
    4.4381   -3.9904    0.0000 O   0  0  0  0  0  0  0  0  0  0  0  0
    2.1547   -2.6752    0.0000 N   0  0  0  0  0  0  0  0  0  0  0  0
    5.5966   -1.9980    0.0000 N   0  0  0  0  0  0  0  0  0  0  0  0
    3.3020   -1.9980    0.0000 C   0  0  0  0  0  0  0  0  0  0  0  0
    1.0801   -1.8917    0.0000 C   0  0  0  0  0  0  0  0  0  0  0  0
    1.7405   -3.9344    0.0000 C   0  0  0  0  0  0  0  0  0  0  0  0
    4.4437   -2.6640    0.0000 C   0  0  0  0  0  0  0  0  0  0  0  0
    0.0000   -2.6752    0.0000 C   0  0  0  0  0  0  0  0  0  0  0  0
    0.4086   -3.9344    0.0000 C   0  0  0  0  0  0  0  0  0  0  0  0
    3.3020   -0.6716    0.0000 C   0  0  0  0  0  0  0  0  0  0  0  0
    4.4661    0.0000    0.0000 C   0  0  0  0  0  0  0  0  0  0  0  0
  1  6  2  0  0  0  0
  2  8  2  0  0  0  0
  3  5  1  0  0  0  0
  3  6  1  0  0  0  0
  3  7  1  0  0  0  0
  4  8  1  0  0  0  0
  5  8  1  0  0  0  0
  5 11  1  1  0  0  0
  6  9  1  0  0  0  0
  7 10  1  0  0  0  0
  9 10  1  0  0  0  0
 11 12  1  0  0  0  0
M  END
