5284583
  Marvin  12300716493D          

 26 26  0  0  1  0            999 V2000
   -0.9236    2.0826   -1.1502 O   0  0  0  0  0  0  0  0  0  0  0  0
   -1.1763   -1.4951   -2.5394 O   0  0  0  0  0  0  0  0  0  0  0  0
    0.5517    0.5196   -0.4773 N   0  0  0  0  0  0  0  0  0  0  0  0
   -2.3509   -0.3314   -1.2083 N   0  0  0  0  0  0  0  0  0  0  0  0
    1.9160    0.7218   -0.2239 C   0  0  0  0  0  0  0  0  0  0  0  0
   -0.0519   -0.7634   -0.6105 C   0  0  1  0  0  0  0  0  0  0  0  0
    1.9840    2.0168    0.6124 C   0  0  0  0  0  0  0  0  0  0  0  0
    0.5319    2.5144    0.6024 C   0  0  0  0  0  0  0  0  0  0  0  0
   -0.0337    1.6778   -0.4133 C   0  0  0  0  0  0  0  0  0  0  0  0
   -0.3404   -1.3389    0.8162 C   0  0  0  0  0  0  0  0  0  0  0  0
   -1.2173   -0.8641   -1.4911 C   0  0  0  0  0  0  0  0  0  0  0  0
   -0.8747   -2.7876    0.9038 C   0  0  0  0  0  0  0  0  0  0  0  0
    0.7090   -1.4274   -1.0403 H   0  0  0  0  0  0  0  0  0  0  0  0
    2.3931   -0.0991    0.3191 H   0  0  0  0  0  0  0  0  0  0  0  0
    2.4520    0.8373   -1.1724 H   0  0  0  0  0  0  0  0  0  0  0  0
    2.6568    2.7490    0.1583 H   0  0  0  0  0  0  0  0  0  0  0  0
    2.3198    1.8246    1.6351 H   0  0  0  0  0  0  0  0  0  0  0  0
    0.0286    2.2937    1.5487 H   0  0  0  0  0  0  0  0  0  0  0  0
    0.4499    3.5835    0.3905 H   0  0  0  0  0  0  0  0  0  0  0  0
    0.5791   -1.3222    1.4082 H   0  0  0  0  0  0  0  0  0  0  0  0
   -1.0477   -0.6862    1.3357 H   0  0  0  0  0  0  0  0  0  0  0  0
   -1.0220   -3.0680    1.9493 H   0  0  0  0  0  0  0  0  0  0  0  0
   -0.1669   -3.4889    0.4585 H   0  0  0  0  0  0  0  0  0  0  0  0
   -1.8350   -2.8865    0.3955 H   0  0  0  0  0  0  0  0  0  0  0  0
   -2.4496    0.1695   -0.4239 H   0  0  0  0  0  0  0  0  0  0  0  0
   -3.0819   -0.4319   -1.7829 H   0  0  0  0  0  0  0  0  0  0  0  0
  1  9  2  0  0  0  0
  2 11  2  0  0  0  0
  3  5  1  0  0  0  0
  3  6  1  0  0  0  0
  3  9  1  0  0  0  0
  4 11  1  0  0  0  0
  4 25  1  0  0  0  0
  4 26  1  0  0  0  0
  5  7  1  0  0  0  0
  5 14  1  0  0  0  0
  5 15  1  0  0  0  0
  6 10  1  0  0  0  0
  6 11  1  0  0  0  0
  6 13  1  0  0  0  0
  7  8  1  0  0  0  0
  7 16  1  0  0  0  0
  7 17  1  0  0  0  0
  8  9  1  0  0  0  0
  8 18  1  0  0  0  0
  8 19  1  0  0  0  0
 10 12  1  0  0  0  0
 10 20  1  0  0  0  0
 10 21  1  0  0  0  0
 12 22  1  0  0  0  0
 12 23  1  0  0  0  0
 12 24  1  0  0  0  0
M  END
> <PUBCHEM_BONDANNOTATIONS>
6  10  5

$$$$
