520373
  Marvin  12300716483D          

 15 15  0  0  0  0            999 V2000
    1.7010   -1.6416   -0.0954 F   0  0  0  0  0  0  0  0  0  0  0  0
   -2.4597    0.7318   -0.0539 F   0  0  0  0  0  0  0  0  0  0  0  0
    1.6055    3.0032   -0.0576 F   0  0  0  0  0  0  0  0  0  0  0  0
   -0.7143   -2.8228    0.4683 O   0  0  0  0  0  0  0  0  0  0  0  0
   -2.2575   -1.9508   -0.5699 O   0  0  0  0  0  0  0  0  0  0  0  0
   -0.4645   -0.5992   -0.0681 C   0  0  0  0  0  0  0  0  0  0  0  0
    0.9578   -0.5641   -0.0695 C   0  0  0  0  0  0  0  0  0  0  0  0
   -1.1534    0.6447   -0.0692 C   0  0  0  0  0  0  0  0  0  0  0  0
    1.6576    0.6569   -0.0623 C   0  0  0  0  0  0  0  0  0  0  0  0
   -0.4513    1.8655   -0.0656 C   0  0  0  0  0  0  0  0  0  0  0  0
    0.9541    1.8729   -0.0614 C   0  0  0  0  0  0  0  0  0  0  0  0
   -1.1557   -1.8089   -0.0604 C   0  0  0  0  0  0  0  0  0  0  0  0
    2.6813    0.6645   -0.0609 H   0  0  0  0  0  0  0  0  0  0  0  0
   -0.9599    2.7537   -0.0624 H   0  0  0  0  0  0  0  0  0  0  0  0
    0.0590   -2.8059    0.8882 H   0  0  0  0  0  0  0  0  0  0  0  0
  1  7  1  0  0  0  0
  2  8  1  0  0  0  0
  3 11  1  0  0  0  0
  4 12  1  0  0  0  0
  4 15  1  0  0  0  0
  5 12  2  0  0  0  0
  6  7  2  0  0  0  0
  6  8  1  0  0  0  0
  6 12  1  0  0  0  0
  7  9  1  0  0  0  0
  8 10  2  0  0  0  0
  9 11  2  0  0  0  0
  9 13  1  0  0  0  0
 10 11  1  0  0  0  0
 10 14  1  0  0  0  0
M  END
> <PUBCHEM_BONDANNOTATIONS>
10  11  8
6  7  8
6  8  8
7  9  8
8  10  8
9  11  8

$$$$
