MolHeader
  ELEMENTL10281819032D
Dotmatics Elemental
 12 12  0  0  0  0            999 V2000
    1.1517   -0.6680    0.0000 C   0  0  0  0  0
    2.3033    0.0000    0.0000 C   0  0  0  0  0
    3.4550   -0.6680    0.0000 C   0  0  0  0  0
    4.6067    0.0000    0.0000 C   0  0  0  0  0
    3.4550   -1.9981    0.0000 C   0  0  0  0  0
    4.6067   -2.6603    0.0000 F   0  0  0  0  0
    2.3033   -2.6603    0.0000 C   0  0  0  0  0
    1.1517   -1.9981    0.0000 C   0  0  0  0  0
    5.7598   -0.6627    0.0000 O   0  0  0  0  0
    4.6053    1.3300    0.0000 O   0  0  0  0  0
    0.0012   -2.6654    0.0000 F   0  0  0  0  0
    2.3032    1.3300    0.0000 F   0  0  0  0  0
  1  2  2  0  0  0
  1  8  1  0  0  0
  2  3  1  0  0  0
  3  4  1  0  0  0
  3  5  2  0  0  0
  5  6  1  0  0  0
  5  7  1  0  0  0
  7  8  2  0  0  0
  4  9  1  0  0  0
  4 10  2  0  0  0
  8 11  1  0  0  0
  2 12  1  0  0  0
M  END
