4754
  Marvin  12300703363D          

 26 26  0  0  0  0            999 V2000
    1.6478    1.8557   -0.4703 O   0  0  0  0  0  0  0  0  0  0  0  0
   -2.8873   -3.9936   -0.1958 O   0  0  0  0  0  0  0  0  0  0  0  0
   -1.2416   -2.7007   -0.6005 N   0  0  0  0  0  0  0  0  0  0  0  0
   -0.5518   -1.5765   -0.7678 C   0  0  0  0  0  0  0  0  0  0  0  0
    1.0044    0.7858   -0.6936 C   0  0  0  0  0  0  0  0  0  0  0  0
    0.8571   -1.6498   -0.6789 C   0  0  0  0  0  0  0  0  0  0  0  0
   -1.1460   -0.3121   -0.9933 C   0  0  0  0  0  0  0  0  0  0  0  0
    1.6322   -0.4752   -0.6367 C   0  0  0  0  0  0  0  0  0  0  0  0
   -0.3784    0.8633   -0.9420 C   0  0  0  0  0  0  0  0  0  0  0  0
    1.8742    2.3595    0.7535 C   0  0  0  0  0  0  0  0  0  0  0  0
    2.6142    3.7048    0.6663 C   0  0  0  0  0  0  0  0  0  0  0  0
   -2.3852   -2.8950   -0.0057 C   0  0  0  0  0  0  0  0  0  0  0  0
   -3.1002   -1.9910    0.8791 C   0  0  0  0  0  0  0  0  0  0  0  0
    1.3311   -2.5536   -0.6031 H   0  0  0  0  0  0  0  0  0  0  0  0
   -2.1501   -0.2302   -1.1656 H   0  0  0  0  0  0  0  0  0  0  0  0
    2.6477   -0.5428   -0.5303 H   0  0  0  0  0  0  0  0  0  0  0  0
   -0.8403    1.7701   -1.0510 H   0  0  0  0  0  0  0  0  0  0  0  0
    0.9309    2.5306    1.2845 H   0  0  0  0  0  0  0  0  0  0  0  0
    2.4752    1.6683    1.3533 H   0  0  0  0  0  0  0  0  0  0  0  0
   -0.8218   -3.4758   -0.9167 H   0  0  0  0  0  0  0  0  0  0  0  0
    2.8064    4.0888    1.6702 H   0  0  0  0  0  0  0  0  0  0  0  0
    2.0100    4.4366    0.1267 H   0  0  0  0  0  0  0  0  0  0  0  0
    3.5688    3.5827    0.1521 H   0  0  0  0  0  0  0  0  0  0  0  0
   -3.4221   -2.5034    1.7875 H   0  0  0  0  0  0  0  0  0  0  0  0
   -3.9812   -1.5998    0.3674 H   0  0  0  0  0  0  0  0  0  0  0  0
   -2.4941   -1.1469    1.2108 H   0  0  0  0  0  0  0  0  0  0  0  0
  1  5  1  0  0  0  0
  1 10  1  0  0  0  0
  2 12  2  0  0  0  0
  3  4  1  0  0  0  0
  3 12  1  0  0  0  0
  3 20  1  0  0  0  0
  4  6  2  0  0  0  0
  4  7  1  0  0  0  0
  5  8  2  0  0  0  0
  5  9  1  0  0  0  0
  6  8  1  0  0  0  0
  6 14  1  0  0  0  0
  7  9  2  0  0  0  0
  7 15  1  0  0  0  0
  8 16  1  0  0  0  0
  9 17  1  0  0  0  0
 10 11  1  0  0  0  0
 10 18  1  0  0  0  0
 10 19  1  0  0  0  0
 11 21  1  0  0  0  0
 11 22  1  0  0  0  0
 11 23  1  0  0  0  0
 12 13  1  0  0  0  0
 13 24  1  0  0  0  0
 13 25  1  0  0  0  0
 13 26  1  0  0  0  0
M  END
> <PUBCHEM_BONDANNOTATIONS>
4  6  8
4  7  8
5  8  8
5  9  8
6  8  8
7  9  8

$$$$
