MolHeader
  ELEMENTL04041911552D
Dotmatics Elemental
 13 13  0  0  0  0            999 V2000
    0.0000   -2.6614    0.0000 C   0  0  0  0  0
    1.1511   -1.9983    0.0000 C   0  0  0  0  0
    2.3022   -2.6614    0.0000 O   0  0  0  0  0
    3.4533   -1.9983    0.0000 C   0  0  0  0  0
    4.6044   -2.6614    0.0000 C   0  0  0  0  0
    5.7556   -1.9983    0.0000 C   0  0  0  0  0
    5.7556   -0.6630    0.0000 C   0  0  0  0  0
    4.6044    0.0000    0.0000 C   0  0  0  0  0
    3.4533   -0.6630    0.0000 C   0  0  0  0  0
    6.9067    0.0000    0.0000 N   0  0  0  0  0
    8.0578   -0.6630    0.0000 C   0  0  0  0  0
    9.2089    0.0000    0.0000 C   0  0  0  0  0
    8.0578   -1.9983    0.0000 O   0  0  0  0  0
  1  2  1  0  0  0
  2  3  1  0  0  0
  3  4  1  0  0  0
  4  5  2  0  0  0
  4  9  1  0  0  0
  5  6  1  0  0  0
  6  7  2  0  0  0
  7  8  1  0  0  0
  7 10  1  0  0  0
  8  9  2  0  0  0
 10 11  1  0  0  0
 11 12  1  0  0  0
 11 13  2  0  0  0
M  END
