
  ACD/Labs04281710572D

 30 34  0  0  0  0  0  0  0  0  1 V2000
    0.0000   -9.3908    0.0000 F   0  0  0  0  0  0  0  0  0  0  0  0
    0.2504   -4.6745    0.0000 O   0  0  0  0  0  0  0  0  0  0  0  0
   10.4203   -3.9789    0.0000 O   0  0  0  0  0  0  0  0  0  0  0  0
   11.5889   -2.0173    0.0000 N   0  0  0  0  0  0  0  0  0  0  0  0
    1.3078   -3.8954    0.0000 N   0  0  0  0  0  0  0  0  0  0  0  0
   10.4203    0.0000    0.0000 N   0  0  0  0  0  0  0  0  0  0  0  0
    5.8571   -2.6433    0.0000 N   0  0  0  0  0  0  0  0  0  0  0  0
    1.9895   -5.9127    0.0000 C   0  0  0  0  0  0  0  0  0  0  0  0
    2.3790   -4.6606    0.0000 C   0  0  0  0  0  0  0  0  0  0  0  0
    0.6678   -5.9266    0.0000 C   0  0  0  0  0  0  0  0  0  0  0  0
    3.5337   -3.9789    0.0000 C   0  0  0  0  0  0  0  0  0  0  0  0
    9.2656   -2.0173    0.0000 C   0  0  0  0  0  0  0  0  0  0  0  0
   10.4203   -2.6433    0.0000 C   0  0  0  0  0  0  0  0  0  0  0  0
   11.5889   -0.6261    0.0000 C   0  0  0  0  0  0  0  0  0  0  0  0
    9.2656   -0.6817    0.0000 C   0  0  0  0  0  0  0  0  0  0  0  0
    2.6712   -7.0953    0.0000 C   0  0  0  0  0  0  0  0  0  0  0  0
    0.0000   -7.0674    0.0000 C   0  0  0  0  0  0  0  0  0  0  0  0
    0.6678   -8.2361    0.0000 C   0  0  0  0  0  0  0  0  0  0  0  0
    3.5337   -2.6433    0.0000 C   0  0  0  0  0  0  0  0  0  0  0  0
    4.7023   -4.6606    0.0000 C   0  0  0  0  0  0  0  0  0  0  0  0
    8.1387   -2.6433    0.0000 C   0  0  0  0  0  0  0  0  0  0  0  0
   12.7993   -2.6433    0.0000 C   0  0  0  0  0  0  0  0  0  0  0  0
    2.0173   -8.2361    0.0000 C   0  0  0  0  0  0  0  0  0  0  0  0
   12.7993    0.0000    0.0000 C   0  0  0  0  0  0  0  0  0  0  0  0
    4.7023   -1.9755    0.0000 C   0  0  0  0  0  0  0  0  0  0  0  0
    5.8571   -3.9789    0.0000 C   0  0  0  0  0  0  0  0  0  0  0  0
    7.0257   -2.0173    0.0000 C   0  0  0  0  0  0  0  0  0  0  0  0
   13.9123   -2.0173    0.0000 C   0  0  0  0  0  0  0  0  0  0  0  0
   13.9123   -0.6817    0.0000 C   0  0  0  0  0  0  0  0  0  0  0  0
    8.1387    0.0000    0.0000 C   0  0  0  0  0  0  0  0  0  0  0  0
  1 18  1  0  0  0  0
  2  5  1  0  0  0  0
  2 10  1  0  0  0  0
  3 13  2  0  0  0  0
  4 13  1  0  0  0  0
  4 14  1  0  0  0  0
  4 22  1  0  0  0  0
  5  9  2  0  0  0  0
  6 14  2  0  0  0  0
  6 15  1  0  0  0  0
  7 25  1  0  0  0  0
  7 26  1  0  0  0  0
  7 27  1  0  0  0  0
  8  9  1  0  0  0  0
  8 10  2  0  0  0  0
  8 16  1  0  0  0  0
  9 11  1  0  0  0  0
 10 17  1  0  0  0  0
 11 19  1  0  0  0  0
 11 20  1  0  0  0  0
 12 13  1  0  0  0  0
 12 15  2  0  0  0  0
 12 21  1  0  0  0  0
 14 24  1  0  0  0  0
 15 30  1  0  0  0  0
 16 23  2  0  0  0  0
 17 18  2  0  0  0  0
 18 23  1  0  0  0  0
 19 25  1  0  0  0  0
 20 26  1  0  0  0  0
 21 27  1  0  0  0  0
 22 28  1  0  0  0  0
 24 29  1  0  0  0  0
 28 29  1  0  0  0  0
M  END
