
  ACD/Labs04281710402D

 22 24  0  0  0  0  0  0  0  0  1 V2000
    4.2931   -4.9656    0.0000 C   0  0  0  0  0  0  0  0  0  0  0  0
    3.1436   -5.6303    0.0000 C   0  0  0  0  0  0  0  0  0  0  0  0
    3.1436   -6.9597    0.0000 C   0  0  0  0  0  0  0  0  0  0  0  0
    4.2931   -7.6244    0.0000 C   0  0  0  0  0  0  0  0  0  0  0  0
    5.4504   -6.9597    0.0000 C   0  0  0  0  0  0  0  0  0  0  0  0
    5.4504   -5.6303    0.0000 C   0  0  0  0  0  0  0  0  0  0  0  0
    1.9941   -4.9656    0.0000 C   0  0  0  0  0  0  0  0  0  0  0  0
    0.8524   -3.1436    0.0000 C   0  0  0  0  0  0  0  0  0  0  0  0
    0.7038   -5.2862    0.0000 C   0  0  0  0  0  0  0  0  0  0  0  0
    2.0879   -3.6362    0.0000 C   0  0  0  0  0  0  0  0  0  0  0  0
    3.2140   -2.9403    0.0000 C   0  0  0  0  0  0  0  0  0  0  0  0
    4.3635   -0.9462    0.0000 C   0  0  0  0  0  0  0  0  0  0  0  0
    3.2140   -1.6109    0.0000 C   0  0  0  0  0  0  0  0  0  0  0  0
    4.3635   -3.6050    0.0000 C   0  0  0  0  0  0  0  0  0  0  0  0
    5.5208   -2.9403    0.0000 C   0  0  0  0  0  0  0  0  0  0  0  0
    5.5208   -1.6109    0.0000 C   0  0  0  0  0  0  0  0  0  0  0  0
    0.0000   -4.1602    0.0000 O   0  0  0  0  0  0  0  0  0  0  0  0
    0.2033   -6.5218    0.0000 O   0  0  0  0  0  0  0  0  0  0  0  0
    7.8199   -1.6109    0.0000 C   0  0  0  0  0  0  0  0  0  0  0  0
    6.6703   -0.9462    0.0000 S   0  0  0  0  0  0  0  0  0  0  0  0
    5.7320    0.0000    0.0000 O   0  0  0  0  0  0  0  0  0  0  0  0
    7.6087    0.0000    0.0000 O   0  0  0  0  0  0  0  0  0  0  0  0
  1  2  2  0  0  0  0
  1  6  1  0  0  0  0
  2  3  1  0  0  0  0
  2  7  1  0  0  0  0
  3  4  2  0  0  0  0
  4  5  1  0  0  0  0
  5  6  2  0  0  0  0
  7  9  1  0  0  0  0
  7 10  2  0  0  0  0
  8 17  1  0  0  0  0
  8 10  1  0  0  0  0
  9 17  1  0  0  0  0
  9 18  2  0  0  0  0
 10 11  1  0  0  0  0
 11 13  1  0  0  0  0
 11 14  2  0  0  0  0
 12 13  2  0  0  0  0
 12 16  1  0  0  0  0
 14 15  1  0  0  0  0
 15 16  2  0  0  0  0
 16 20  1  0  0  0  0
 19 20  1  0  0  0  0
 20 21  2  0  0  0  0
 20 22  2  0  0  0  0
M  END
