
  -ISIS-  06250817153D

 35 38  0  0  0  0  0  0  0  0999 V2000
    6.7792   -8.0500   -0.0292 C   0  0  0  0  0  0  0  0  0  0  0  0
    7.2667   -8.7167   -0.0375 C   0  0  0  0  0  0  0  0  0  0  0  0
    6.7792   -9.3875   -0.1417 S   0  0  0  0  0  0  0  0  0  0  0  0
    5.9917   -9.1292   -0.1000 C   0  0  0  0  0  0  0  0  0  0  0  0
    5.9917   -8.3042   -0.0542 C   0  0  0  0  0  0  0  0  0  0  0  0
    7.0292   -7.2542    0.0250 C   0  0  0  0  0  0  0  0  0  0  0  0
    2.6542   -4.4917   -0.1167 N   0  3  3  0  0  0  0  0  0  0  0  0
    8.0917   -8.7250    0.0000 C   0  0  0  0  0  0  0  0  0  0  0  0
    5.2750   -9.5417   -0.1042 C   0  0  0  0  0  0  0  0  0  0  0  0
    5.2750   -7.8875   -0.0292 C   0  0  0  0  0  0  0  0  0  0  0  0
    6.4792   -6.6417   -0.1042 C   0  0  0  0  0  0  0  0  0  0  0  0
    7.8417   -7.0792    0.2250 O   0  0  0  0  0  0  0  0  0  0  0  0
    2.4000   -6.7500    0.0000 Cl  0  5  0  0  0  0  0  0  0  0  0  0
    8.5042   -9.4417    0.0000 C   0  0  0  0  0  0  0  0  0  0  0  0
    8.5042   -8.0042    0.0000 C   0  0  0  0  0  0  0  0  0  0  0  0
    6.7292   -5.8542    0.2750 C   0  0  0  0  0  0  0  0  0  0  0  0
    5.6667   -6.8167   -0.5167 C   0  0  0  0  0  0  0  0  0  0  0  0
    4.5542   -9.1292   -0.0667 C   0  0  0  0  0  0  0  0  0  0  0  0
    4.5542   -8.3042   -0.0417 C   0  0  0  0  0  0  0  0  0  0  0  0
    3.4667   -4.3292    0.0917 C   0  0  0  0  0  0  0  0  0  0  0  0
    9.7542   -8.7292    0.0000 C   0  0  0  0  0  0  0  0  0  0  0  0
    5.3667   -5.4167   -0.0917 C   0  0  0  0  0  0  0  0  0  0  0  0
    9.3375   -8.0042    0.0000 C   0  0  0  0  0  0  0  0  0  0  0  0
    9.3292   -9.4500    0.0000 C   0  0  0  0  0  0  0  0  0  0  0  0
    5.1125   -6.2000   -0.5042 C   0  0  0  0  0  0  0  0  0  0  0  0
    6.1750   -5.2417    0.2750 C   0  0  0  0  0  0  0  0  0  0  0  0
    2.3792   -5.2667    0.2042 C   0  0  0  0  0  0  0  0  0  0  0  0
    2.1167   -3.8667    0.2500 C   0  0  0  0  0  0  0  0  0  0  0  0
    4.8167   -4.7917    0.0167 O   0  0  0  0  0  0  0  0  0  0  0  0
    3.8292   -9.5542   -0.0667 O   0  0  0  0  0  0  0  0  0  0  0  0
   10.5792   -8.7292    0.0000 O   0  0  0  0  0  0  0  0  0  0  0  0
    4.0125   -4.9542   -0.2792 C   0  0  0  0  0  0  0  0  0  0  0  0
    1.3042   -4.0250   -0.0542 C   0  0  0  0  0  0  0  0  0  0  0  0
    1.5667   -5.4167    0.2042 C   0  0  0  0  0  0  0  0  0  0  0  0
    1.0292   -4.8042   -0.3792 C   0  0  0  0  0  0  0  0  0  0  0  0
  2  1  2  0  0  0  0
  3  2  1  0  0  0  0
  4  5  1  0  0  0  0
  5  1  1  0  0  0  0
  6  1  1  0  0  0  0
  7 20  1  0  0  0  0
  8  2  1  0  0  0  0
  9  4  2  0  0  0  0
 10  5  2  0  0  0  0
 11  6  1  0  0  0  0
 12  6  2  0  0  0  0
 14  8  2  0  0  0  0
 15  8  1  0  0  0  0
 16 11  1  0  0  0  0
 17 11  2  0  0  0  0
 18 19  2  0  0  0  0
 19 10  1  0  0  0  0
 20 32  1  0  0  0  0
 21 24  2  0  0  0  0
 22 26  1  0  0  0  0
 23 15  2  0  0  0  0
 24 14  1  0  0  0  0
 25 17  1  0  0  0  0
 26 16  2  0  0  0  0
 27  7  1  0  0  0  0
 28  7  1  0  0  0  0
 29 22  1  0  0  0  0
 30 18  1  0  0  0  0
 31 21  1  0  0  0  0
 32 29  1  0  0  0  0
 33 28  1  0  0  0  0
 34 27  1  0  0  0  0
 35 34  1  0  0  0  0
  4  3  1  0  0  0  0
 25 22  2  0  0  0  0
  9 18  1  0  0  0  0
 23 21  1  0  0  0  0
 33 35  1  0  0  0  0
M  CHG  2   7   1  13  -1
M  END
