
  ACD/Labs04281710562D

 35 38  0  0  0  0  0  0  0  0  1 V2000
   11.0951   -5.8963    0.0000 Cl  0  0  0  0  0  0  0  0  0  0  0  0
    3.9435   -2.2697    0.0000 S   0  0  0  0  0  0  0  0  0  0  0  0
    7.5447   -4.0069    0.0000 O   0  0  0  0  0  0  0  0  0  0  0  0
    0.0000   -4.8311    0.0000 O   0  0  0  0  0  0  0  0  0  0  0  0
    6.4542  -10.0173    0.0000 O   0  0  0  0  0  0  0  0  0  0  0  0
    9.8018    0.0000    0.0000 O   0  0  0  0  0  0  0  0  0  0  0  0
    9.9032  -10.6894    0.0000 N   0  0  0  0  0  0  0  0  0  0  0  0
    5.2115   -4.0069    0.0000 C   0  0  0  0  0  0  0  0  0  0  0  0
    3.9435   -4.4254    0.0000 C   0  0  0  0  0  0  0  0  0  0  0  0
    5.2115   -2.6755    0.0000 C   0  0  0  0  0  0  0  0  0  0  0  0
    3.1700   -3.3476    0.0000 C   0  0  0  0  0  0  0  0  0  0  0  0
    6.3528   -4.6790    0.0000 C   0  0  0  0  0  0  0  0  0  0  0  0
    6.3654   -2.0161    0.0000 C   0  0  0  0  0  0  0  0  0  0  0  0
    3.4110   -5.6427    0.0000 C   0  0  0  0  0  0  0  0  0  0  0  0
    6.3528   -6.0104    0.0000 C   0  0  0  0  0  0  0  0  0  0  0  0
    1.8386   -3.4870    0.0000 C   0  0  0  0  0  0  0  0  0  0  0  0
    1.3061   -4.7043    0.0000 C   0  0  0  0  0  0  0  0  0  0  0  0
    2.0795   -5.7821    0.0000 C   0  0  0  0  0  0  0  0  0  0  0  0
    7.4940   -2.6628    0.0000 C   0  0  0  0  0  0  0  0  0  0  0  0
    6.3654   -0.6847    0.0000 C   0  0  0  0  0  0  0  0  0  0  0  0
    7.5447   -6.6824    0.0000 C   0  0  0  0  0  0  0  0  0  0  0  0
    5.2749   -6.6951    0.0000 C   0  0  0  0  0  0  0  0  0  0  0  0
    8.6479   -2.0035    0.0000 C   0  0  0  0  0  0  0  0  0  0  0  0
    7.5193   -0.0127    0.0000 C   0  0  0  0  0  0  0  0  0  0  0  0
    8.6479   -0.6720    0.0000 C   0  0  0  0  0  0  0  0  0  0  0  0
    6.4288   -8.6986    0.0000 C   0  0  0  0  0  0  0  0  0  0  0  0
    7.5700   -8.0139    0.0000 C   0  0  0  0  0  0  0  0  0  0  0  0
    5.2369   -8.0265    0.0000 C   0  0  0  0  0  0  0  0  0  0  0  0
    7.5954  -10.6894    0.0000 C   0  0  0  0  0  0  0  0  0  0  0  0
    8.7493  -10.0173    0.0000 C   0  0  0  0  0  0  0  0  0  0  0  0
    9.9032  -12.0208    0.0000 C   0  0  0  0  0  0  0  0  0  0  0  0
   11.0444  -10.0173    0.0000 C   0  0  0  0  0  0  0  0  0  0  0  0
   11.0444  -12.6801    0.0000 C   0  0  0  0  0  0  0  0  0  0  0  0
   12.1983  -10.6894    0.0000 C   0  0  0  0  0  0  0  0  0  0  0  0
   12.1983  -12.0208    0.0000 C   0  0  0  0  0  0  0  0  0  0  0  0
  2 10  1  0  0  0  0
  2 11  1  0  0  0  0
  3 12  2  0  0  0  0
  4 17  1  0  0  0  0
  5 26  1  0  0  0  0
  5 29  1  0  0  0  0
  6 25  1  0  0  0  0
  7 30  1  0  0  0  0
  7 31  1  0  0  0  0
  7 32  1  0  0  0  0
  8  9  1  0  0  0  0
  8 10  2  0  0  0  0
  8 12  1  0  0  0  0
  9 11  2  0  0  0  0
  9 14  1  0  0  0  0
 10 13  1  0  0  0  0
 11 16  1  0  0  0  0
 12 15  1  0  0  0  0
 13 19  2  0  0  0  0
 13 20  1  0  0  0  0
 14 18  2  0  0  0  0
 15 21  2  0  0  0  0
 15 22  1  0  0  0  0
 16 17  2  0  0  0  0
 17 18  1  0  0  0  0
 19 23  1  0  0  0  0
 20 24  2  0  0  0  0
 21 27  1  0  0  0  0
 22 28  2  0  0  0  0
 23 25  2  0  0  0  0
 24 25  1  0  0  0  0
 26 27  2  0  0  0  0
 26 28  1  0  0  0  0
 29 30  1  0  0  0  0
 31 33  1  0  0  0  0
 32 34  1  0  0  0  0
 33 35  1  0  0  0  0
 34 35  1  0  0  0  0
M  END
