
  ACD/Labs04281710402D

 12 12  0  0  0  0  0  0  0  0  1 V2000
    5.0231   -3.2461    0.0000 N   0  0  0  0  0  0  0  0  0  0  0  0
    6.7449   -1.9903    0.0000 C   0  0  0  0  0  0  0  0  0  0  0  0
    6.3658   -3.2461    0.0000 C   0  0  0  0  0  0  0  0  0  0  0  0
    5.6866   -1.2084    0.0000 N   0  0  0  0  0  0  0  0  0  0  0  0
    4.5966   -1.9429    0.0000 C   0  0  0  0  0  0  0  0  0  0  0  0
    2.2983   -1.9429    0.0000 C   0  0  0  0  0  0  0  0  0  0  0  0
    3.4514   -1.2716    0.0000 C   0  0  0  0  0  0  0  0  0  0  0  0
    0.0000   -1.9429    0.0000 C   0  0  0  0  0  0  0  0  0  0  0  0
    1.1531   -1.2716    0.0000 C   0  0  0  0  0  0  0  0  0  0  0  0
    7.8980   -1.3269    0.0000 C   0  0  0  0  0  0  0  0  0  0  0  0
    7.8980    0.0000    0.0000 O   0  0  0  0  0  0  0  0  0  0  0  0
    7.5110   -3.9095    0.0000 Cl  0  0  0  0  0  0  0  0  0  0  0  0
  1  3  1  0  0  0  0
  1  5  2  0  0  0  0
  2  3  2  0  0  0  0
  2  4  1  0  0  0  0
  2 10  1  0  0  0  0
  3 12  1  0  0  0  0
  4  5  1  0  0  0  0
  5  7  1  0  0  0  0
  6  7  1  0  0  0  0
  6  9  1  0  0  0  0
  8  9  1  0  0  0  0
 10 11  2  0  0  0  0
M  END
