586418
  Marvin  12310715553D          

 16 17  0  0  0  0            999 V2000
    0.6929   -2.7590   -0.1646 F   0  0  0  0  0  0  0  0  0  0  0  0
    0.5362    2.9513    0.4874 O   0  0  0  0  0  0  0  0  0  0  0  0
    3.0366    1.7240    0.7435 O   0  0  0  0  0  0  0  0  0  0  0  0
    1.8590   -0.1100    0.3846 N   0  0  0  0  0  0  0  0  0  0  0  0
    0.6196   -0.4176    0.1002 C   0  0  0  0  0  0  0  0  0  0  0  0
   -0.1119    0.7725    0.0913 C   0  0  0  0  0  0  0  0  0  0  0  0
    0.7809    1.7577    0.3854 C   0  0  0  0  0  0  0  0  0  0  0  0
    0.0042   -1.6509   -0.1811 C   0  0  0  0  0  0  0  0  0  0  0  0
   -1.4889    0.7741   -0.1997 C   0  0  0  0  0  0  0  0  0  0  0  0
    1.9728    1.1609    0.5263 C   0  0  0  0  0  0  0  0  0  0  0  0
   -1.3728   -1.6577   -0.4913 C   0  0  0  0  0  0  0  0  0  0  0  0
   -2.1132   -0.4543   -0.4994 C   0  0  0  0  0  0  0  0  0  0  0  0
    2.5589   -0.7259    0.4627 H   0  0  0  0  0  0  0  0  0  0  0  0
   -2.0233    1.6459   -0.2019 H   0  0  0  0  0  0  0  0  0  0  0  0
   -1.8417   -2.5379   -0.7158 H   0  0  0  0  0  0  0  0  0  0  0  0
   -3.1093   -0.4731   -0.7276 H   0  0  0  0  0  0  0  0  0  0  0  0
  1  8  1  0  0  0  0
  2  7  2  0  0  0  0
  3 10  2  0  0  0  0
  4  5  1  0  0  0  0
  4 10  1  0  0  0  0
  4 13  1  0  0  0  0
  5  6  2  0  0  0  0
  5  8  1  0  0  0  0
  6  7  1  0  0  0  0
  6  9  1  0  0  0  0
  7 10  1  0  0  0  0
  8 11  2  0  0  0  0
  9 12  2  0  0  0  0
  9 14  1  0  0  0  0
 11 12  1  0  0  0  0
 11 15  1  0  0  0  0
 12 16  1  0  0  0  0
M  END
> <PUBCHEM_BONDANNOTATIONS>
11  12  8
5  6  8
5  8  8
6  9  8
8  11  8
9  12  8

$$$$
