
  ACD/Labs06251410112D

 12 13  0  0  0  0  0  0  0  0  1 V2000
    1.1531    0.0000    0.0000 F   0  0  0  0  0  0  0  0  0  0  0  0
    1.1531   -1.3292    0.0000 C   0  0  0  0  0  0  0  0  0  0  0  0
    0.0000   -1.9938    0.0000 C   0  0  0  0  0  0  0  0  0  0  0  0
    0.0000   -3.3231    0.0000 C   0  0  0  0  0  0  0  0  0  0  0  0
    1.1531   -3.9877    0.0000 C   0  0  0  0  0  0  0  0  0  0  0  0
    2.3063   -3.3231    0.0000 C   0  0  0  0  0  0  0  0  0  0  0  0
    3.5673   -3.7320    0.0000 C   0  0  0  0  0  0  0  0  0  0  0  0
    3.9820   -4.9988    0.0000 O   0  0  0  0  0  0  0  0  0  0  0  0
    4.3512   -2.6584    0.0000 C   0  0  0  0  0  0  0  0  0  0  0  0
    5.6804   -2.6584    0.0000 O   0  0  0  0  0  0  0  0  0  0  0  0
    3.5673   -1.5792    0.0000 N   0  0  0  0  0  0  0  0  0  0  0  0
    2.3063   -1.9938    0.0000 C   0  0  0  0  0  0  0  0  0  0  0  0
  1  2  1  0  0  0  0
  2  3  1  0  0  0  0
  2 12  2  0  0  0  0
  3  4  2  0  0  0  0
  4  5  1  0  0  0  0
  5  6  2  0  0  0  0
  6  7  1  0  0  0  0
  6 12  1  0  0  0  0
  7  8  2  0  0  0  0
  7  9  1  0  0  0  0
  9 10  2  0  0  0  0
  9 11  1  0  0  0  0
 11 12  1  0  0  0  0
M  END
