589098
  Marvin  12310715553D          

 22 23  0  0  0  0            999 V2000
   -1.6923    2.3599   -0.0675 O   0  0  0  0  0  0  0  0  0  0  0  0
   -2.3850    0.3581    0.1964 O   0  0  0  0  0  0  0  0  0  0  0  0
    2.1059    0.6655    0.1455 N   0  0  0  0  0  0  0  0  0  0  0  0
    0.3069   -0.6406    0.1484 C   0  0  0  0  0  0  0  0  0  0  0  0
    1.7070   -0.6128    0.1454 C   0  0  0  0  0  0  0  0  0  0  0  0
   -0.1493    0.6845    0.1397 C   0  0  0  0  0  0  0  0  0  0  0  0
    1.0204    1.4558    0.1442 C   0  0  0  0  0  0  0  0  0  0  0  0
   -0.3654   -1.8815    0.1418 C   0  0  0  0  0  0  0  0  0  0  0  0
    2.4674   -1.7963    0.1349 C   0  0  0  0  0  0  0  0  0  0  0  0
    0.3815   -3.0753    0.1316 C   0  0  0  0  0  0  0  0  0  0  0  0
    1.7904   -3.0325    0.1278 C   0  0  0  0  0  0  0  0  0  0  0  0
   -1.4550    1.1490    0.0969 C   0  0  0  0  0  0  0  0  0  0  0  0
   -2.8058    2.9843   -0.4775 C   0  0  0  0  0  0  0  0  0  0  0  0
    3.0277    0.9695    0.1418 H   0  0  0  0  0  0  0  0  0  0  0  0
    1.0654    2.4768    0.1406 H   0  0  0  0  0  0  0  0  0  0  0  0
   -1.3845   -1.9384    0.1411 H   0  0  0  0  0  0  0  0  0  0  0  0
    3.4889   -1.7613    0.1291 H   0  0  0  0  0  0  0  0  0  0  0  0
   -0.1044   -3.9752    0.1248 H   0  0  0  0  0  0  0  0  0  0  0  0
    2.3220   -3.9058    0.1184 H   0  0  0  0  0  0  0  0  0  0  0  0
   -2.6791    4.0601   -0.3544 H   0  0  0  0  0  0  0  0  0  0  0  0
   -2.9708    2.7776   -1.5357 H   0  0  0  0  0  0  0  0  0  0  0  0
   -3.6921    2.6784    0.0867 H   0  0  0  0  0  0  0  0  0  0  0  0
  1 12  1  0  0  0  0
  1 13  1  0  0  0  0
  2 12  2  0  0  0  0
  3  5  1  0  0  0  0
  3  7  1  0  0  0  0
  3 14  1  0  0  0  0
  4  5  1  0  0  0  0
  4  6  1  0  0  0  0
  4  8  2  0  0  0  0
  5  9  2  0  0  0  0
  6  7  2  0  0  0  0
  6 12  1  0  0  0  0
  7 15  1  0  0  0  0
  8 10  1  0  0  0  0
  8 16  1  0  0  0  0
  9 11  1  0  0  0  0
  9 17  1  0  0  0  0
 10 11  2  0  0  0  0
 10 18  1  0  0  0  0
 11 19  1  0  0  0  0
 13 20  1  0  0  0  0
 13 21  1  0  0  0  0
 13 22  1  0  0  0  0
M  END
> <PUBCHEM_BONDANNOTATIONS>
10  11  8
3  5  8
3  7  8
4  5  8
4  6  8
4  8  8
5  9  8
6  7  8
8  10  8
9  11  8

$$$$
