
  ACD/Labs04281710322D

 17 18  0  0  0  0  0  0  0  0  1 V2000
    4.5622   -1.4554    0.0000 S   0  0  0  0  0  0  0  0  0  0  0  0
    3.6436   -0.4542    0.0000 O   0  0  0  0  0  0  0  0  0  0  0  0
    5.5531   -0.4542    0.0000 O   0  0  0  0  0  0  0  0  0  0  0  0
    8.4742    0.0000    0.0000 O   0  0  0  0  0  0  0  0  0  0  0  0
    5.7596   -2.1160    0.0000 N   0  0  0  0  0  0  0  0  0  0  0  0
    7.1427   -0.1239    0.0000 N   0  0  0  0  0  0  0  0  0  0  0  0
    0.0000   -4.0978    0.0000 N   0  0  0  0  0  0  0  0  0  0  0  0
    3.4372   -2.1160    0.0000 C   0  0  0  0  0  0  0  0  0  0  0  0
    6.8846   -1.4554    0.0000 C   0  0  0  0  0  0  0  0  0  0  0  0
    2.3121   -1.4554    0.0000 C   0  0  0  0  0  0  0  0  0  0  0  0
    3.4372   -3.4372    0.0000 C   0  0  0  0  0  0  0  0  0  0  0  0
    8.0097   -2.1160    0.0000 C   0  0  0  0  0  0  0  0  0  0  0  0
    9.0006   -1.1870    0.0000 C   0  0  0  0  0  0  0  0  0  0  0  0
    1.1870   -3.4372    0.0000 C   0  0  0  0  0  0  0  0  0  0  0  0
    1.1870   -2.1160    0.0000 C   0  0  0  0  0  0  0  0  0  0  0  0
    2.3121   -4.0978    0.0000 C   0  0  0  0  0  0  0  0  0  0  0  0
   10.3218   -1.1870    0.0000 C   0  0  0  0  0  0  0  0  0  0  0  0
  1  2  2  0  0  0  0
  1  3  2  0  0  0  0
  1  5  1  0  0  0  0
  1  8  1  0  0  0  0
  4  6  1  0  0  0  0
  4 13  1  0  0  0  0
  5  9  1  0  0  0  0
  6  9  2  0  0  0  0
  7 14  1  0  0  0  0
  8 10  2  0  0  0  0
  8 11  1  0  0  0  0
  9 12  1  0  0  0  0
 10 15  1  0  0  0  0
 11 16  2  0  0  0  0
 12 13  2  0  0  0  0
 13 17  1  0  0  0  0
 14 15  2  0  0  0  0
 14 16  1  0  0  0  0
M  END
