
  ACD/Labs06251410132D

 11 11  0  0  0  0  0  0  0  0  1 V2000
    3.3222   -5.7577    0.0000 O   0  0  0  0  0  0  0  0  0  0  0  0
    3.9901   -4.6062    0.0000 B   0  0  0  0  0  0  0  0  0  0  0  0
    5.3201   -4.6062    0.0000 O   0  0  0  0  0  0  0  0  0  0  0  0
    3.3222   -3.4546    0.0000 C   0  0  0  0  0  0  0  0  0  0  0  0
    3.9901   -2.3031    0.0000 C   0  0  0  0  0  0  0  0  0  0  0  0
    3.3222   -1.1515    0.0000 C   0  0  0  0  0  0  0  0  0  0  0  0
    1.9922   -1.1515    0.0000 C   0  0  0  0  0  0  0  0  0  0  0  0
    1.3300    0.0000    0.0000 C   0  0  0  0  0  0  0  0  0  0  0  0
    0.0000    0.0000    0.0000 O   0  0  0  0  0  0  0  0  0  0  0  0
    1.3300   -2.3031    0.0000 C   0  0  0  0  0  0  0  0  0  0  0  0
    1.9922   -3.4546    0.0000 C   0  0  0  0  0  0  0  0  0  0  0  0
  1  2  1  0  0  0  0
  2  3  1  0  0  0  0
  2  4  1  0  0  0  0
  4  5  1  0  0  0  0
  4 11  2  0  0  0  0
  5  6  2  0  0  0  0
  6  7  1  0  0  0  0
  7  8  1  0  0  0  0
  7 10  2  0  0  0  0
  8  9  2  0  0  0  0
 10 11  1  0  0  0  0
M  END
