591073
  Marvin  12310715553D          

 18 18  0  0  0  0            999 V2000
   -1.8854   -2.5445    1.3257 O   0  0  0  0  0  0  0  0  0  0  0  0
   -1.8854   -2.5445   -1.3257 O   0  0  0  0  0  0  0  0  0  0  0  0
    1.4095    3.9371   -0.0000 O   0  0  0  0  0  0  0  0  0  0  0  0
   -0.3942   -0.7567    0.0000 C   0  0  0  0  0  0  0  0  0  0  0  0
    1.1362    1.6474   -0.0000 C   0  0  0  0  0  0  0  0  0  0  0  0
    1.0134   -0.8146   -0.0000 C   0  0  0  0  0  0  0  0  0  0  0  0
   -1.0361    0.4942    0.0000 C   0  0  0  0  0  0  0  0  0  0  0  0
    1.7662    0.3775   -0.0000 C   0  0  0  0  0  0  0  0  0  0  0  0
   -0.2798    1.6785   -0.0000 C   0  0  0  0  0  0  0  0  0  0  0  0
    1.8906    2.8130   -0.0000 C   0  0  0  0  0  0  0  0  0  0  0  0
   -1.3074   -2.0413   -0.0000 B   0  0  0  0  0  0  0  0  0  0  0  0
    1.4975   -1.7166    0.0000 H   0  0  0  0  0  0  0  0  0  0  0  0
   -2.0577    0.5548    0.0000 H   0  0  0  0  0  0  0  0  0  0  0  0
    2.7879    0.3006   -0.0000 H   0  0  0  0  0  0  0  0  0  0  0  0
   -0.7916    2.5643   -0.0000 H   0  0  0  0  0  0  0  0  0  0  0  0
    2.8823    2.7763    0.0000 H   0  0  0  0  0  0  0  0  0  0  0  0
   -2.3730   -3.3628    1.0961 H   0  0  0  0  0  0  0  0  0  0  0  0
   -2.3730   -3.3628   -1.0961 H   0  0  0  0  0  0  0  0  0  0  0  0
  1 11  1  0  0  0  0
  1 17  1  0  0  0  0
  2 11  1  0  0  0  0
  2 18  1  0  0  0  0
  3 10  2  0  0  0  0
  4  6  2  0  0  0  0
  4  7  1  0  0  0  0
  4 11  1  0  0  0  0
  5  8  2  0  0  0  0
  5  9  1  0  0  0  0
  5 10  1  0  0  0  0
  6  8  1  0  0  0  0
  6 12  1  0  0  0  0
  7  9  2  0  0  0  0
  7 13  1  0  0  0  0
  8 14  1  0  0  0  0
  9 15  1  0  0  0  0
 10 16  1  0  0  0  0
M  END
> <PUBCHEM_BONDANNOTATIONS>
4  6  8
4  7  8
5  8  8
5  9  8
6  8  8
7  9  8

$$$$
