5333
  Marvin  12300703363D          

 19 19  0  0  0  0            999 V2000
   -1.0318   -2.2525    0.1593 S   0  0  1  0  0  0  0  0  0  0  0  0
   -1.3970   -2.6759    1.6479 O   0  0  0  0  0  0  0  0  0  0  0  0
   -0.1292   -3.3982   -0.4754 O   0  0  0  0  0  0  0  0  0  0  0  0
   -2.4199   -2.1752   -0.7232 N   0  0  0  0  0  0  0  0  0  0  0  0
    1.7813    2.9161   -0.0104 N   0  0  0  0  0  0  0  0  0  0  0  0
   -0.1990   -0.7220    0.1710 C   0  0  0  0  0  0  0  0  0  0  0  0
    1.2107   -0.6755    0.1474 C   0  0  0  0  0  0  0  0  0  0  0  0
   -0.9237    0.4891    0.1943 C   0  0  0  0  0  0  0  0  0  0  0  0
    1.1560    1.7660    0.0789 C   0  0  0  0  0  0  0  0  0  0  0  0
    1.8851    0.5588    0.0931 C   0  0  0  0  0  0  0  0  0  0  0  0
   -0.2515    1.7251    0.1517 C   0  0  0  0  0  0  0  0  0  0  0  0
    1.7635   -1.5355    0.1629 H   0  0  0  0  0  0  0  0  0  0  0  0
   -1.9453    0.4865    0.2345 H   0  0  0  0  0  0  0  0  0  0  0  0
    2.9082    0.5675    0.0631 H   0  0  0  0  0  0  0  0  0  0  0  0
   -0.7976    2.5914    0.1619 H   0  0  0  0  0  0  0  0  0  0  0  0
   -2.4669   -1.6180   -1.4730 H   0  0  0  0  0  0  0  0  0  0  0  0
   -3.1541   -2.7048   -0.4895 H   0  0  0  0  0  0  0  0  0  0  0  0
    1.3109    3.7177    0.0912 H   0  0  0  0  0  0  0  0  0  0  0  0
    2.7001    2.9396   -0.1858 H   0  0  0  0  0  0  0  0  0  0  0  0
  1  2  2  0  0  0  0
  1  3  2  0  0  0  0
  1  4  1  0  0  0  0
  1  6  1  0  0  0  0
  4 16  1  0  0  0  0
  4 17  1  0  0  0  0
  5  9  1  0  0  0  0
  5 18  1  0  0  0  0
  5 19  1  0  0  0  0
  6  7  2  0  0  0  0
  6  8  1  0  0  0  0
  7 10  1  0  0  0  0
  7 12  1  0  0  0  0
  8 11  2  0  0  0  0
  8 13  1  0  0  0  0
  9 10  2  0  0  0  0
  9 11  1  0  0  0  0
 10 14  1  0  0  0  0
 11 15  1  0  0  0  0
M  END
> <PUBCHEM_BONDANNOTATIONS>
6  7  8
6  8  8
7  10  8
8  11  8
9  10  8
9  11  8

$$$$
