
  ACD/Labs03221913572D

 11 11  0  0  0  0  0  0  0  0  1 V2000
    4.7651   -1.9948    0.0000 C   0  0  0  0  0  0  0  0  0  0  0  0
    3.6167   -1.3259    0.0000 C   0  0  0  0  0  0  0  0  0  0  0  0
    2.4625   -1.9948    0.0000 C   0  0  0  0  0  0  0  0  0  0  0  0
    2.4625   -3.3208    0.0000 C   0  0  0  0  0  0  0  0  0  0  0  0
    3.6167   -3.9897    0.0000 C   0  0  0  0  0  0  0  0  0  0  0  0
    4.7651   -3.3267    0.0000 C   0  0  0  0  0  0  0  0  0  0  0  0
    5.9194   -3.9897    0.0000 N   0  0  0  0  0  0  0  0  0  0  0  0
    1.3082   -1.3259    0.0000 S   0  0  0  0  0  0  0  0  0  0  0  0
    1.3082    0.0000    0.0000 N   0  0  0  0  0  0  0  0  0  0  0  0
    0.0000   -1.0951    0.0000 O   0  0  0  0  0  0  0  0  0  0  0  0
    0.8524   -2.5749    0.0000 O   0  0  0  0  0  0  0  0  0  0  0  0
  1  2  2  0  0  0  0
  1  6  1  0  0  0  0
  2  3  1  0  0  0  0
  3  4  2  0  0  0  0
  3  8  1  0  0  0  0
  4  5  1  0  0  0  0
  5  6  2  0  0  0  0
  6  7  1  0  0  0  0
  8  9  1  0  0  0  0
  8 10  2  0  0  0  0
  8 11  2  0  0  0  0
M  END
