5336
  Marvin  12300703363D          

 28 29  0  0  0  0            999 V2000
    1.7880   -1.8601   -0.0371 S   0  0  2  0  0  0  0  0  0  0  0  0
    1.9821   -3.2963    0.6187 O   0  0  0  0  0  0  0  0  0  0  0  0
    2.8174   -1.7858   -1.2474 O   0  0  0  0  0  0  0  0  0  0  0  0
    2.3171   -0.6771    1.0054 N   0  0  0  0  0  0  0  0  0  0  0  0
    0.3917    0.6133    1.3602 N   0  0  0  0  0  0  0  0  0  0  0  0
   -3.6092   -0.2965   -1.6987 N   0  0  0  0  0  0  0  0  0  0  0  0
    0.1547   -1.6299   -0.6109 C   0  0  0  0  0  0  0  0  0  0  0  0
   -0.1119   -1.2675   -1.9488 C   0  0  0  0  0  0  0  0  0  0  0  0
   -0.9179   -1.7014    0.3036 C   0  0  0  0  0  0  0  0  0  0  0  0
    1.7364    0.4957    1.2054 C   0  0  0  0  0  0  0  0  0  0  0  0
   -2.4385   -0.7960   -1.3768 C   0  0  0  0  0  0  0  0  0  0  0  0
   -1.4024   -0.8562   -2.3310 C   0  0  0  0  0  0  0  0  0  0  0  0
   -2.1999   -1.2544   -0.0657 C   0  0  0  0  0  0  0  0  0  0  0  0
    2.4991    1.6816    1.2324 C   0  0  0  0  0  0  0  0  0  0  0  0
    1.8409    2.9240    1.3378 C   0  0  0  0  0  0  0  0  0  0  0  0
    0.4390    2.9814    1.4544 C   0  0  0  0  0  0  0  0  0  0  0  0
   -0.2842    1.7791    1.4865 C   0  0  0  0  0  0  0  0  0  0  0  0
    3.1489   -0.8180    1.4103 H   0  0  0  0  0  0  0  0  0  0  0  0
    0.6296   -1.2704   -2.6522 H   0  0  0  0  0  0  0  0  0  0  0  0
   -0.7628   -2.0161    1.2647 H   0  0  0  0  0  0  0  0  0  0  0  0
   -1.5712   -0.5794   -3.3018 H   0  0  0  0  0  0  0  0  0  0  0  0
   -2.9442   -1.2427    0.6364 H   0  0  0  0  0  0  0  0  0  0  0  0
    3.5182    1.6536    1.1495 H   0  0  0  0  0  0  0  0  0  0  0  0
    2.3808    3.7912    1.3218 H   0  0  0  0  0  0  0  0  0  0  0  0
   -4.2860   -0.2326   -1.0562 H   0  0  0  0  0  0  0  0  0  0  0  0
   -3.7655    0.0167   -2.5659 H   0  0  0  0  0  0  0  0  0  0  0  0
   -0.0495    3.8771    1.5152 H   0  0  0  0  0  0  0  0  0  0  0  0
   -1.3007    1.7665    1.5901 H   0  0  0  0  0  0  0  0  0  0  0  0
  1  2  2  0  0  0  0
  1  3  2  0  0  0  0
  1  4  1  0  0  0  0
  1  7  1  0  0  0  0
  4 10  1  0  0  0  0
  4 18  1  0  0  0  0
  5 10  1  0  0  0  0
  5 17  2  0  0  0  0
  6 11  1  0  0  0  0
  6 25  1  0  0  0  0
  6 26  1  0  0  0  0
  7  8  2  0  0  0  0
  7  9  1  0  0  0  0
  8 12  1  0  0  0  0
  8 19  1  0  0  0  0
  9 13  2  0  0  0  0
  9 20  1  0  0  0  0
 10 14  2  0  0  0  0
 11 12  2  0  0  0  0
 11 13  1  0  0  0  0
 12 21  1  0  0  0  0
 13 22  1  0  0  0  0
 14 15  1  0  0  0  0
 14 23  1  0  0  0  0
 15 16  2  0  0  0  0
 15 24  1  0  0  0  0
 16 17  1  0  0  0  0
 16 27  1  0  0  0  0
 17 28  1  0  0  0  0
M  END
> <PUBCHEM_BONDANNOTATIONS>
10  14  8
11  12  8
11  13  8
14  15  8
15  16  8
16  17  8
5  10  8
5  17  8
7  8  8
7  9  8
8  12  8
9  13  8

$$$$
