5340
  Marvin  12300703363D          

 25 26  0  0  0  0            999 V2000
    1.7449   -1.6404    0.8507 S   0  0  2  0  0  0  0  0  0  0  0  0
   -1.6603   -0.8193    2.9903 S   0  0  0  0  0  0  0  0  0  0  0  0
    2.0855   -3.1462    0.4694 O   0  0  0  0  0  0  0  0  0  0  0  0
    3.0888   -0.8975    1.2649 O   0  0  0  0  0  0  0  0  0  0  0  0
    0.7299   -1.6249    2.1624 N   0  0  0  0  0  0  0  0  0  0  0  0
   -1.0573    1.4796   -3.2741 N   0  0  0  0  0  0  0  0  0  0  0  0
    0.3176    0.6944    2.2332 N   0  0  0  0  0  0  0  0  0  0  0  0
    0.9557   -0.8373   -0.4870 C   0  0  0  0  0  0  0  0  0  0  0  0
    1.6719    0.0133   -1.3548 C   0  0  0  0  0  0  0  0  0  0  0  0
   -0.4397   -0.9697   -0.6640 C   0  0  0  0  0  0  0  0  0  0  0  0
   -0.4105    0.7118   -2.4280 C   0  0  0  0  0  0  0  0  0  0  0  0
    0.9938    0.7817   -2.3210 C   0  0  0  0  0  0  0  0  0  0  0  0
   -1.1238   -0.1843   -1.6080 C   0  0  0  0  0  0  0  0  0  0  0  0
   -0.0309   -0.5870    2.4484 C   0  0  0  0  0  0  0  0  0  0  0  0
   -1.8818    0.8763    2.7265 C   0  0  0  0  0  0  0  0  0  0  0  0
   -0.7077    1.5369    2.3930 C   0  0  0  0  0  0  0  0  0  0  0  0
    2.6880    0.0977   -1.2801 H   0  0  0  0  0  0  0  0  0  0  0  0
   -0.9837   -1.6152   -0.0869 H   0  0  0  0  0  0  0  0  0  0  0  0
    0.6298   -2.4120    2.6578 H   0  0  0  0  0  0  0  0  0  0  0  0
    1.5310    1.4025   -2.9316 H   0  0  0  0  0  0  0  0  0  0  0  0
   -2.1418   -0.2653   -1.6800 H   0  0  0  0  0  0  0  0  0  0  0  0
   -1.9921    1.4569   -3.3087 H   0  0  0  0  0  0  0  0  0  0  0  0
   -0.5890    2.0606   -3.8374 H   0  0  0  0  0  0  0  0  0  0  0  0
   -2.7858    1.3420    2.8127 H   0  0  0  0  0  0  0  0  0  0  0  0
   -0.6325    2.5452    2.2521 H   0  0  0  0  0  0  0  0  0  0  0  0
  1  3  2  0  0  0  0
  1  4  2  0  0  0  0
  1  5  1  0  0  0  0
  1  8  1  0  0  0  0
  2 14  1  0  0  0  0
  2 15  1  0  0  0  0
  5 14  1  0  0  0  0
  5 19  1  0  0  0  0
  6 11  1  0  0  0  0
  6 22  1  0  0  0  0
  6 23  1  0  0  0  0
  7 14  2  0  0  0  0
  7 16  1  0  0  0  0
  8  9  2  0  0  0  0
  8 10  1  0  0  0  0
  9 12  1  0  0  0  0
  9 17  1  0  0  0  0
 10 13  2  0  0  0  0
 10 18  1  0  0  0  0
 11 12  2  0  0  0  0
 11 13  1  0  0  0  0
 12 20  1  0  0  0  0
 13 21  1  0  0  0  0
 15 16  2  0  0  0  0
 15 24  1  0  0  0  0
 16 25  1  0  0  0  0
M  END
> <PUBCHEM_BONDANNOTATIONS>
10  13  8
11  12  8
11  13  8
15  16  8
2  14  8
2  15  8
7  14  8
7  16  8
8  10  8
8  9  8
9  12  8

$$$$
