5381
  Marvin  12300703363D          

 46 48  0  0  0  0            999 V2000
    1.8369    6.0963    0.7086 S   0  0  0  0  0  0  0  0  0  0  0  0
   -3.1285   -5.9360   -1.3544 O   0  0  0  0  0  0  0  0  0  0  0  0
   -5.0046   -5.0905   -0.7489 O   0  0  0  0  0  0  0  0  0  0  0  0
   -1.2808   -2.4085   -0.0781 N   0  0  0  0  0  0  0  0  0  0  0  0
    3.3017    3.3048    1.0281 C   0  0  1  0  0  0  0  0  0  0  0  0
    3.7780    4.4657    1.9862 C   0  0  0  0  0  0  0  0  0  0  0  0
    1.8054    3.3149    0.7918 C   0  0  0  0  0  0  0  0  0  0  0  0
    3.9461    3.4534   -0.3924 C   0  0  0  0  0  0  0  0  0  0  0  0
    3.8735    1.9743    1.6418 C   0  0  0  0  0  0  0  0  0  0  0  0
    2.9504    5.7731    2.0870 C   0  0  0  0  0  0  0  0  0  0  0  0
    1.0767    4.5300    0.6426 C   0  0  0  0  0  0  0  0  0  0  0  0
    1.0740    2.1132    0.6058 C   0  0  0  0  0  0  0  0  0  0  0  0
   -0.3090    4.5283    0.3718 C   0  0  0  0  0  0  0  0  0  0  0  0
   -0.3008    2.0997    0.3006 C   0  0  0  0  0  0  0  0  0  0  0  0
   -0.9979    3.3171    0.1967 C   0  0  0  0  0  0  0  0  0  0  0  0
   -0.8893    0.9578    0.1009 C   0  0  0  0  0  0  0  0  0  0  0  0
   -1.3824   -0.1109   -0.0877 C   0  0  0  0  0  0  0  0  0  0  0  0
   -1.9556   -1.2509   -0.2962 C   0  0  0  0  0  0  0  0  0  0  0  0
   -3.2877   -1.2940   -0.7431 C   0  0  0  0  0  0  0  0  0  0  0  0
   -3.1812   -3.7550   -0.6980 C   0  0  0  0  0  0  0  0  0  0  0  0
   -3.8868   -2.5488   -0.9305 C   0  0  0  0  0  0  0  0  0  0  0  0
   -1.8373   -3.6330   -0.2660 C   0  0  0  0  0  0  0  0  0  0  0  0
   -3.7952   -4.9778   -0.9251 C   0  0  0  0  0  0  0  0  0  0  0  0
   -3.5160   -7.0332   -2.0214 C   0  0  0  0  0  0  0  0  0  0  0  0
   -2.3361   -7.9943   -2.2436 C   0  0  0  0  0  0  0  0  0  0  0  0
    3.8484    4.1124    3.0209 H   0  0  0  0  0  0  0  0  0  0  0  0
    4.8084    4.7357    1.7334 H   0  0  0  0  0  0  0  0  0  0  0  0
    3.7174    4.4156   -0.8536 H   0  0  0  0  0  0  0  0  0  0  0  0
    3.5996    2.6752   -1.0786 H   0  0  0  0  0  0  0  0  0  0  0  0
    5.0349    3.3764   -0.3527 H   0  0  0  0  0  0  0  0  0  0  0  0
    3.3549    1.7227    2.5705 H   0  0  0  0  0  0  0  0  0  0  0  0
    4.9390    2.0545    1.8738 H   0  0  0  0  0  0  0  0  0  0  0  0
    3.7863    1.1153    0.9735 H   0  0  0  0  0  0  0  0  0  0  0  0
    3.6151    6.6358    2.1720 H   0  0  0  0  0  0  0  0  0  0  0  0
    2.3313    5.7641    2.9880 H   0  0  0  0  0  0  0  0  0  0  0  0
    1.5503    1.2114    0.6670 H   0  0  0  0  0  0  0  0  0  0  0  0
   -0.8367    5.4012    0.2826 H   0  0  0  0  0  0  0  0  0  0  0  0
   -2.0004    3.3420   -0.0174 H   0  0  0  0  0  0  0  0  0  0  0  0
   -3.8268   -0.4436   -0.9343 H   0  0  0  0  0  0  0  0  0  0  0  0
   -4.8560   -2.5583   -1.2585 H   0  0  0  0  0  0  0  0  0  0  0  0
   -1.2564   -4.4536   -0.0781 H   0  0  0  0  0  0  0  0  0  0  0  0
   -3.9060   -6.7279   -2.9975 H   0  0  0  0  0  0  0  0  0  0  0  0
   -4.3067   -7.5688   -1.4881 H   0  0  0  0  0  0  0  0  0  0  0  0
   -2.6612   -8.8415   -2.8509 H   0  0  0  0  0  0  0  0  0  0  0  0
   -1.5174   -7.4911   -2.7612 H   0  0  0  0  0  0  0  0  0  0  0  0
   -1.9717   -8.3732   -1.2872 H   0  0  0  0  0  0  0  0  0  0  0  0
  1 10  1  0  0  0  0
  1 11  1  0  0  0  0
  2 23  1  0  0  0  0
  2 24  1  0  0  0  0
  3 23  2  0  0  0  0
  4 18  2  0  0  0  0
  4 22  1  0  0  0  0
  5  6  1  0  0  0  0
  5  7  1  0  0  0  0
  5  8  1  0  0  0  0
  5  9  1  0  0  0  0
  6 10  1  0  0  0  0
  6 26  1  0  0  0  0
  6 27  1  0  0  0  0
  7 11  2  0  0  0  0
  7 12  1  0  0  0  0
  8 28  1  0  0  0  0
  8 29  1  0  0  0  0
  8 30  1  0  0  0  0
  9 31  1  0  0  0  0
  9 32  1  0  0  0  0
  9 33  1  0  0  0  0
 10 34  1  0  0  0  0
 10 35  1  0  0  0  0
 11 13  1  0  0  0  0
 12 14  2  0  0  0  0
 12 36  1  0  0  0  0
 13 15  2  0  0  0  0
 13 37  1  0  0  0  0
 14 15  1  0  0  0  0
 14 16  1  0  0  0  0
 15 38  1  0  0  0  0
 16 17  3  0  0  0  0
 17 18  1  0  0  0  0
 18 19  1  0  0  0  0
 19 21  2  0  0  0  0
 19 39  1  0  0  0  0
 20 21  1  0  0  0  0
 20 22  2  0  0  0  0
 20 23  1  0  0  0  0
 21 40  1  0  0  0  0
 22 41  1  0  0  0  0
 24 25  1  0  0  0  0
 24 42  1  0  0  0  0
 24 43  1  0  0  0  0
 25 44  1  0  0  0  0
 25 45  1  0  0  0  0
 25 46  1  0  0  0  0
M  END
> <PUBCHEM_BONDANNOTATIONS>
11  13  8
12  14  8
13  15  8
14  15  8
18  19  8
19  21  8
20  21  8
20  22  8
4  18  8
4  22  8
7  11  8
7  12  8

$$$$
