5443
  Marvin  12300703363D          

 16 16  0  0  0  0            999 V2000
    1.9004   -2.0267   -0.0064 S   0  0  0  0  0  0  0  0  0  0  0  0
   -2.3864   -1.8133    0.4628 O   0  0  0  0  0  0  0  0  0  0  0  0
   -0.9422   -2.7725   -0.6233 O   0  0  0  0  0  0  0  0  0  0  0  0
   -0.4995   -0.5824   -0.0611 C   0  0  0  0  0  0  0  0  0  0  0  0
    0.9272   -0.5766   -0.0568 C   0  0  0  0  0  0  0  0  0  0  0  0
   -1.1650    0.6716   -0.0599 C   0  0  0  0  0  0  0  0  0  0  0  0
    1.6318    0.6496   -0.0616 C   0  0  0  0  0  0  0  0  0  0  0  0
   -0.4588    1.8860   -0.0582 C   0  0  0  0  0  0  0  0  0  0  0  0
    0.9433    1.8743   -0.0614 C   0  0  0  0  0  0  0  0  0  0  0  0
   -1.2825   -1.7379   -0.0700 C   0  0  0  0  0  0  0  0  0  0  0  0
   -2.1871    0.7345   -0.0700 H   0  0  0  0  0  0  0  0  0  0  0  0
    2.6548    0.6784   -0.0593 H   0  0  0  0  0  0  0  0  0  0  0  0
   -0.9647    2.7750   -0.0567 H   0  0  0  0  0  0  0  0  0  0  0  0
    1.4582    2.7582   -0.0614 H   0  0  0  0  0  0  0  0  0  0  0  0
    3.0968   -1.3836   -0.0656 H   0  0  0  0  0  0  0  0  0  0  0  0
   -2.7263   -1.1346    0.9089 H   0  0  0  0  0  0  0  0  0  0  0  0
  1  5  1  0  0  0  0
  1 15  1  0  0  0  0
  2 10  1  0  0  0  0
  2 16  1  0  0  0  0
  3 10  2  0  0  0  0
  4  5  1  0  0  0  0
  4  6  2  0  0  0  0
  4 10  1  0  0  0  0
  5  7  2  0  0  0  0
  6  8  1  0  0  0  0
  6 11  1  0  0  0  0
  7  9  1  0  0  0  0
  7 12  1  0  0  0  0
  8  9  2  0  0  0  0
  8 13  1  0  0  0  0
  9 14  1  0  0  0  0
M  END
> <PUBCHEM_BONDANNOTATIONS>
4  5  8
4  6  8
5  7  8
6  8  8
7  9  8
8  9  8

$$$$
