
  ACD/Labs04281710402D

 18 18  0  0  0  0  0  0  0  0  1 V2000
    5.3214   -6.9110    0.0000 O   0  0  0  0  0  0  0  0  0  0  0  0
    4.6580   -5.7568    0.0000 C   0  0  0  0  0  0  0  0  0  0  0  0
    3.3242   -5.7568    0.0000 N   0  0  0  0  0  0  0  0  0  0  0  0
    2.6607   -4.6096    0.0000 S   0  0  0  0  0  0  0  0  0  0  0  0
    1.5066   -5.2731    0.0000 O   0  0  0  0  0  0  0  0  0  0  0  0
    1.9973   -3.4555    0.0000 C   0  0  0  0  0  0  0  0  0  0  0  0
    2.6607   -2.3013    0.0000 C   0  0  0  0  0  0  0  0  0  0  0  0
    1.9973   -1.1541    0.0000 C   0  0  0  0  0  0  0  0  0  0  0  0
    0.6635   -1.1541    0.0000 C   0  0  0  0  0  0  0  0  0  0  0  0
    0.0000    0.0000    0.0000 C   0  0  0  0  0  0  0  0  0  0  0  0
    0.0000   -2.3013    0.0000 C   0  0  0  0  0  0  0  0  0  0  0  0
    0.6635   -3.4555    0.0000 C   0  0  0  0  0  0  0  0  0  0  0  0
    3.8148   -3.9462    0.0000 O   0  0  0  0  0  0  0  0  0  0  0  0
    5.3214   -4.6096    0.0000 N   0  0  0  0  0  0  0  0  0  0  0  0
    4.6580   -3.4555    0.0000 C   0  0  0  0  0  0  0  0  0  0  0  0
    5.3214   -2.3013    0.0000 C   0  0  0  0  0  0  0  0  0  0  0  0
    4.6580   -1.1541    0.0000 C   0  0  0  0  0  0  0  0  0  0  0  0
    5.3214    0.0000    0.0000 C   0  0  0  0  0  0  0  0  0  0  0  0
  1  2  2  0  0  0  0
  2  3  1  0  0  0  0
  2 14  1  0  0  0  0
  3  4  1  0  0  0  0
  4  5  2  0  0  0  0
  4  6  1  0  0  0  0
  4 13  2  0  0  0  0
  6  7  2  0  0  0  0
  6 12  1  0  0  0  0
  7  8  1  0  0  0  0
  8  9  2  0  0  0  0
  9 10  1  0  0  0  0
  9 11  1  0  0  0  0
 11 12  2  0  0  0  0
 14 15  1  0  0  0  0
 15 16  1  0  0  0  0
 16 17  1  0  0  0  0
 17 18  1  0  0  0  0
M  END
