547
  Marvin  12300703363D          

 20 20  0  0  0  0            999 V2000
    3.0297    0.8538   -0.2620 O   0  0  0  0  0  0  0  0  0  0  0  0
    1.6775    3.1978   -0.2540 O   0  0  0  0  0  0  0  0  0  0  0  0
   -1.9514   -3.1479    1.3321 O   0  0  0  0  0  0  0  0  0  0  0  0
   -1.0006   -1.4984    2.1422 O   0  0  0  0  0  0  0  0  0  0  0  0
   -0.3520   -0.3560   -0.2890 C   0  0  0  0  0  0  0  0  0  0  0  0
   -1.0929   -1.6433   -0.2176 C   0  0  0  0  0  0  0  0  0  0  0  0
    1.0605   -0.3389   -0.2895 C   0  0  0  0  0  0  0  0  0  0  0  0
   -1.0438    0.8766   -0.2899 C   0  0  0  0  0  0  0  0  0  0  0  0
    1.7727    0.8776   -0.2773 C   0  0  0  0  0  0  0  0  0  0  0  0
   -0.3428    2.0940   -0.2790 C   0  0  0  0  0  0  0  0  0  0  0  0
    1.0669    2.0999   -0.2712 C   0  0  0  0  0  0  0  0  0  0  0  0
   -1.3507   -2.1006    1.1363 C   0  0  0  0  0  0  0  0  0  0  0  0
   -0.5382   -2.4218   -0.7492 H   0  0  0  0  0  0  0  0  0  0  0  0
   -2.0463   -1.5546   -0.7461 H   0  0  0  0  0  0  0  0  0  0  0  0
    1.5816   -1.2208   -0.2851 H   0  0  0  0  0  0  0  0  0  0  0  0
   -2.0674    0.8997   -0.2848 H   0  0  0  0  0  0  0  0  0  0  0  0
   -0.8662    2.9733   -0.2697 H   0  0  0  0  0  0  0  0  0  0  0  0
    3.4639    0.0870   -0.2555 H   0  0  0  0  0  0  0  0  0  0  0  0
    1.2333    3.9584   -0.2472 H   0  0  0  0  0  0  0  0  0  0  0  0
   -2.2337   -3.6356    0.6567 H   0  0  0  0  0  0  0  0  0  0  0  0
  1  9  1  0  0  0  0
  1 18  1  0  0  0  0
  2 11  1  0  0  0  0
  2 19  1  0  0  0  0
  3 12  1  0  0  0  0
  3 20  1  0  0  0  0
  4 12  2  0  0  0  0
  5  6  1  0  0  0  0
  5  7  2  0  0  0  0
  5  8  1  0  0  0  0
  6 12  1  0  0  0  0
  6 13  1  0  0  0  0
  6 14  1  0  0  0  0
  7  9  1  0  0  0  0
  7 15  1  0  0  0  0
  8 10  2  0  0  0  0
  8 16  1  0  0  0  0
  9 11  2  0  0  0  0
 10 11  1  0  0  0  0
 10 17  1  0  0  0  0
M  END
> <PUBCHEM_BONDANNOTATIONS>
10  11  8
5  7  8
5  8  8
7  9  8
8  10  8
9  11  8

$$$$
