
  ACD/Labs04281713412D

 10 10  0  0  0  0  0  0  0  0  1 V2000
    5.9849   -4.6084    0.0000 O   0  0  0  0  0  0  0  0  0  0  0  0
    4.6563   -4.6084    0.0000 C   0  0  0  0  0  0  0  0  0  0  0  0
    3.9919   -3.4593    0.0000 C   0  0  0  0  0  0  0  0  0  0  0  0
    2.6573   -3.4593    0.0000 C   0  0  0  0  0  0  0  0  0  0  0  0
    1.9930   -2.3042    0.0000 C   0  0  0  0  0  0  0  0  0  0  0  0
    2.6573   -1.1551    0.0000 C   0  0  0  0  0  0  0  0  0  0  0  0
    1.9930    0.0000    0.0000 C   0  0  0  0  0  0  0  0  0  0  0  0
    0.6643    0.0000    0.0000 C   0  0  0  0  0  0  0  0  0  0  0  0
    0.0000   -1.1551    0.0000 C   0  0  0  0  0  0  0  0  0  0  0  0
    0.6643   -2.3042    0.0000 C   0  0  0  0  0  0  0  0  0  0  0  0
  1  2  2  0  0  0  0
  2  3  1  0  0  0  0
  3  4  2  0  0  0  0
  4  5  1  0  0  0  0
  5  6  1  0  0  0  0
  5 10  2  0  0  0  0
  6  7  2  0  0  0  0
  7  8  1  0  0  0  0
  8  9  2  0  0  0  0
  9 10  1  0  0  0  0
M  END
