637511
  Marvin  12310717063D          

 18 18  0  0  0  0            999 V2000
   -0.6548   -4.3757    0.9537 O   0  0  0  0  0  0  0  0  0  0  0  0
   -0.2067    0.1537   -0.1686 C   0  0  0  0  0  0  0  0  0  0  0  0
    1.2105    0.2186   -0.1938 C   0  0  0  0  0  0  0  0  0  0  0  0
   -0.9140    1.3832   -0.1804 C   0  0  0  0  0  0  0  0  0  0  0  0
    1.8936    1.4478   -0.1842 C   0  0  0  0  0  0  0  0  0  0  0  0
   -0.2375    2.6187   -0.1758 C   0  0  0  0  0  0  0  0  0  0  0  0
   -0.9025   -1.0568   -0.1380 C   0  0  0  0  0  0  0  0  0  0  0  0
    1.1679    2.6502   -0.1702 C   0  0  0  0  0  0  0  0  0  0  0  0
   -0.4694   -2.2005    0.4272 C   0  0  0  0  0  0  0  0  0  0  0  0
   -1.1303   -3.3789    0.4285 C   0  0  0  0  0  0  0  0  0  0  0  0
    1.7794   -0.6306   -0.2278 H   0  0  0  0  0  0  0  0  0  0  0  0
   -1.9379    1.4023   -0.1798 H   0  0  0  0  0  0  0  0  0  0  0  0
   -1.8035   -1.0658   -0.5640 H   0  0  0  0  0  0  0  0  0  0  0  0
    2.9161    1.4657   -0.1883 H   0  0  0  0  0  0  0  0  0  0  0  0
   -0.7641    3.4954   -0.1725 H   0  0  0  0  0  0  0  0  0  0  0  0
    1.6632    3.5446   -0.1584 H   0  0  0  0  0  0  0  0  0  0  0  0
    0.4084   -2.1914    0.8945 H   0  0  0  0  0  0  0  0  0  0  0  0
   -2.0185   -3.4807   -0.0020 H   0  0  0  0  0  0  0  0  0  0  0  0
  1 10  2  0  0  0  0
  2  3  2  0  0  0  0
  2  4  1  0  0  0  0
  2  7  1  0  0  0  0
  3  5  1  0  0  0  0
  3 11  1  0  0  0  0
  4  6  2  0  0  0  0
  4 12  1  0  0  0  0
  5  8  2  0  0  0  0
  5 14  1  0  0  0  0
  6  8  1  0  0  0  0
  6 15  1  0  0  0  0
  7  9  2  0  0  0  0
  7 13  1  0  0  0  0
  8 16  1  0  0  0  0
  9 10  1  0  0  0  0
  9 17  1  0  0  0  0
 10 18  1  0  0  0  0
M  END
> <PUBCHEM_BONDANNOTATIONS>
2  3  8
2  4  8
3  5  8
4  6  8
5  8  8
6  8  8

$$$$
