
  ACD/Labs06251410132D

 16 15  0  0  1  0  0  0  0  0  1 V2000
    0.0000   -6.9071    0.0000 O   0  0  0  0  0  0  0  0  0  0  0  0
    1.3262   -6.9071    0.0000 C   0  0  0  0  0  0  0  0  0  0  0  0
    1.9962   -5.7537    0.0000 C   0  0  0  0  0  0  0  0  0  0  0  0
    3.1428   -6.4236    0.0000 H   0  0  0  0  0  0  0  0  0  0  0  0
    2.6593   -4.6071    0.0000 C   0  0  0  0  0  0  0  0  0  0  0  0
    3.8127   -5.2702    0.0000 H   0  0  0  0  0  0  0  0  0  0  0  0
    3.3223   -3.4536    0.0000 C   0  0  0  0  0  0  0  0  0  0  0  0
    4.4758   -4.1167    0.0000 H   0  0  0  0  0  0  0  0  0  0  0  0
    3.9854   -2.3001    0.0000 C   0  0  0  0  0  0  0  0  0  0  0  0
    5.1389   -2.9701    0.0000 H   0  0  0  0  0  0  0  0  0  0  0  0
    4.6554   -1.1535    0.0000 C   0  0  0  0  0  0  0  0  0  0  0  0
    3.9854    0.0000    0.0000 O   0  0  0  0  0  0  0  0  0  0  0  0
    2.8388   -1.6370    0.0000 O   0  0  0  0  0  0  0  0  0  0  0  0
    2.1688   -2.7905    0.0000 O   0  0  0  0  0  0  0  0  0  0  0  0
    1.5058   -3.9371    0.0000 O   0  0  0  0  0  0  0  0  0  0  0  0
    0.8427   -5.0906    0.0000 O   0  0  0  0  0  0  0  0  0  0  0  0
  1  2  1  0  0  0  0
  2  3  1  0  0  0  0
  3  4  1  6  0  0  0
  3  5  1  0  0  0  0
  3 16  1  0  0  0  0
  5  6  1  6  0  0  0
  5  7  1  0  0  0  0
  5 15  1  0  0  0  0
  7  8  1  1  0  0  0
  7  9  1  0  0  0  0
  7 14  1  0  0  0  0
  9 10  1  6  0  0  0
  9 11  1  0  0  0  0
  9 13  1  0  0  0  0
 11 12  1  0  0  0  0
M  END
