
  ACD/Labs03221914022D

 11 11  0  0  0  0  0  0  0  0  1 V2000
    0.0000   -1.9972    0.0000 C   0  0  0  0  0  0  0  0  0  0  0  0
    1.1541   -2.6606    0.0000 O   0  0  0  0  0  0  0  0  0  0  0  0
    2.3012   -1.9972    0.0000 C   0  0  0  0  0  0  0  0  0  0  0  0
    3.4553   -2.6606    0.0000 C   0  0  0  0  0  0  0  0  0  0  0  0
    4.6094   -1.9972    0.0000 C   0  0  0  0  0  0  0  0  0  0  0  0
    4.6094   -0.6634    0.0000 C   0  0  0  0  0  0  0  0  0  0  0  0
    3.4553    0.0000    0.0000 C   0  0  0  0  0  0  0  0  0  0  0  0
    2.3012   -0.6634    0.0000 C   0  0  0  0  0  0  0  0  0  0  0  0
    1.1541    0.0000    0.0000 O   0  0  0  0  0  0  0  0  0  0  0  0
    5.7565   -2.6606    0.0000 C   0  0  0  0  0  0  0  0  0  0  0  0
    6.9106   -1.9972    0.0000 O   0  0  0  0  0  0  0  0  0  0  0  0
  1  2  1  0  0  0  0
  2  3  1  0  0  0  0
  3  4  2  0  0  0  0
  3  8  1  0  0  0  0
  4  5  1  0  0  0  0
  5  6  2  0  0  0  0
  5 10  1  0  0  0  0
  6  7  1  0  0  0  0
  7  8  2  0  0  0  0
  8  9  1  0  0  0  0
 10 11  1  0  0  0  0
M  END
