5862
  Marvin  12300703363D          

 14 13  0  0  1  0            999 V2000
    0.0594    1.9676    1.8225 S   0  0  0  0  0  0  0  0  0  0  0  0
   -0.2346   -2.2289   -1.1360 O   0  0  0  0  0  0  0  0  0  0  0  0
   -1.2291   -0.5534   -1.8332 O   0  0  0  0  0  0  0  0  0  0  0  0
    1.4266   -0.3496    0.2228 N   0  0  0  0  0  0  0  0  0  0  0  0
   -0.0452   -0.3150    0.1940 C   0  0  1  0  0  0  0  0  0  0  0  0
   -0.5239    1.1577    0.3144 C   0  0  0  0  0  0  0  0  0  0  0  0
   -0.5218   -1.0482   -0.9690 C   0  0  0  0  0  0  0  0  0  0  0  0
   -0.4000   -0.8516    1.0784 H   0  0  0  0  0  0  0  0  0  0  0  0
   -1.6157    1.1969    0.3262 H   0  0  0  0  0  0  0  0  0  0  0  0
   -0.1767    1.7388   -0.5433 H   0  0  0  0  0  0  0  0  0  0  0  0
    1.7258   -1.3265    0.1940 H   0  0  0  0  0  0  0  0  0  0  0  0
    1.7661    0.1023   -0.6289 H   0  0  0  0  0  0  0  0  0  0  0  0
   -0.5052    3.1662    1.5168 H   0  0  0  0  0  0  0  0  0  0  0  0
    0.2742   -2.6563   -0.5587 H   0  0  0  0  0  0  0  0  0  0  0  0
  1  6  1  0  0  0  0
  1 13  1  0  0  0  0
  2  7  1  0  0  0  0
  2 14  1  0  0  0  0
  3  7  2  0  0  0  0
  5  4  1  0  0  0  0
  4 11  1  0  0  0  0
  4 12  1  0  0  0  0
  5  6  1  0  0  0  0
  5  7  1  0  0  0  0
  5  8  1  0  0  0  0
  6  9  1  0  0  0  0
  6 10  1  0  0  0  0
M  END
> <PUBCHEM_BONDANNOTATIONS>
5  4  6

$$$$
