
  ACD/Labs04281712262D

 12 12  0  0  0  0  0  0  0  0  1 V2000
    2.3001    0.0000    0.0000 F   0  0  0  0  0  0  0  0  0  0  0  0
    2.3001   -1.3295    0.0000 C   0  0  0  0  0  0  0  0  0  0  0  0
    0.9706   -1.3295    0.0000 F   0  0  0  0  0  0  0  0  0  0  0  0
    3.6296   -1.3295    0.0000 F   0  0  0  0  0  0  0  0  0  0  0  0
    2.3001   -2.6591    0.0000 C   0  0  0  0  0  0  0  0  0  0  0  0
    3.4568   -3.3238    0.0000 C   0  0  0  0  0  0  0  0  0  0  0  0
    3.4568   -4.6534    0.0000 N   0  0  0  0  0  0  0  0  0  0  0  0
    2.3001   -5.3181    0.0000 C   0  0  0  0  0  0  0  0  0  0  0  0
    2.3001   -6.6477    0.0000 O   0  0  0  0  0  0  0  0  0  0  0  0
    1.1500   -4.6534    0.0000 N   0  0  0  0  0  0  0  0  0  0  0  0
    1.1500   -3.3238    0.0000 C   0  0  0  0  0  0  0  0  0  0  0  0
    0.0000   -2.6591    0.0000 O   0  0  0  0  0  0  0  0  0  0  0  0
  1  2  1  0  0  0  0
  2  3  1  0  0  0  0
  2  4  1  0  0  0  0
  2  5  1  0  0  0  0
  5  6  2  0  0  0  0
  5 11  1  0  0  0  0
  6  7  1  0  0  0  0
  7  8  1  0  0  0  0
  8  9  2  0  0  0  0
  8 10  1  0  0  0  0
 10 11  1  0  0  0  0
 11 12  2  0  0  0  0
M  END
