5899
  Marvin  12300703363D          

 15 15  0  0  0  0            999 V2000
    2.6162    0.7404   -1.1173 F   0  0  0  0  0  0  0  0  0  0  0  0
    2.6162    0.7404    1.1173 F   0  0  0  0  0  0  0  0  0  0  0  0
    1.8181    2.4332   -0.0000 F   0  0  0  0  0  0  0  0  0  0  0  0
    1.4816   -1.7819    0.0000 O   0  0  0  0  0  0  0  0  0  0  0  0
   -2.8703   -1.5100    0.0000 O   0  0  0  0  0  0  0  0  0  0  0  0
   -0.6694   -1.6416    0.0000 N   0  0  0  0  0  0  0  0  0  0  0  0
   -1.7313    0.3573    0.0000 N   0  0  0  0  0  0  0  0  0  0  0  0
    0.6036    0.3428    0.0000 C   0  0  0  0  0  0  0  0  0  0  0  0
    0.5055   -1.0443    0.0000 C   0  0  0  0  0  0  0  0  0  0  0  0
   -0.5865    0.9960    0.0000 C   0  0  0  0  0  0  0  0  0  0  0  0
    1.8823    1.0575   -0.0000 C   0  0  1  0  0  0  0  0  0  0  0  0
   -1.7854   -0.9507    0.0000 C   0  0  0  0  0  0  0  0  0  0  0  0
   -0.6409    1.9859    0.0000 H   0  0  0  0  0  0  0  0  0  0  0  0
   -0.7148   -2.5770   -0.0000 H   0  0  0  0  0  0  0  0  0  0  0  0
   -2.5247    0.8522    0.0000 H   0  0  0  0  0  0  0  0  0  0  0  0
  1 11  1  0  0  0  0
  2 11  1  0  0  0  0
  3 11  1  0  0  0  0
  4  9  2  0  0  0  0
  5 12  2  0  0  0  0
  6  9  1  0  0  0  0
  6 12  1  0  0  0  0
  6 14  1  0  0  0  0
  7 10  1  0  0  0  0
  7 12  1  0  0  0  0
  7 15  1  0  0  0  0
  8  9  1  0  0  0  0
  8 10  2  0  0  0  0
  8 11  1  0  0  0  0
 10 13  1  0  0  0  0
M  END
> <PUBCHEM_BONDANNOTATIONS>
6  12  8
6  9  8
7  10  8
7  12  8
8  10  8
8  9  8

$$$$
