
  ACD/Labs04281710392D

  9  8  0  0  1  0  0  0  0  0  1 V2000
    0.6494   -4.5516    0.0000 O   0  0  0  0  0  0  0  0  0  0  0  0
    1.9653   -4.5516    0.0000 C   0  0  0  0  0  0  0  0  0  0  0  0
    2.6318   -5.6966    0.0000 O   0  0  0  0  0  0  0  0  0  0  0  0
    2.6318   -3.4122    0.0000 C   0  0  0  0  0  0  0  0  0  0  0  0
    1.6178   -2.4780    0.0000 C   0  0  0  0  0  0  0  0  0  0  0  0
    1.3159   -1.1450    0.0000 C   0  0  0  0  0  0  0  0  0  0  0  0
    1.9653    0.0000    0.0000 O   0  0  0  0  0  0  0  0  0  0  0  0
    0.0000   -1.1450    0.0000 O   0  0  0  0  0  0  0  0  0  0  0  0
    0.4899   -3.1274    0.0000 N   0  0  0  0  0  0  0  0  0  0  0  0
  1  2  1  0  0  0  0
  2  3  2  0  0  0  0
  2  4  1  0  0  0  0
  4  5  1  0  0  0  0
  5  6  1  0  0  0  0
  5  9  1  6  0  0  0
  6  7  2  0  0  0  0
  6  8  1  0  0  0  0
M  END
