5961
  Marvin  12300703363D          

 20 19  0  0  1  0            999 V2000
    3.1208    0.3796    1.1900 O   0  0  0  0  0  0  0  0  0  0  0  0
    1.2648    0.6093    2.0723 O   0  0  0  0  0  0  0  0  0  0  0  0
   -2.9786    2.1342   -0.2689 O   0  0  0  0  0  0  0  0  0  0  0  0
    1.7565   -1.7622   -0.1488 N   0  0  0  0  0  0  0  0  0  0  0  0
   -3.1266    0.0117   -0.2036 N   0  0  0  0  0  0  0  0  0  0  0  0
   -0.2509   -0.3505   -0.1736 C   0  0  0  0  0  0  0  0  0  0  0  0
    1.3024   -0.3633   -0.0778 C   0  0  1  0  0  0  0  0  0  0  0  0
   -0.9381    1.0434   -0.2514 C   0  0  0  0  0  0  0  0  0  0  0  0
    1.9069    0.2319    1.1036 C   0  0  0  0  0  0  0  0  0  0  0  0
   -2.3907    1.0626   -0.2434 C   0  0  0  0  0  0  0  0  0  0  0  0
   -0.5410   -0.9029   -1.0736 H   0  0  0  0  0  0  0  0  0  0  0  0
   -0.6522   -0.9002    0.6830 H   0  0  0  0  0  0  0  0  0  0  0  0
    1.6943    0.1510   -0.9597 H   0  0  0  0  0  0  0  0  0  0  0  0
   -0.5977    1.5470   -1.1607 H   0  0  0  0  0  0  0  0  0  0  0  0
   -0.6078    1.6504    0.5943 H   0  0  0  0  0  0  0  0  0  0  0  0
    1.3987   -2.1607   -1.0197 H   0  0  0  0  0  0  0  0  0  0  0  0
    2.7761   -1.7598   -0.2214 H   0  0  0  0  0  0  0  0  0  0  0  0
   -2.7334   -0.8367   -0.1935 H   0  0  0  0  0  0  0  0  0  0  0  0
   -4.0586    0.0852   -0.1833 H   0  0  0  0  0  0  0  0  0  0  0  0
    3.6551    0.1300    0.5361 H   0  0  0  0  0  0  0  0  0  0  0  0
  1  9  1  0  0  0  0
  1 20  1  0  0  0  0
  2  9  2  0  0  0  0
  3 10  2  0  0  0  0
  7  4  1  0  0  0  0
  4 16  1  0  0  0  0
  4 17  1  0  0  0  0
  5 10  1  0  0  0  0
  5 18  1  0  0  0  0
  5 19  1  0  0  0  0
  6  7  1  0  0  0  0
  6  8  1  0  0  0  0
  6 11  1  0  0  0  0
  6 12  1  0  0  0  0
  7  9  1  0  0  0  0
  7 13  1  0  0  0  0
  8 10  1  0  0  0  0
  8 14  1  0  0  0  0
  8 15  1  0  0  0  0
M  END
> <PUBCHEM_BONDANNOTATIONS>
7  4  6

$$$$
