
  ACD/Labs06251410112D

 11 10  0  0  1  0  0  0  0  0  1 V2000
    0.0000   -5.7555    0.0000 N   0  0  0  0  0  0  0  0  0  0  0  0
    1.3266   -5.7555    0.0000 C   0  0  0  0  0  0  0  0  0  0  0  0
    1.9968   -6.9094    0.0000 O   0  0  0  0  0  0  0  0  0  0  0  0
    1.9968   -4.6086    0.0000 C   0  0  0  0  0  0  0  0  0  0  0  0
    1.3266   -3.4547    0.0000 C   0  0  0  0  0  0  0  0  0  0  0  0
    1.9968   -2.3008    0.0000 C   0  0  0  0  0  0  0  0  0  0  0  0
    3.1438   -2.9710    0.0000 H   0  0  0  0  0  0  0  0  0  0  0  0
    2.6601   -1.1539    0.0000 C   0  0  0  0  0  0  0  0  0  0  0  0
    3.9867   -1.1539    0.0000 O   0  0  0  0  0  0  0  0  0  0  0  0
    1.9968    0.0000    0.0000 O   0  0  0  0  0  0  0  0  0  0  0  0
    0.8429   -1.6375    0.0000 N   0  0  0  0  0  0  0  0  0  0  0  0
  1  2  1  0  0  0  0
  2  3  2  0  0  0  0
  2  4  1  0  0  0  0
  4  5  1  0  0  0  0
  5  6  1  0  0  0  0
  6  7  1  1  0  0  0
  6  8  1  0  0  0  0
  6 11  1  0  0  0  0
  8  9  2  0  0  0  0
  8 10  1  0  0  0  0
M  END
