
  ACD/Labs06251410112D

  7  6  0  0  0  0  0  0  0  0  1 V2000
    0.0000   -2.3052    0.0000 N   0  0  0  0  0  0  0  0  0  0  0  0
    1.3306   -2.3052    0.0000 C   0  0  0  0  0  0  0  0  0  0  0  0
    1.9941   -3.4560    0.0000 C   0  0  0  0  0  0  0  0  0  0  0  0
    3.3247   -3.4560    0.0000 S   0  0  0  0  0  0  0  0  0  0  0  0
    1.9941   -1.1508    0.0000 C   0  0  0  0  0  0  0  0  0  0  0  0
    3.3247   -1.1508    0.0000 O   0  0  0  0  0  0  0  0  0  0  0  0
    1.3306    0.0000    0.0000 O   0  0  0  0  0  0  0  0  0  0  0  0
  1  2  1  0  0  0  0
  2  3  1  0  0  0  0
  2  5  1  0  0  0  0
  3  4  1  0  0  0  0
  5  6  1  0  0  0  0
  5  7  2  0  0  0  0
M  END
