594
  Marvin  12300703363D          

 14 13  0  0  1  0            999 V2000
    1.8353   -1.9343   -0.2948 S   0  0  0  0  0  0  0  0  0  0  0  0
   -2.0232    1.4659   -0.2670 O   0  0  0  0  0  0  0  0  0  0  0  0
   -0.1120    2.2592   -0.2467 O   0  0  0  0  0  0  0  0  0  0  0  0
   -0.8051   -0.8072    0.9525 N   0  0  0  0  0  0  0  0  0  0  0  0
   -0.2819   -0.0942   -0.2248 C   0  0  2  0  0  0  0  0  0  0  0  0
    1.2661   -0.2182   -0.2508 C   0  0  0  0  0  0  0  0  0  0  0  0
   -0.8143    1.2598   -0.2441 C   0  0  0  0  0  0  0  0  0  0  0  0
   -0.6696   -0.6034   -1.1116 H   0  0  0  0  0  0  0  0  0  0  0  0
    1.6670    0.2797   -1.1368 H   0  0  0  0  0  0  0  0  0  0  0  0
    1.6983    0.2640    0.6293 H   0  0  0  0  0  0  0  0  0  0  0  0
   -1.8259   -0.7604    0.9292 H   0  0  0  0  0  0  0  0  0  0  0  0
   -0.4923   -0.3050    1.7860 H   0  0  0  0  0  0  0  0  0  0  0  0
    3.1535   -1.6031   -0.2569 H   0  0  0  0  0  0  0  0  0  0  0  0
   -2.5958    0.7973   -0.2636 H   0  0  0  0  0  0  0  0  0  0  0  0
  1  6  1  0  0  0  0
  1 13  1  0  0  0  0
  2  7  1  0  0  0  0
  2 14  1  0  0  0  0
  3  7  2  0  0  0  0
  4  5  1  0  0  0  0
  4 11  1  0  0  0  0
  4 12  1  0  0  0  0
  5  6  1  0  0  0  0
  5  7  1  0  0  0  0
  5  8  1  0  0  0  0
  6  9  1  0  0  0  0
  6 10  1  0  0  0  0
M  END
> <PUBCHEM_BONDANNOTATIONS>
5  4  3

$$$$
