
  ACD/Labs04281712082D

 12 13  0  0  0  0  0  0  0  0  1 V2000
    2.3035    0.0000    0.0000 O   0  0  0  0  0  0  0  0  0  0  0  0
    2.3035   -1.3303    0.0000 C   0  0  0  0  0  0  0  0  0  0  0  0
    1.1518   -1.9983    0.0000 N   0  0  0  0  0  0  0  0  0  0  0  0
    1.1518   -3.3286    0.0000 C   0  0  0  0  0  0  0  0  0  0  0  0
    2.3035   -3.9909    0.0000 N   0  0  0  0  0  0  0  0  0  0  0  0
    3.4553   -3.3286    0.0000 C   0  0  0  0  0  0  0  0  0  0  0  0
    3.4553   -1.9983    0.0000 C   0  0  0  0  0  0  0  0  0  0  0  0
    4.6071   -1.3303    0.0000 C   0  0  0  0  0  0  0  0  0  0  0  0
    5.7588   -1.9983    0.0000 C   0  0  0  0  0  0  0  0  0  0  0  0
    5.7588   -3.3286    0.0000 C   0  0  0  0  0  0  0  0  0  0  0  0
    4.6071   -3.9909    0.0000 C   0  0  0  0  0  0  0  0  0  0  0  0
    0.0000   -3.9909    0.0000 O   0  0  0  0  0  0  0  0  0  0  0  0
  1  2  2  0  0  0  0
  2  3  1  0  0  0  0
  2  7  1  0  0  0  0
  3  4  1  0  0  0  0
  4  5  1  0  0  0  0
  4 12  2  0  0  0  0
  5  6  1  0  0  0  0
  6  7  2  0  0  0  0
  6 11  1  0  0  0  0
  7  8  1  0  0  0  0
  8  9  2  0  0  0  0
  9 10  1  0  0  0  0
 10 11  2  0  0  0  0
M  END
