
  ACD/Labs03221914022D

 31 32  0  0  1  0  0  0  0  0  1 V2000
    1.2949   -2.0075    0.0000 C   0  0  0  0  0  0  0  0  0  0  0  0
    1.7466   -3.2522    0.0000 C   0  0  0  0  0  0  0  0  0  0  0  0
    1.7466   -4.5571    0.0000 C   0  0  0  0  0  0  0  0  0  0  0  0
    2.8908   -5.2196    0.0000 C   0  0  0  0  0  0  0  0  0  0  0  0
    4.0452   -4.5571    0.0000 C   0  0  0  0  0  0  0  0  0  0  0  0
    4.0452   -3.2522    0.0000 C   0  0  0  0  0  0  0  0  0  0  0  0
    2.8908   -2.5897    0.0000 O   0  0  0  0  0  0  0  0  0  0  0  0
    5.3400   -3.4730    0.0000 O   0  0  0  0  0  0  0  0  0  0  0  0
    6.1832   -2.4592    0.0000 C   0  0  0  0  0  0  0  0  0  0  0  0
    5.0891   -1.7265    0.0000 C   0  0  0  0  0  0  0  0  0  0  0  0
    5.2095    0.0000    0.0000 O   0  0  0  0  0  0  0  0  0  0  0  0
    6.7955   -1.3049    0.0000 C   0  0  0  0  0  0  0  0  0  0  0  0
    8.0904   -1.5257    0.0000 C   0  0  0  0  0  0  0  0  0  0  0  0
    8.2811   -2.8206    0.0000 C   0  0  0  0  0  0  0  0  0  0  0  0
    8.7428   -4.0552    0.0000 C   0  0  0  0  0  0  0  0  0  0  0  0
   10.0377   -4.2760    0.0000 O   0  0  0  0  0  0  0  0  0  0  0  0
    7.1067   -3.4128    0.0000 O   0  0  0  0  0  0  0  0  0  0  0  0
    9.5558   -2.4994    0.0000 H   0  0  0  0  0  0  0  0  0  0  0  0
    9.4053   -1.4655    0.0000 O   0  0  0  0  0  0  0  0  0  0  0  0
    8.1707   -0.2108    0.0000 H   0  0  0  0  0  0  0  0  0  0  0  0
    7.1568   -0.0301    0.0000 O   0  0  0  0  0  0  0  0  0  0  0  0
    5.5709   -0.8131    0.0000 H   0  0  0  0  0  0  0  0  0  0  0  0
    4.4868   -2.0075    0.0000 H   0  0  0  0  0  0  0  0  0  0  0  0
    4.4969   -5.7917    0.0000 O   0  0  0  0  0  0  0  0  0  0  0  0
    5.3400   -4.3262    0.0000 H   0  0  0  0  0  0  0  0  0  0  0  0
    2.0376   -6.2233    0.0000 O   0  0  0  0  0  0  0  0  0  0  0  0
    3.7340   -6.2334    0.0000 H   0  0  0  0  0  0  0  0  0  0  0  0
    0.4517   -4.3262    0.0000 O   0  0  0  0  0  0  0  0  0  0  0  0
    1.2949   -5.7917    0.0000 H   0  0  0  0  0  0  0  0  0  0  0  0
    0.4517   -3.4730    0.0000 H   0  0  0  0  0  0  0  0  0  0  0  0
    0.0000   -1.7867    0.0000 O   0  0  0  0  0  0  0  0  0  0  0  0
  1  2  1  0  0  0  0
  1 31  1  0  0  0  0
  2  3  1  0  0  0  0
  2  7  1  0  0  0  0
  2 30  1  6  0  0  0
  3  4  1  0  0  0  0
  3 28  1  0  0  0  0
  3 29  1  1  0  0  0
  4  5  1  0  0  0  0
  4 26  1  0  0  0  0
  4 27  1  6  0  0  0
  5  6  1  0  0  0  0
  5 24  1  0  0  0  0
  5 25  1  1  0  0  0
  6  7  1  0  0  0  0
  6  8  1  0  0  0  0
  6 23  1  1  0  0  0
  8  9  1  0  0  0  0
  9 10  1  6  0  0  0
  9 12  1  0  0  0  0
  9 17  1  0  0  0  0
 10 11  1  0  0  0  0
 12 13  1  0  0  0  0
 12 21  1  0  0  0  0
 12 22  1  6  0  0  0
 13 14  1  0  0  0  0
 13 19  1  0  0  0  0
 13 20  1  1  0  0  0
 14 15  1  0  0  0  0
 14 17  1  0  0  0  0
 14 18  1  6  0  0  0
 15 16  1  0  0  0  0
M  END
