5988
  Marvin  12300703363D          

 45 46  0  0  1  0            999 V2000
   -0.9992    0.2085    2.0659 O   0  0  0  0  0  0  0  0  0  0  0  0
    0.8983    0.2860    0.6425 O   0  0  0  0  0  0  0  0  0  0  0  0
    0.7265    0.4184   -1.6588 O   0  0  0  0  0  0  0  0  0  0  0  0
    2.0938    1.8560    2.5457 O   0  0  0  0  0  0  0  0  0  0  0  0
   -0.8242    2.3816    4.3480 O   0  0  0  0  0  0  0  0  0  0  0  0
    2.1402   -1.9735   -0.5942 O   0  0  0  0  0  0  0  0  0  0  0  0
   -1.1355   -2.6308   -2.1062 O   0  0  0  0  0  0  0  0  0  0  0  0
    2.1031   -1.5267   -3.4656 O   0  0  0  0  0  0  0  0  0  0  0  0
   -0.0684   -2.3249    2.4734 O   0  0  0  0  0  0  0  0  0  0  0  0
   -2.0008    3.6284    0.8752 O   0  0  0  0  0  0  0  0  0  0  0  0
   -1.4871    1.7230   -3.0363 O   0  0  0  0  0  0  0  0  0  0  0  0
    0.4319    0.0740    2.0063 C   0  0  1  0  0  0  0  0  0  0  0  0
    0.8723    1.2388    2.9469 C   0  0  2  0  0  0  0  0  0  0  0  0
   -0.3087    2.2308    3.0210 C   0  0  1  0  0  0  0  0  0  0  0  0
   -1.3844    1.5907    2.1168 C   0  0  1  0  0  0  0  0  0  0  0  0
    0.3165   -0.3681   -0.5165 C   0  0  1  0  0  0  0  0  0  0  0  0
    0.7262   -1.8514   -0.7342 C   0  0  1  0  0  0  0  0  0  0  0  0
    0.2749   -2.4019   -2.1138 C   0  0  2  0  0  0  0  0  0  0  0  0
    0.6886   -1.4566   -3.2711 C   0  0  1  0  0  0  0  0  0  0  0  0
    0.2871    0.0215   -2.9802 C   0  0  1  0  0  0  0  0  0  0  0  0
    0.9237   -1.3084    2.5503 C   0  0  0  0  0  0  0  0  0  0  0  0
   -1.5787    2.2758    0.7382 C   0  0  0  0  0  0  0  0  0  0  0  0
   -1.2057    0.3465   -3.2599 C   0  0  0  0  0  0  0  0  0  0  0  0
    1.0565    0.8990    3.9703 H   0  0  0  0  0  0  0  0  0  0  0  0
   -0.0166    3.2279    2.6839 H   0  0  0  0  0  0  0  0  0  0  0  0
   -2.3641    1.6116    2.6010 H   0  0  0  0  0  0  0  0  0  0  0  0
   -0.7714   -0.3062   -0.4481 H   0  0  0  0  0  0  0  0  0  0  0  0
    0.2661   -2.4786    0.0258 H   0  0  0  0  0  0  0  0  0  0  0  0
    0.7203   -3.3887   -2.2705 H   0  0  0  0  0  0  0  0  0  0  0  0
    0.2444   -1.8013   -4.2087 H   0  0  0  0  0  0  0  0  0  0  0  0
    0.8472    0.6505   -3.6775 H   0  0  0  0  0  0  0  0  0  0  0  0
    1.8164   -1.6336    2.0147 H   0  0  0  0  0  0  0  0  0  0  0  0
    1.2118   -1.2932    3.6016 H   0  0  0  0  0  0  0  0  0  0  0  0
   -2.3388    1.7422    0.1639 H   0  0  0  0  0  0  0  0  0  0  0  0
   -0.6550    2.2900    0.1619 H   0  0  0  0  0  0  0  0  0  0  0  0
   -1.4568    0.1151   -4.2971 H   0  0  0  0  0  0  0  0  0  0  0  0
   -1.8729   -0.2281   -2.6199 H   0  0  0  0  0  0  0  0  0  0  0  0
    2.7701    1.1504    2.6241 H   0  0  0  0  0  0  0  0  0  0  0  0
   -0.0873    2.7403    4.8850 H   0  0  0  0  0  0  0  0  0  0  0  0
    2.3250   -2.9310   -0.6923 H   0  0  0  0  0  0  0  0  0  0  0  0
   -1.3506   -2.9927   -2.9914 H   0  0  0  0  0  0  0  0  0  0  0  0
    2.2948   -2.4663   -3.6715 H   0  0  0  0  0  0  0  0  0  0  0  0
    0.3685   -3.1302    2.8238 H   0  0  0  0  0  0  0  0  0  0  0  0
   -2.0536    3.9708   -0.0424 H   0  0  0  0  0  0  0  0  0  0  0  0
   -2.4444    1.8143   -3.2301 H   0  0  0  0  0  0  0  0  0  0  0  0
  1 12  1  0  0  0  0
  1 15  1  0  0  0  0
 12  2  1  0  0  0  0
 16  2  1  0  0  0  0
  3 16  1  0  0  0  0
  3 20  1  0  0  0  0
 13  4  1  0  0  0  0
  4 38  1  0  0  0  0
 14  5  1  0  0  0  0
  5 39  1  0  0  0  0
 17  6  1  0  0  0  0
  6 40  1  0  0  0  0
 18  7  1  0  0  0  0
  7 41  1  0  0  0  0
 19  8  1  0  0  0  0
  8 42  1  0  0  0  0
  9 21  1  0  0  0  0
  9 43  1  0  0  0  0
 10 22  1  0  0  0  0
 10 44  1  0  0  0  0
 11 23  1  0  0  0  0
 11 45  1  0  0  0  0
 12 13  1  0  0  0  0
 12 21  1  0  0  0  0
 13 14  1  0  0  0  0
 13 24  1  0  0  0  0
 14 15  1  0  0  0  0
 14 25  1  0  0  0  0
 15 22  1  0  0  0  0
 15 26  1  0  0  0  0
 16 17  1  0  0  0  0
 16 27  1  0  0  0  0
 17 18  1  0  0  0  0
 17 28  1  0  0  0  0
 18 19  1  0  0  0  0
 18 29  1  0  0  0  0
 19 20  1  0  0  0  0
 19 30  1  0  0  0  0
 20 23  1  0  0  0  0
 20 31  1  0  0  0  0
 21 32  1  0  0  0  0
 21 33  1  0  0  0  0
 22 34  1  0  0  0  0
 22 35  1  0  0  0  0
 23 36  1  0  0  0  0
 23 37  1  0  0  0  0
M  END
> <PUBCHEM_BONDANNOTATIONS>
15  22  5
12  2  5
16  2  5
20  23  6
13  4  5
14  5  6
17  6  5
18  7  6
19  8  5

$$$$
