
  ACD/Labs04281711352D

 12 13  0  0  0  0  0  0  0  0  1 V2000
    6.5817   -4.5677    0.0000 S   0  0  0  0  0  0  0  0  0  0  0  0
    5.4299   -3.9029    0.0000 C   0  0  0  0  0  0  0  0  0  0  0  0
    5.2917   -2.5800    0.0000 N   0  0  0  0  0  0  0  0  0  0  0  0
    3.9885   -2.3036    0.0000 C   0  0  0  0  0  0  0  0  0  0  0  0
    3.3237   -1.1518    0.0000 C   0  0  0  0  0  0  0  0  0  0  0  0
    1.9942   -1.1518    0.0000 C   0  0  0  0  0  0  0  0  0  0  0  0
    1.3295    0.0000    0.0000 O   0  0  0  0  0  0  0  0  0  0  0  0
    0.0000    0.0000    0.0000 C   0  0  0  0  0  0  0  0  0  0  0  0
    1.3295   -2.3036    0.0000 C   0  0  0  0  0  0  0  0  0  0  0  0
    1.9942   -3.4554    0.0000 C   0  0  0  0  0  0  0  0  0  0  0  0
    3.3237   -3.4554    0.0000 C   0  0  0  0  0  0  0  0  0  0  0  0
    4.2123   -4.4426    0.0000 N   0  0  0  0  0  0  0  0  0  0  0  0
  1  2  2  0  0  0  0
  2  3  1  0  0  0  0
  2 12  1  0  0  0  0
  3  4  1  0  0  0  0
  4  5  2  0  0  0  0
  4 11  1  0  0  0  0
  5  6  1  0  0  0  0
  6  7  1  0  0  0  0
  6  9  2  0  0  0  0
  7  8  1  0  0  0  0
  9 10  1  0  0  0  0
 10 11  2  0  0  0  0
 11 12  1  0  0  0  0
M  END
