6103
  Marvin  12300703363D          

 16 17  0  0  0  0            999 V2000
   -3.1174   -2.6735    0.0678 Cl  0  0  0  0  0  0  0  0  0  0  0  0
    0.9199    1.5198    0.0105 O   0  0  0  0  0  0  0  0  0  0  0  0
    1.6356   -0.6043   -0.0680 N   0  0  0  0  0  0  0  0  0  0  0  0
    3.2254    1.1197   -0.1298 N   0  0  0  0  0  0  0  0  0  0  0  0
    0.2969   -0.6178   -0.0026 C   0  0  0  0  0  0  0  0  0  0  0  0
   -0.1528    0.7031    0.0363 C   0  0  0  0  0  0  0  0  0  0  0  0
   -0.6126   -1.6902    0.0206 C   0  0  0  0  0  0  0  0  0  0  0  0
   -1.5242    1.0018    0.0821 C   0  0  0  0  0  0  0  0  0  0  0  0
    1.9912    0.6938   -0.0625 C   0  0  0  0  0  0  0  0  0  0  0  0
   -1.9959   -1.4057    0.0590 C   0  0  0  0  0  0  0  0  0  0  0  0
   -2.4465   -0.0653    0.0848 C   0  0  0  0  0  0  0  0  0  0  0  0
   -0.2659   -2.6521    0.0050 H   0  0  0  0  0  0  0  0  0  0  0  0
   -1.8399    1.9731    0.1056 H   0  0  0  0  0  0  0  0  0  0  0  0
   -3.4467    0.1468    0.1039 H   0  0  0  0  0  0  0  0  0  0  0  0
    3.4079    2.0322   -0.0305 H   0  0  0  0  0  0  0  0  0  0  0  0
    3.9249    0.5187   -0.2822 H   0  0  0  0  0  0  0  0  0  0  0  0
  1 10  1  0  0  0  0
  2  6  1  0  0  0  0
  2  9  1  0  0  0  0
  3  5  1  0  0  0  0
  3  9  2  0  0  0  0
  4  9  1  0  0  0  0
  4 15  1  0  0  0  0
  4 16  1  0  0  0  0
  5  6  2  0  0  0  0
  5  7  1  0  0  0  0
  6  8  1  0  0  0  0
  7 10  2  0  0  0  0
  7 12  1  0  0  0  0
  8 11  2  0  0  0  0
  8 13  1  0  0  0  0
 10 11  1  0  0  0  0
 11 14  1  0  0  0  0
M  END
> <PUBCHEM_BONDANNOTATIONS>
10  11  8
2  6  8
2  9  8
3  5  8
3  9  8
5  6  8
5  7  8
6  8  8
7  10  8
8  11  8

$$$$
