
  ACD/Labs03221913572D

 10  9  0  0  1  0  0  0  0  0  1 V2000
    0.0000   -1.3313    0.0000 C   0  0  0  0  0  0  0  0  0  0  0  0
    1.1526   -1.9941    0.0000 C   0  0  0  0  0  0  0  0  0  0  0  0
    1.1526   -3.3254    0.0000 C   0  0  0  0  0  0  0  0  0  0  0  0
    2.3053   -1.3313    0.0000 C   0  0  0  0  0  0  0  0  0  0  0  0
    3.4579   -1.9941    0.0000 C   0  0  0  0  0  0  0  0  0  0  0  0
    4.6106   -1.3313    0.0000 C   0  0  0  0  0  0  0  0  0  0  0  0
    4.6106    0.0000    0.0000 O   0  0  0  0  0  0  0  0  0  0  0  0
    5.7632   -1.9941    0.0000 O   0  0  0  0  0  0  0  0  0  0  0  0
    2.6050   -3.0142    0.0000 N   0  0  0  0  0  0  0  0  0  0  0  0
    4.3109   -3.0142    0.0000 H   0  0  0  0  0  0  0  0  0  0  0  0
  1  2  1  0  0  0  0
  2  3  1  0  0  0  0
  2  4  1  0  0  0  0
  4  5  1  0  0  0  0
  5  6  1  0  0  0  0
  5  9  1  0  0  0  0
  5 10  1  6  0  0  0
  6  7  2  0  0  0  0
  6  8  1  0  0  0  0
M  END
