6106
  Marvin  12300703363D          

 22 21  0  0  1  0            999 V2000
   -0.0437   -3.0314   -2.0071 O   0  0  0  0  0  0  0  0  0  0  0  0
   -1.0320   -1.3514   -2.7201 O   0  0  0  0  0  0  0  0  0  0  0  0
    1.5983   -1.1493   -0.6055 N   0  0  0  0  0  0  0  0  0  0  0  0
    0.0743    1.1071    0.7591 C   0  0  1  0  0  0  0  0  0  0  0  0
   -0.3673    0.3417   -0.5288 C   0  0  0  0  0  0  0  0  0  0  0  0
    0.1280   -1.1277   -0.6774 C   0  0  1  0  0  0  0  0  0  0  0  0
   -0.3930    2.5879    0.7172 C   0  0  0  0  0  0  0  0  0  0  0  0
   -0.3864    0.4205    2.0729 C   0  0  0  0  0  0  0  0  0  0  0  0
   -0.3309   -1.8502   -1.8513 C   0  0  0  0  0  0  0  0  0  0  0  0
    1.1685    1.1359    0.7774 H   0  0  0  0  0  0  0  0  0  0  0  0
   -0.0166    0.8986   -1.4037 H   0  0  0  0  0  0  0  0  0  0  0  0
   -1.4606    0.3466   -0.5719 H   0  0  0  0  0  0  0  0  0  0  0  0
   -0.2466   -1.7008    0.1725 H   0  0  0  0  0  0  0  0  0  0  0  0
   -0.0114    3.0934   -0.1721 H   0  0  0  0  0  0  0  0  0  0  0  0
   -0.0258    3.1380    1.5860 H   0  0  0  0  0  0  0  0  0  0  0  0
   -1.4828    2.6522    0.7059 H   0  0  0  0  0  0  0  0  0  0  0  0
   -0.0639    0.9867    2.9486 H   0  0  0  0  0  0  0  0  0  0  0  0
   -1.4741    0.3279    2.1012 H   0  0  0  0  0  0  0  0  0  0  0  0
    0.0449   -0.5762    2.1789 H   0  0  0  0  0  0  0  0  0  0  0  0
    1.9117   -2.1214   -0.6386 H   0  0  0  0  0  0  0  0  0  0  0  0
    1.9631   -0.6754   -1.4347 H   0  0  0  0  0  0  0  0  0  0  0  0
    0.4464   -3.4525   -1.4086 H   0  0  0  0  0  0  0  0  0  0  0  0
  1  9  1  0  0  0  0
  1 22  1  0  0  0  0
  2  9  2  0  0  0  0
  6  3  1  0  0  0  0
  3 20  1  0  0  0  0
  3 21  1  0  0  0  0
  4  5  1  0  0  0  0
  4  7  1  0  0  0  0
  4  8  1  0  0  0  0
  4 10  1  0  0  0  0
  5  6  1  0  0  0  0
  5 11  1  0  0  0  0
  5 12  1  0  0  0  0
  6  9  1  0  0  0  0
  6 13  1  0  0  0  0
  7 14  1  0  0  0  0
  7 15  1  0  0  0  0
  7 16  1  0  0  0  0
  8 17  1  0  0  0  0
  8 18  1  0  0  0  0
  8 19  1  0  0  0  0
M  END
> <PUBCHEM_BONDANNOTATIONS>
6  3  6

$$$$
