
  ACD/Labs06251410052D

 18 19  0  0  0  0  0  0  0  0  1 V2000
    4.6337   -3.4187    0.0000 C   0  0  0  0  0  0  0  0  0  0  0  0
    5.4135   -2.3394    0.0000 C   0  0  0  0  0  0  0  0  0  0  0  0
    4.6337   -1.2658    0.0000 C   0  0  0  0  0  0  0  0  0  0  0  0
    5.0405    0.0000    0.0000 O   0  0  0  0  0  0  0  0  0  0  0  0
    3.3679   -1.6783    0.0000 N   0  0  0  0  0  0  0  0  0  0  0  0
    3.3679   -3.0062    0.0000 C   0  0  0  0  0  0  0  0  0  0  0  0
    2.2886   -3.7861    0.0000 O   0  0  0  0  0  0  0  0  0  0  0  0
    2.2886   -0.8928    0.0000 O   0  0  0  0  0  0  0  0  0  0  0  0
    1.0737   -1.4353    0.0000 C   0  0  0  0  0  0  0  0  0  0  0  0
    0.0000   -0.6555    0.0000 O   0  0  0  0  0  0  0  0  0  0  0  0
    0.9380   -2.7576    0.0000 O   0  0  0  0  0  0  0  0  0  0  0  0
    2.0117   -3.5374    0.0000 N   0  0  0  0  0  0  0  0  0  0  0  0
    2.0117   -4.8710    0.0000 C   0  0  0  0  0  0  0  0  0  0  0  0
    0.9380   -5.6508    0.0000 O   0  0  0  0  0  0  0  0  0  0  0  0
    3.2775   -5.2835    0.0000 C   0  0  0  0  0  0  0  0  0  0  0  0
    4.0573   -4.2042    0.0000 C   0  0  0  0  0  0  0  0  0  0  0  0
    3.2775   -3.1306    0.0000 C   0  0  0  0  0  0  0  0  0  0  0  0
    3.6900   -1.8648    0.0000 O   0  0  0  0  0  0  0  0  0  0  0  0
  1  2  1  0  0  0  0
  1  6  1  0  0  0  0
  2  3  1  0  0  0  0
  3  4  2  0  0  0  0
  3  5  1  0  0  0  0
  5  6  1  0  0  0  0
  5  8  1  0  0  0  0
  6  7  2  0  0  0  0
  8  9  1  0  0  0  0
  9 10  2  0  0  0  0
  9 11  1  0  0  0  0
 11 12  1  0  0  0  0
 12 13  1  0  0  0  0
 12 17  1  0  0  0  0
 13 14  2  0  0  0  0
 13 15  1  0  0  0  0
 15 16  1  0  0  0  0
 16 17  1  0  0  0  0
 17 18  2  0  0  0  0
M  END
