6119
  Marvin  12300703363D          

 16 15  0  0  0  0            999 V2000
    1.7534    1.5014    0.1117 O   0  0  0  0  0  0  0  0  0  0  0  0
   -0.0731    2.4457    0.1432 O   0  0  0  0  0  0  0  0  0  0  0  0
   -1.0340    0.0458    1.2746 N   0  0  0  0  0  0  0  0  0  0  0  0
   -0.1759    0.1026    0.0748 C   0  0  2  0  0  0  0  0  0  0  0  0
   -1.1018    0.0218   -1.1751 C   0  0  0  0  0  0  0  0  0  0  0  0
    0.7649   -1.1383    0.1125 C   0  0  0  0  0  0  0  0  0  0  0  0
    0.5319    1.3834    0.1112 C   0  0  0  0  0  0  0  0  0  0  0  0
   -1.8332    0.8330   -1.1914 H   0  0  0  0  0  0  0  0  0  0  0  0
   -1.6638   -0.9149   -1.1923 H   0  0  0  0  0  0  0  0  0  0  0  0
   -0.5198    0.0776   -2.0980 H   0  0  0  0  0  0  0  0  0  0  0  0
    0.2010   -2.0739    0.1229 H   0  0  0  0  0  0  0  0  0  0  0  0
    1.3975   -1.1295    1.0038 H   0  0  0  0  0  0  0  0  0  0  0  0
    1.4210   -1.1578   -0.7616 H   0  0  0  0  0  0  0  0  0  0  0  0
   -1.5193   -0.8542    1.2740 H   0  0  0  0  0  0  0  0  0  0  0  0
   -0.4291    0.0602    2.0989 H   0  0  0  0  0  0  0  0  0  0  0  0
    2.2805    0.7971    0.0907 H   0  0  0  0  0  0  0  0  0  0  0  0
  1  7  1  0  0  0  0
  1 16  1  0  0  0  0
  2  7  2  0  0  0  0
  3  4  1  0  0  0  0
  3 14  1  0  0  0  0
  3 15  1  0  0  0  0
  4  5  1  0  0  0  0
  4  6  1  0  0  0  0
  4  7  1  0  0  0  0
  5  8  1  0  0  0  0
  5  9  1  0  0  0  0
  5 10  1  0  0  0  0
  6 11  1  0  0  0  0
  6 12  1  0  0  0  0
  6 13  1  0  0  0  0
M  END
$$$$
