
  ACD/Labs03221913572D

  7  6  0  0  0  0  0  0  0  0  1 V2000
    2.3058   -3.3250    0.0000 C   0  0  0  0  0  0  0  0  0  0  0  0
    2.3058   -1.9950    0.0000 C   0  0  0  0  0  0  0  0  0  0  0  0
    3.6141   -2.2263    0.0000 C   0  0  0  0  0  0  0  0  0  0  0  0
    1.1529   -1.3300    0.0000 C   0  0  0  0  0  0  0  0  0  0  0  0
    0.0000   -1.9950    0.0000 O   0  0  0  0  0  0  0  0  0  0  0  0
    1.1529    0.0000    0.0000 O   0  0  0  0  0  0  0  0  0  0  0  0
    2.7576   -0.7445    0.0000 N   0  0  0  0  0  0  0  0  0  0  0  0
  1  2  1  0  0  0  0
  2  3  1  0  0  0  0
  2  4  1  0  0  0  0
  2  7  1  0  0  0  0
  4  5  2  0  0  0  0
  4  6  1  0  0  0  0
M  END
