611
  Marvin  12300703363D          

 19 18  0  0  1  0            999 V2000
    2.8114   -2.0160   -0.2023 O   0  0  0  0  0  0  0  0  0  0  0  0
   -3.1364    2.1855   -0.1981 O   0  0  0  0  0  0  0  0  0  0  0  0
    0.9149   -2.8348   -0.1736 O   0  0  0  0  0  0  0  0  0  0  0  0
   -3.2931    0.1165   -0.2005 O   0  0  0  0  0  0  0  0  0  0  0  0
    1.5626    0.2486    1.0195 N   0  0  0  0  0  0  0  0  0  0  0  0
   -0.5045   -0.3980   -0.1781 C   0  0  0  0  0  0  0  0  0  0  0  0
    1.0489   -0.4763   -0.1543 C   0  0  2  0  0  0  0  0  0  0  0  0
   -1.1191    1.0286   -0.1965 C   0  0  0  0  0  0  0  0  0  0  0  0
    1.6024   -1.8233   -0.1746 C   0  0  0  0  0  0  0  0  0  0  0  0
   -2.5686    1.1014   -0.2002 C   0  0  0  0  0  0  0  0  0  0  0  0
   -0.8605   -0.9265   -1.0682 H   0  0  0  0  0  0  0  0  0  0  0  0
   -0.8921   -0.9294    0.6966 H   0  0  0  0  0  0  0  0  0  0  0  0
    1.4247    0.0422   -1.0408 H   0  0  0  0  0  0  0  0  0  0  0  0
   -0.7490    1.5558   -1.0797 H   0  0  0  0  0  0  0  0  0  0  0  0
   -0.7692    1.5747    0.6833 H   0  0  0  0  0  0  0  0  0  0  0  0
    2.5836    0.2007    1.0062 H   0  0  0  0  0  0  0  0  0  0  0  0
    1.2422   -0.2436    1.8561 H   0  0  0  0  0  0  0  0  0  0  0  0
    3.3757   -1.3406   -0.2030 H   0  0  0  0  0  0  0  0  0  0  0  0
   -2.6738    2.9345   -0.1920 H   0  0  0  0  0  0  0  0  0  0  0  0
  1  9  1  0  0  0  0
  1 18  1  0  0  0  0
  2 10  1  0  0  0  0
  2 19  1  0  0  0  0
  3  9  2  0  0  0  0
  4 10  2  0  0  0  0
  5  7  1  0  0  0  0
  5 16  1  0  0  0  0
  5 17  1  0  0  0  0
  6  7  1  0  0  0  0
  6  8  1  0  0  0  0
  6 11  1  0  0  0  0
  6 12  1  0  0  0  0
  7  9  1  0  0  0  0
  7 13  1  0  0  0  0
  8 10  1  0  0  0  0
  8 14  1  0  0  0  0
  8 15  1  0  0  0  0
M  END
> <PUBCHEM_BONDANNOTATIONS>
7  5  3

$$$$
