
  ACD/Labs06251410112D

 10  9  0  0  0  0  0  0  0  0  1 V2000
    0.0000   -2.3036    0.0000 N   0  0  0  0  0  0  0  0  0  0  0  0
    1.3303   -2.3036    0.0000 C   0  0  0  0  0  0  0  0  0  0  0  0
    1.9926   -3.4553    0.0000 C   0  0  0  0  0  0  0  0  0  0  0  0
    3.3229   -3.4553    0.0000 C   0  0  0  0  0  0  0  0  0  0  0  0
    3.9909   -4.6071    0.0000 C   0  0  0  0  0  0  0  0  0  0  0  0
    3.3229   -5.7589    0.0000 O   0  0  0  0  0  0  0  0  0  0  0  0
    5.3212   -4.6071    0.0000 O   0  0  0  0  0  0  0  0  0  0  0  0
    1.9926   -1.1518    0.0000 C   0  0  0  0  0  0  0  0  0  0  0  0
    3.3229   -1.1518    0.0000 O   0  0  0  0  0  0  0  0  0  0  0  0
    1.3303    0.0000    0.0000 O   0  0  0  0  0  0  0  0  0  0  0  0
  1  2  1  0  0  0  0
  2  3  1  0  0  0  0
  2  8  1  0  0  0  0
  3  4  1  0  0  0  0
  4  5  1  0  0  0  0
  5  6  1  0  0  0  0
  5  7  2  0  0  0  0
  8  9  1  0  0  0  0
  8 10  2  0  0  0  0
M  END
