614
  Marvin  12300703363D          

 17 17  0  0  1  0            999 V2000
    0.6684   -2.6774   -1.1048 O   0  0  0  0  0  0  0  0  0  0  0  0
    1.7106   -2.1945    0.6205 O   0  0  0  0  0  0  0  0  0  0  0  0
   -0.9771   -0.3948   -0.4816 N   0  0  0  0  0  0  0  0  0  0  0  0
    0.4929   -0.4590   -0.3998 C   0  0  1  0  0  0  0  0  0  0  0  0
    0.7999    0.5095    0.7666 C   0  0  0  0  0  0  0  0  0  0  0  0
   -0.2989    1.5866    0.6927 C   0  0  0  0  0  0  0  0  0  0  0  0
   -1.3354    1.0195   -0.2959 C   0  0  0  0  0  0  0  0  0  0  0  0
    0.9747   -1.8238   -0.2803 C   0  0  0  0  0  0  0  0  0  0  0  0
    0.9116   -0.0547   -1.3291 H   0  0  0  0  0  0  0  0  0  0  0  0
    1.8042    0.9336    0.6841 H   0  0  0  0  0  0  0  0  0  0  0  0
    0.7264   -0.0065    1.7293 H   0  0  0  0  0  0  0  0  0  0  0  0
   -0.7466    1.7531    1.6769 H   0  0  0  0  0  0  0  0  0  0  0  0
    0.0999    2.5399    0.3355 H   0  0  0  0  0  0  0  0  0  0  0  0
   -2.3567    1.1046    0.0807 H   0  0  0  0  0  0  0  0  0  0  0  0
   -1.2817    1.5356   -1.2589 H   0  0  0  0  0  0  0  0  0  0  0  0
   -1.3288   -0.8870    0.3430 H   0  0  0  0  0  0  0  0  0  0  0  0
    0.1367   -2.4846   -1.7787 H   0  0  0  0  0  0  0  0  0  0  0  0
  1  8  1  0  0  0  0
  1 17  1  0  0  0  0
  2  8  2  0  0  0  0
  3  4  1  0  0  0  0
  3  7  1  0  0  0  0
  3 16  1  0  0  0  0
  4  5  1  0  0  0  0
  4  8  1  0  0  0  0
  4  9  1  0  0  0  0
  5  6  1  0  0  0  0
  5 10  1  0  0  0  0
  5 11  1  0  0  0  0
  6  7  1  0  0  0  0
  6 12  1  0  0  0  0
  6 13  1  0  0  0  0
  7 14  1  0  0  0  0
  7 15  1  0  0  0  0
M  END
> <PUBCHEM_BONDANNOTATIONS>
4  8  3

$$$$
