
  ACD/Labs03221914022D

  7  6  0  0  0  0  0  0  0  0  1 V2000
    1.1518   -1.9950    0.0000 C   0  0  0  0  0  0  0  0  0  0  0  0
    2.3037   -1.3315    0.0000 C   0  0  0  0  0  0  0  0  0  0  0  0
    3.4555   -1.9950    0.0000 C   0  0  0  0  0  0  0  0  0  0  0  0
    3.4555   -3.3265    0.0000 O   0  0  0  0  0  0  0  0  0  0  0  0
    4.6073   -1.3315    0.0000 O   0  0  0  0  0  0  0  0  0  0  0  0
    2.3037    0.0000    0.0000 N   0  0  0  0  0  0  0  0  0  0  0  0
    0.0000   -1.3315    0.0000 O   0  0  0  0  0  0  0  0  0  0  0  0
  1  2  1  0  0  0  0
  1  7  1  0  0  0  0
  2  3  1  0  0  0  0
  2  6  1  0  0  0  0
  3  4  2  0  0  0  0
  3  5  1  0  0  0  0
M  END
