617
  Marvin  12300703363D          

 14 13  0  0  1  0            999 V2000
    1.7663   -1.4635   -0.2054 O   0  0  0  0  0  0  0  0  0  0  0  0
   -1.9912    1.5199   -0.2085 O   0  0  0  0  0  0  0  0  0  0  0  0
   -0.0873    2.3243   -0.1941 O   0  0  0  0  0  0  0  0  0  0  0  0
   -0.7465   -0.7344    1.0294 N   0  0  0  0  0  0  0  0  0  0  0  0
   -0.2445   -0.0317   -0.1618 C   0  0  2  0  0  0  0  0  0  0  0  0
    1.3029   -0.1185   -0.1883 C   0  0  0  0  0  0  0  0  0  0  0  0
   -0.7843    1.3194   -0.1870 C   0  0  0  0  0  0  0  0  0  0  0  0
   -0.6232   -0.5604   -1.0418 H   0  0  0  0  0  0  0  0  0  0  0  0
    1.6941    0.3761   -1.0811 H   0  0  0  0  0  0  0  0  0  0  0  0
    1.7235    0.3761    0.6904 H   0  0  0  0  0  0  0  0  0  0  0  0
   -0.4274   -1.7046    0.9751 H   0  0  0  0  0  0  0  0  0  0  0  0
   -1.7677   -0.7604    0.9714 H   0  0  0  0  0  0  0  0  0  0  0  0
    2.7441   -1.3896   -0.1972 H   0  0  0  0  0  0  0  0  0  0  0  0
   -2.5589    0.8472   -0.2010 H   0  0  0  0  0  0  0  0  0  0  0  0
  1  6  1  0  0  0  0
  1 13  1  0  0  0  0
  2  7  1  0  0  0  0
  2 14  1  0  0  0  0
  3  7  2  0  0  0  0
  4  5  1  0  0  0  0
  4 11  1  0  0  0  0
  4 12  1  0  0  0  0
  5  6  1  0  0  0  0
  5  7  1  0  0  0  0
  5  8  1  0  0  0  0
  6  9  1  0  0  0  0
  6 10  1  0  0  0  0
M  END
> <PUBCHEM_BONDANNOTATIONS>
5  4  3

$$$$
