66628
  Marvin  12310715543D          

 16 16  0  0  0  0            999 V2000
   -0.1661   -2.9829    0.4192 O   0  0  0  0  0  0  0  0  0  0  0  0
    2.5002    1.6353    0.4192 O   0  0  0  0  0  0  0  0  0  0  0  0
    1.4388   -2.3617   -0.6973 O   0  0  0  0  0  0  0  0  0  0  0  0
    2.7647   -0.0652   -0.6973 O   0  0  0  0  0  0  0  0  0  0  0  0
   -1.4742   -0.6845   -0.1186 N   0  0  0  0  0  0  0  0  0  0  0  0
   -0.1443    1.6190   -0.1186 N   0  0  0  0  0  0  0  0  0  0  0  0
   -0.1130   -0.7584   -0.1410 C   0  0  0  0  0  0  0  0  0  0  0  0
    0.6003    0.4771   -0.1410 C   0  0  0  0  0  0  0  0  0  0  0  0
   -2.1978    0.4601   -0.1057 C   0  0  0  0  0  0  0  0  0  0  0  0
   -1.4974    1.6733   -0.1057 C   0  0  0  0  0  0  0  0  0  0  0  0
    0.4005   -2.0471   -0.1391 C   0  0  0  0  0  0  0  0  0  0  0  0
    1.9731    0.6767   -0.1391 C   0  0  0  0  0  0  0  0  0  0  0  0
   -3.2183    0.4303   -0.0949 H   0  0  0  0  0  0  0  0  0  0  0  0
   -1.9818    2.5720   -0.0949 H   0  0  0  0  0  0  0  0  0  0  0  0
   -0.9084   -2.8612    0.8774 H   0  0  0  0  0  0  0  0  0  0  0  0
    2.0237    2.2173    0.8774 H   0  0  0  0  0  0  0  0  0  0  0  0
  1 11  1  0  0  0  0
  1 15  1  0  0  0  0
  2 12  1  0  0  0  0
  2 16  1  0  0  0  0
  3 11  2  0  0  0  0
  4 12  2  0  0  0  0
  5  7  2  0  0  0  0
  5  9  1  0  0  0  0
  6  8  2  0  0  0  0
  6 10  1  0  0  0  0
  7  8  1  0  0  0  0
  7 11  1  0  0  0  0
  8 12  1  0  0  0  0
  9 10  2  0  0  0  0
  9 13  1  0  0  0  0
 10 14  1  0  0  0  0
M  END
> <PUBCHEM_BONDANNOTATIONS>
5  7  8
5  9  8
6  10  8
6  8  8
7  8  8
9  10  8

$$$$
