66646
  Marvin  12310720203D          

 17 17  0  0  0  0            999 V2000
    1.6864    3.4839   -0.1722 Cl  0  0  0  0  0  0  0  0  0  0  0  0
   -2.4110   -1.7742    0.4174 O   0  0  0  0  0  0  0  0  0  0  0  0
   -0.8558   -2.6959   -0.5433 O   0  0  0  0  0  0  0  0  0  0  0  0
    1.6258   -1.5250    0.0788 N   0  0  0  0  0  0  0  0  0  0  0  0
   -0.5426   -0.4781   -0.0419 C   0  0  0  0  0  0  0  0  0  0  0  0
    0.8808   -0.4412   -0.0198 C   0  0  0  0  0  0  0  0  0  0  0  0
   -1.2307    0.7618   -0.0831 C   0  0  0  0  0  0  0  0  0  0  0  0
    1.5696    0.7915   -0.0783 C   0  0  0  0  0  0  0  0  0  0  0  0
   -0.5438    1.9881   -0.1175 C   0  0  0  0  0  0  0  0  0  0  0  0
    0.8615    2.0055   -0.1215 C   0  0  0  0  0  0  0  0  0  0  0  0
   -1.2801   -1.6632   -0.0477 C   0  0  0  0  0  0  0  0  0  0  0  0
   -2.2533    0.8017   -0.1034 H   0  0  0  0  0  0  0  0  0  0  0  0
    2.5944    0.8137   -0.0804 H   0  0  0  0  0  0  0  0  0  0  0  0
   -1.0756    2.8616   -0.1451 H   0  0  0  0  0  0  0  0  0  0  0  0
    2.5547   -1.4717   -0.0157 H   0  0  0  0  0  0  0  0  0  0  0  0
    1.2335   -2.3552    0.2546 H   0  0  0  0  0  0  0  0  0  0  0  0
   -2.8139   -1.1032    0.8192 H   0  0  0  0  0  0  0  0  0  0  0  0
  1 10  1  0  0  0  0
  2 11  1  0  0  0  0
  2 17  1  0  0  0  0
  3 11  2  0  0  0  0
  4  6  1  0  0  0  0
  4 15  1  0  0  0  0
  4 16  1  0  0  0  0
  5  6  2  0  0  0  0
  5  7  1  0  0  0  0
  5 11  1  0  0  0  0
  6  8  1  0  0  0  0
  7  9  2  0  0  0  0
  7 12  1  0  0  0  0
  8 10  2  0  0  0  0
  8 13  1  0  0  0  0
  9 10  1  0  0  0  0
  9 14  1  0  0  0  0
M  END
> <PUBCHEM_BONDANNOTATIONS>
5  6  8
5  7  8
6  8  8
7  9  8
8  10  8
9  10  8

$$$$
