
  ACD/Labs04281710392D

 12 11  0  0  1  0  0  0  0  0  1 V2000
    3.4534   -1.9917    0.0000 C   0  0  0  0  0  0  0  0  0  0  0  0
    3.4534   -3.3249    0.0000 O   0  0  0  0  0  0  0  0  0  0  0  0
    4.6019   -1.3091    0.0000 C   0  0  0  0  0  0  0  0  0  0  0  0
    4.6019    0.0000    0.0000 O   0  0  0  0  0  0  0  0  0  0  0  0
    5.7263   -1.9917    0.0000 C   0  0  0  0  0  0  0  0  0  0  0  0
    5.7263   -3.3249    0.0000 O   0  0  0  0  0  0  0  0  0  0  0  0
    6.8828   -1.3091    0.0000 C   0  0  0  0  0  0  0  0  0  0  0  0
    8.0312   -1.9917    0.0000 O   0  0  0  0  0  0  0  0  0  0  0  0
    2.3050   -1.3091    0.0000 C   0  0  0  0  0  0  0  0  0  0  0  0
    2.3050    0.0000    0.0000 O   0  0  0  0  0  0  0  0  0  0  0  0
    1.1485   -1.9917    0.0000 C   0  0  0  0  0  0  0  0  0  0  0  0
    0.0000   -1.3091    0.0000 O   0  0  0  0  0  0  0  0  0  0  0  0
  1  2  1  6  0  0  0
  1  3  1  0  0  0  0
  1  9  1  0  0  0  0
  3  4  1  6  0  0  0
  3  5  1  0  0  0  0
  5  6  1  1  0  0  0
  5  7  1  0  0  0  0
  7  8  1  0  0  0  0
  9 10  1  1  0  0  0
  9 11  1  0  0  0  0
 11 12  1  0  0  0  0
M  END
