
  ACD/Labs06251410132D

 12 12  0  0  0  0  0  0  0  0  2 V2000
    3.9865   -5.7552    0.0000 O   0  0  0  0  0  0  0  0  0  0  0  0
    3.3232   -4.6083    0.0000 C   0  0  0  0  0  0  0  0  0  0  0  0
    3.9865   -3.4545    0.0000 C   0  0  0  0  0  0  0  0  0  0  0  0
    3.3232   -2.3007    0.0000 C   0  0  0  0  0  0  0  0  0  0  0  0
    1.9967   -2.3007    0.0000 C   0  0  0  0  0  0  0  0  0  0  0  0
    1.3265   -3.4545    0.0000 C   0  0  0  0  0  0  0  0  0  0  0  0
    1.9967   -4.6083    0.0000 C   0  0  0  0  0  0  0  0  0  0  0  0
    1.3265   -5.7552    0.0000 C   0  0  0  0  0  0  0  0  0  0  0  0
    1.9967   -6.9090    0.0000 O   0  0  0  0  0  0  0  0  0  0  0  0
    1.3265   -1.1538    0.0000 N   0  3  0  0  0  0  0  0  0  0  0  0
    1.9967    0.0000    0.0000 O   0  5  0  0  0  0  0  0  0  0  0  0
    0.0000   -1.1538    0.0000 O   0  0  0  0  0  0  0  0  0  0  0  0
  1  2  1  0  0  0  0
  2  3  1  0  0  0  0
  2  7  2  0  0  0  0
  3  4  2  0  0  0  0
  4  5  1  0  0  0  0
  5  6  2  0  0  0  0
  5 10  1  0  0  0  0
  6  7  1  0  0  0  0
  7  8  1  0  0  0  0
  8  9  2  0  0  0  0
 10 11  1  0  0  0  0
 10 12  2  0  0  0  0
M  CHG  2  10   1  11  -1
M  END
