
  ACD/Labs04281713262D

 26 27  0  0  0  0  0  0  0  0  2 V2000
    3.3175  -12.6622    0.0000 O   0  0  0  0  0  0  0  0  0  0  0  0
    3.9886  -11.5099    0.0000 C   0  0  0  0  0  0  0  0  0  0  0  0
    5.3181  -11.5099    0.0000 O   0  0  0  0  0  0  0  0  0  0  0  0
    3.3175  -10.3576    0.0000 C   0  0  0  0  0  0  0  0  0  0  0  0
    3.9886   -9.2054    0.0000 C   0  0  0  0  0  0  0  0  0  0  0  0
    3.3175   -8.0531    0.0000 C   0  0  0  0  0  0  0  0  0  0  0  0
    3.9886   -6.9009    0.0000 S   0  0  0  0  0  0  0  0  0  0  0  0
    3.3175   -5.7613    0.0000 S   0  0  0  0  0  0  0  0  0  0  0  0
    3.9886   -4.6090    0.0000 C   0  0  0  0  0  0  0  0  0  0  0  0
    5.3181   -4.6090    0.0000 C   0  0  0  0  0  0  0  0  0  0  0  0
    5.9765   -3.4568    0.0000 C   0  0  0  0  0  0  0  0  0  0  0  0
    5.3181   -2.3045    0.0000 C   0  0  0  0  0  0  0  0  0  0  0  0
    3.9886   -2.3045    0.0000 C   0  0  0  0  0  0  0  0  0  0  0  0
    3.3175   -3.4568    0.0000 C   0  0  0  0  0  0  0  0  0  0  0  0
    3.3175   -1.1523    0.0000 C   0  0  0  0  0  0  0  0  0  0  0  0
    3.9886    0.0000    0.0000 O   0  0  0  0  0  0  0  0  0  0  0  0
    1.9880   -1.1523    0.0000 O   0  0  0  0  0  0  0  0  0  0  0  0
    5.9765   -1.1523    0.0000 N   0  3  0  0  0  0  0  0  0  0  0  0
    7.3061   -1.1523    0.0000 O   0  0  0  0  0  0  0  0  0  0  0  0
    5.3181    0.0000    0.0000 O   0  5  0  0  0  0  0  0  0  0  0  0
    1.9880   -8.0531    0.0000 C   0  0  0  0  0  0  0  0  0  0  0  0
    1.3295   -9.2054    0.0000 C   0  0  0  0  0  0  0  0  0  0  0  0
    1.9880  -10.3576    0.0000 C   0  0  0  0  0  0  0  0  0  0  0  0
    1.3295  -11.5099    0.0000 N   0  3  0  0  0  0  0  0  0  0  0  0
    0.0000  -11.5099    0.0000 O   0  0  0  0  0  0  0  0  0  0  0  0
    1.9880  -12.6622    0.0000 O   0  5  0  0  0  0  0  0  0  0  0  0
  1  2  1  0  0  0  0
  2  3  2  0  0  0  0
  2  4  1  0  0  0  0
  4  5  1  0  0  0  0
  4 23  2  0  0  0  0
  5  6  2  0  0  0  0
  6  7  1  0  0  0  0
  6 21  1  0  0  0  0
  7  8  1  0  0  0  0
  8  9  1  0  0  0  0
  9 10  1  0  0  0  0
  9 14  2  0  0  0  0
 10 11  2  0  0  0  0
 11 12  1  0  0  0  0
 12 13  2  0  0  0  0
 12 18  1  0  0  0  0
 13 14  1  0  0  0  0
 13 15  1  0  0  0  0
 15 16  2  0  0  0  0
 15 17  1  0  0  0  0
 18 19  2  0  0  0  0
 18 20  1  0  0  0  0
 21 22  2  0  0  0  0
 22 23  1  0  0  0  0
 23 24  1  0  0  0  0
 24 25  2  0  0  0  0
 24 26  1  0  0  0  0
M  CHG  4  18   1  20  -1  24   1  26  -1
M  END
