6254
  Marvin  12300703363D          

 34 35  0  0  0  0            999 V2000
   -0.6566    2.0139   -2.6038 S   0  0  0  0  0  0  0  0  0  0  0  0
    0.0642    2.9396   -0.8850 S   0  0  0  0  0  0  0  0  0  0  0  0
   -1.6007   -3.1749   -2.0224 O   0  0  0  0  0  0  0  0  0  0  0  0
    0.6114    3.3428    4.3734 O   0  0  0  0  0  0  0  0  0  0  0  0
   -0.2951   -4.0415   -3.3555 O   0  0  0  0  0  0  0  0  0  0  0  0
   -1.1760    2.6553    5.1105 O   0  0  0  0  0  0  0  0  0  0  0  0
    3.6208   -3.1086   -2.6684 O   0  5  0  0  0  0  0  0  0  0  0  0
   -2.1885   -1.1058    3.9471 O   0  5  0  0  0  0  0  0  0  0  0  0
    2.0832   -4.1325   -2.1683 O   0  0  0  0  0  0  0  0  0  0  0  0
   -1.0987   -0.0000    5.0637 O   0  0  0  0  0  0  0  0  0  0  0  0
    2.4640   -3.0722   -2.4729 N   0  3  0  0  0  0  0  0  0  0  0  0
   -1.5210   -0.1402    3.9849 N   0  3  0  0  0  0  0  0  0  0  0  0
    0.2650   -1.9434   -2.6122 C   0  0  0  0  0  0  0  0  0  0  0  0
   -0.6318    1.9549    2.9950 C   0  0  0  0  0  0  0  0  0  0  0  0
    0.2694    0.5342   -2.6065 C   0  0  0  0  0  0  0  0  0  0  0  0
   -0.5260    2.0689    0.5147 C   0  0  0  0  0  0  0  0  0  0  0  0
    1.6978   -1.9593   -2.5535 C   0  0  0  0  0  0  0  0  0  0  0  0
   -1.2388    0.6570    2.9277 C   0  0  0  0  0  0  0  0  0  0  0  0
   -0.4117   -0.6963   -2.6510 C   0  0  0  0  0  0  0  0  0  0  0  0
   -0.2700    2.6152    1.7884 C   0  0  0  0  0  0  0  0  0  0  0  0
    1.6717    0.5211   -2.5729 C   0  0  0  0  0  0  0  0  0  0  0  0
   -1.2176    0.8481    0.4642 C   0  0  0  0  0  0  0  0  0  0  0  0
    2.3612   -0.7002   -2.5495 C   0  0  0  0  0  0  0  0  0  0  0  0
   -1.5409    0.1532    1.6347 C   0  0  0  0  0  0  0  0  0  0  0  0
   -0.5499   -3.0751   -2.6530 C   0  0  0  0  0  0  0  0  0  0  0  0
   -0.3836    2.6489    4.1803 C   0  0  0  0  0  0  0  0  0  0  0  0
   -1.4360   -0.6631   -2.7114 H   0  0  0  0  0  0  0  0  0  0  0  0
    0.1868    3.5337    1.8212 H   0  0  0  0  0  0  0  0  0  0  0  0
    2.1996    1.3979   -2.5611 H   0  0  0  0  0  0  0  0  0  0  0  0
   -1.4934    0.4278   -0.4181 H   0  0  0  0  0  0  0  0  0  0  0  0
    3.3825   -0.6405   -2.5150 H   0  0  0  0  0  0  0  0  0  0  0  0
   -1.9977   -0.7543    1.5080 H   0  0  0  0  0  0  0  0  0  0  0  0
   -1.8831   -2.5282   -1.4951 H   0  0  0  0  0  0  0  0  0  0  0  0
    1.2394    3.4237    3.7619 H   0  0  0  0  0  0  0  0  0  0  0  0
  1  2  1  0  0  0  0
  1 15  1  0  0  0  0
  2 16  1  0  0  0  0
  3 25  1  0  0  0  0
  3 33  1  0  0  0  0
  4 26  1  0  0  0  0
  4 34  1  0  0  0  0
  5 25  2  0  0  0  0
  6 26  2  0  0  0  0
  7 11  1  0  0  0  0
  8 12  1  0  0  0  0
  9 11  2  0  0  0  0
 10 12  2  0  0  0  0
 11 17  1  0  0  0  0
 12 18  1  0  0  0  0
 13 17  2  0  0  0  0
 13 19  1  0  0  0  0
 13 25  1  0  0  0  0
 14 18  2  0  0  0  0
 14 20  1  0  0  0  0
 14 26  1  0  0  0  0
 15 19  2  0  0  0  0
 15 21  1  0  0  0  0
 16 20  2  0  0  0  0
 16 22  1  0  0  0  0
 17 23  1  0  0  0  0
 18 24  1  0  0  0  0
 19 27  1  0  0  0  0
 20 28  1  0  0  0  0
 21 23  2  0  0  0  0
 21 29  1  0  0  0  0
 22 24  2  0  0  0  0
 22 30  1  0  0  0  0
 23 31  1  0  0  0  0
 24 32  1  0  0  0  0
M  CHG  4   7  -1   8  -1  11   1  12   1
M  END
> <PUBCHEM_BONDANNOTATIONS>
13  17  8
13  19  8
14  18  8
14  20  8
15  19  8
15  21  8
16  20  8
16  22  8
17  23  8
18  24  8
21  23  8
22  24  8

$$$$
