6259
  Marvin  12300703363D          

 17 17  0  0  0  0            999 V2000
   -0.9612   -3.6522    1.5649 Br  0  0  0  0  0  0  0  0  0  0  0  0
   -2.2504   -1.3644   -0.0574 O   0  0  0  0  0  0  0  0  0  0  0  0
   -0.3421   -0.1197   -0.0409 C   0  0  0  0  0  0  0  0  0  0  0  0
    1.0742   -0.0175   -0.0378 C   0  0  0  0  0  0  0  0  0  0  0  0
   -1.0529    1.1134   -0.0404 C   0  0  0  0  0  0  0  0  0  0  0  0
   -1.0251   -1.3513   -0.0435 C   0  0  0  0  0  0  0  0  0  0  0  0
    1.7418    1.2224   -0.0385 C   0  0  0  0  0  0  0  0  0  0  0  0
   -0.4010    2.3608   -0.0398 C   0  0  0  0  0  0  0  0  0  0  0  0
    1.0013    2.4146   -0.0396 C   0  0  0  0  0  0  0  0  0  0  0  0
   -0.4691   -2.6971   -0.0390 C   0  0  0  0  0  0  0  0  0  0  0  0
    1.6800   -0.8367   -0.0351 H   0  0  0  0  0  0  0  0  0  0  0  0
   -2.0766    1.1372   -0.0404 H   0  0  0  0  0  0  0  0  0  0  0  0
    2.7637    1.2570   -0.0382 H   0  0  0  0  0  0  0  0  0  0  0  0
   -0.9427    3.2292   -0.0396 H   0  0  0  0  0  0  0  0  0  0  0  0
    1.4830    3.3166   -0.0400 H   0  0  0  0  0  0  0  0  0  0  0  0
   -0.8381   -3.2592   -0.9012 H   0  0  0  0  0  0  0  0  0  0  0  0
    0.6152   -2.7531   -0.0936 H   0  0  0  0  0  0  0  0  0  0  0  0
  1 10  1  0  0  0  0
  2  6  2  0  0  0  0
  3  4  2  0  0  0  0
  3  5  1  0  0  0  0
  3  6  1  0  0  0  0
  4  7  1  0  0  0  0
  4 11  1  0  0  0  0
  5  8  2  0  0  0  0
  5 12  1  0  0  0  0
  6 10  1  0  0  0  0
  7  9  2  0  0  0  0
  7 13  1  0  0  0  0
  8  9  1  0  0  0  0
  8 14  1  0  0  0  0
  9 15  1  0  0  0  0
 10 16  1  0  0  0  0
 10 17  1  0  0  0  0
M  END
> <PUBCHEM_BONDANNOTATIONS>
3  4  8
3  5  8
4  7  8
5  8  8
7  9  8
8  9  8

$$$$
