6267
  Marvin  12300703363D          

 17 16  0  0  1  0            999 V2000
    2.2671    0.1676    1.1943 O   0  0  0  0  0  0  0  0  0  0  0  0
    0.4048    0.3973    2.0733 O   0  0  0  0  0  0  0  0  0  0  0  0
   -2.8837    1.0318   -0.4326 O   0  0  0  0  0  0  0  0  0  0  0  0
    0.8504   -1.9617   -0.1623 N   0  0  0  0  0  0  0  0  0  0  0  0
   -0.9855    1.9881   -0.3343 N   0  0  0  0  0  0  0  0  0  0  0  0
    0.4464   -0.5491   -0.0857 C   0  0  1  0  0  0  0  0  0  0  0  0
   -1.1031   -0.4290   -0.2100 C   0  0  0  0  0  0  0  0  0  0  0  0
    1.0535    0.0230    1.1059 C   0  0  0  0  0  0  0  0  0  0  0  0
   -1.6733    0.9038   -0.3267 C   0  0  0  0  0  0  0  0  0  0  0  0
    0.8815   -0.0588   -0.9621 H   0  0  0  0  0  0  0  0  0  0  0  0
   -1.4142   -0.9808   -1.1020 H   0  0  0  0  0  0  0  0  0  0  0  0
   -1.5656   -0.9293    0.6460 H   0  0  0  0  0  0  0  0  0  0  0  0
    0.5148   -2.3281   -1.0560 H   0  0  0  0  0  0  0  0  0  0  0  0
    1.8721   -1.9823   -0.2062 H   0  0  0  0  0  0  0  0  0  0  0  0
   -1.4028    2.8138   -0.4690 H   0  0  0  0  0  0  0  0  0  0  0  0
   -0.0600    1.9591   -0.2043 H   0  0  0  0  0  0  0  0  0  0  0  0
    2.7977   -0.0655    0.5315 H   0  0  0  0  0  0  0  0  0  0  0  0
  1  8  1  0  0  0  0
  1 17  1  0  0  0  0
  2  8  2  0  0  0  0
  3  9  2  0  0  0  0
  6  4  1  0  0  0  0
  4 13  1  0  0  0  0
  4 14  1  0  0  0  0
  5  9  1  0  0  0  0
  5 15  1  0  0  0  0
  5 16  1  0  0  0  0
  6  7  1  0  0  0  0
  6  8  1  0  0  0  0
  6 10  1  0  0  0  0
  7  9  1  0  0  0  0
  7 11  1  0  0  0  0
  7 12  1  0  0  0  0
M  END
> <PUBCHEM_BONDANNOTATIONS>
6  4  5

$$$$
