
  ACLJDraw11081422072D

 11 11  0  0  0  0  0  0  0  0999 V2000
    1.7350   -0.0103    0.0000 C   0  0  0  0  0  0  0  0  0  0  0  0
    0.8675   -0.5077    0.0000 C   0  0  0  0  0  0  0  0  0  0  0  0
   -0.8675   -0.5077    0.0000 C   0  0  0  0  0  0  0  0  0  0  0  0
    0.0000    0.0000    0.0000 C   0  0  0  0  0  0  0  0  0  0  0  0
   -0.8675   -1.5129    0.0000 C   0  0  0  0  0  0  0  0  0  0  0  0
    2.5995   -0.5128    0.0000 O   0  0  0  0  0  0  0  0  0  0  0  0
    0.8675   -1.5129    0.0000 C   0  0  0  0  0  0  0  0  0  0  0  0
    0.0000   -2.0104    0.0000 C   0  0  0  0  0  0  0  0  0  0  0  0
   -1.7350   -0.0103    0.0000 F   0  0  0  0  0  0  0  0  0  0  0  0
    1.7350    0.9897    0.0000 O   0  0  0  0  0  0  0  0  0  0  0  0
   -1.7328   -2.0142    0.0000 C   0  0  0  0  0  0  0  0  0  0  0  0
  1  2  1  0  0  0  0
  1  6  1  0  0  0  0
  1 10  2  0  0  0  0
  2  4  1  0  0  0  0
  2  7  2  0  0  0  0
  3  4  2  0  0  0  0
  3  9  1  0  0  0  0
  3  5  1  0  0  0  0
  5  8  2  0  0  0  0
  5 11  1  0  0  0  0
  7  8  1  0  0  0  0
M  END
