
  ACD/Labs04281711282D

 11 11  0  0  0  0  0  0  0  0  1 V2000
    0.0000   -1.9979    0.0000 C   0  0  0  0  0  0  0  0  0  0  0  0
    2.3017   -1.9979    0.0000 C   0  0  0  0  0  0  0  0  0  0  0  0
    1.1509   -1.3304    0.0000 C   0  0  0  0  0  0  0  0  0  0  0  0
    2.3017   -3.3283    0.0000 C   0  0  0  0  0  0  0  0  0  0  0  0
    0.0000   -3.3329    0.0000 C   0  0  0  0  0  0  0  0  0  0  0  0
    1.1555   -3.9912    0.0000 C   0  0  0  0  0  0  0  0  0  0  0  0
    3.4526   -3.9912    0.0000 Cl  0  0  0  0  0  0  0  0  0  0  0  0
    1.1509    0.0000    0.0000 F   0  0  0  0  0  0  0  0  0  0  0  0
    3.4526   -1.3304    0.0000 C   0  0  0  0  0  0  0  0  0  0  0  0
    4.6034   -1.9979    0.0000 O   0  0  0  0  0  0  0  0  0  0  0  0
    3.4526    0.0000    0.0000 O   0  0  0  0  0  0  0  0  0  0  0  0
  1  3  2  0  0  0  0
  1  5  1  0  0  0  0
  2  4  2  0  0  0  0
  2  3  1  0  0  0  0
  2  9  1  0  0  0  0
  3  8  1  0  0  0  0
  4  6  1  0  0  0  0
  4  7  1  0  0  0  0
  5  6  2  0  0  0  0
  9 10  1  0  0  0  0
  9 11  2  0  0  0  0
M  END
