68092
  Marvin  12310720203D          

 20 21  0  0  0  0            999 V2000
   -2.9383    2.2014   -0.4670 O   0  0  0  0  0  0  0  0  0  0  0  0
   -3.1222    0.5200    0.6957 O   0  0  0  0  0  0  0  0  0  0  0  0
   -0.2668    2.2452    0.0383 N   0  0  0  0  0  0  0  0  0  0  0  0
   -0.2882   -0.1448    0.0506 C   0  0  0  0  0  0  0  0  0  0  0  0
    1.1424   -0.1163    0.0540 C   0  0  0  0  0  0  0  0  0  0  0  0
   -0.9935    1.0944    0.0554 C   0  0  0  0  0  0  0  0  0  0  0  0
   -0.9234   -1.4114    0.0190 C   0  0  0  0  0  0  0  0  0  0  0  0
    1.8775   -1.3250    0.0543 C   0  0  0  0  0  0  0  0  0  0  0  0
    1.8243    1.1201    0.0488 C   0  0  0  0  0  0  0  0  0  0  0  0
   -0.1873   -2.6072    0.0309 C   0  0  0  0  0  0  0  0  0  0  0  0
    1.2146   -2.5637    0.0497 C   0  0  0  0  0  0  0  0  0  0  0  0
    1.0845    2.3111    0.0361 C   0  0  0  0  0  0  0  0  0  0  0  0
   -2.3706    1.2685    0.0901 C   0  0  0  0  0  0  0  0  0  0  0  0
   -1.9380   -1.5068   -0.0224 H   0  0  0  0  0  0  0  0  0  0  0  0
    2.9012   -1.3252    0.0557 H   0  0  0  0  0  0  0  0  0  0  0  0
    2.8469    1.1745    0.0500 H   0  0  0  0  0  0  0  0  0  0  0  0
   -0.6732   -3.5070    0.0223 H   0  0  0  0  0  0  0  0  0  0  0  0
    1.7487   -3.4353    0.0554 H   0  0  0  0  0  0  0  0  0  0  0  0
    1.5501    3.2204    0.0284 H   0  0  0  0  0  0  0  0  0  0  0  0
   -2.4887    2.7869   -0.9453 H   0  0  0  0  0  0  0  0  0  0  0  0
  1 13  1  0  0  0  0
  1 20  1  0  0  0  0
  2 13  2  0  0  0  0
  3  6  2  0  0  0  0
  3 12  1  0  0  0  0
  4  5  1  0  0  0  0
  4  6  1  0  0  0  0
  4  7  2  0  0  0  0
  5  8  2  0  0  0  0
  5  9  1  0  0  0  0
  6 13  1  0  0  0  0
  7 10  1  0  0  0  0
  7 14  1  0  0  0  0
  8 11  1  0  0  0  0
  8 15  1  0  0  0  0
  9 12  2  0  0  0  0
  9 16  1  0  0  0  0
 10 11  2  0  0  0  0
 10 17  1  0  0  0  0
 11 18  1  0  0  0  0
 12 19  1  0  0  0  0
M  END
> <PUBCHEM_BONDANNOTATIONS>
10  11  8
3  12  8
3  6  8
4  5  8
4  6  8
4  7  8
5  8  8
5  9  8
7  10  8
8  11  8
9  12  8

$$$$
