6386
  Marvin  12300703363D          

 15 14  0  0  0  0            999 V2000
    1.6742    0.0799   -0.0000 O   0  0  0  0  0  0  0  0  0  0  0  0
    0.2439    0.0588   -0.0000 C   0  0  2  0  0  0  0  0  0  0  0  0
   -0.2336    1.5370   -0.0000 C   0  0  0  0  0  0  0  0  0  0  0  0
   -0.2328   -0.6790    1.2814 C   0  0  0  0  0  0  0  0  0  0  0  0
   -0.2328   -0.6790   -1.2814 C   0  0  0  0  0  0  0  0  0  0  0  0
    0.1312    2.0701   -0.8805 H   0  0  0  0  0  0  0  0  0  0  0  0
    0.1312    2.0701    0.8805 H   0  0  0  0  0  0  0  0  0  0  0  0
   -1.3242    1.5939   -0.0000 H   0  0  0  0  0  0  0  0  0  0  0  0
    0.1325   -0.1819    2.1825 H   0  0  0  0  0  0  0  0  0  0  0  0
    0.1313   -1.7082    1.3033 H   0  0  0  0  0  0  0  0  0  0  0  0
   -1.3236   -0.7069    1.3306 H   0  0  0  0  0  0  0  0  0  0  0  0
    0.1313   -1.7082   -1.3033 H   0  0  0  0  0  0  0  0  0  0  0  0
    0.1325   -0.1819   -2.1825 H   0  0  0  0  0  0  0  0  0  0  0  0
   -1.3236   -0.7069   -1.3306 H   0  0  0  0  0  0  0  0  0  0  0  0
    1.9624   -0.8579    0.0000 H   0  0  0  0  0  0  0  0  0  0  0  0
  1  2  1  0  0  0  0
  1 15  1  0  0  0  0
  2  3  1  0  0  0  0
  2  4  1  0  0  0  0
  2  5  1  0  0  0  0
  3  6  1  0  0  0  0
  3  7  1  0  0  0  0
  3  8  1  0  0  0  0
  4  9  1  0  0  0  0
  4 10  1  0  0  0  0
  4 11  1  0  0  0  0
  5 12  1  0  0  0  0
  5 13  1  0  0  0  0
  5 14  1  0  0  0  0
M  END
$$$$
