69043
  Marvin  12310720203D          

 20 20  0  0  0  0            999 V2000
   -1.8744   -1.8185    0.8864 O   0  0  0  0  0  0  0  0  0  0  0  0
    2.9522   -1.5900    0.4912 O   0  0  0  0  0  0  0  0  0  0  0  0
   -1.0344   -2.4282   -0.9172 O   0  0  0  0  0  0  0  0  0  0  0  0
    1.6088   -2.5760   -0.6700 O   0  0  0  0  0  0  0  0  0  0  0  0
   -3.0600    1.9917    0.0232 O   0  5  0  0  0  0  0  0  0  0  0  0
   -3.2290    0.1543   -0.4458 O   0  0  0  0  0  0  0  0  0  0  0  0
   -2.4685    0.9951   -0.1704 N   0  3  0  0  0  0  0  0  0  0  0  0
   -0.3926   -0.3858   -0.0982 C   0  0  0  0  0  0  0  0  0  0  0  0
    1.0443   -0.4012   -0.1008 C   0  0  0  0  0  0  0  0  0  0  0  0
   -1.1186    0.8570   -0.1161 C   0  0  0  0  0  0  0  0  0  0  0  0
    1.7249    0.8415   -0.1038 C   0  0  0  0  0  0  0  0  0  0  0  0
   -0.3566    2.0545   -0.0980 C   0  0  0  0  0  0  0  0  0  0  0  0
    1.0408    2.0592   -0.0924 C   0  0  0  0  0  0  0  0  0  0  0  0
   -1.1033   -1.5819   -0.0383 C   0  0  0  0  0  0  0  0  0  0  0  0
    1.8687   -1.5355   -0.0875 C   0  0  0  0  0  0  0  0  0  0  0  0
    2.7479    0.9036   -0.1193 H   0  0  0  0  0  0  0  0  0  0  0  0
   -0.8036    2.9749   -0.0991 H   0  0  0  0  0  0  0  0  0  0  0  0
    1.5565    2.9428   -0.0864 H   0  0  0  0  0  0  0  0  0  0  0  0
   -2.3646   -2.5512    0.8904 H   0  0  0  0  0  0  0  0  0  0  0  0
    3.2615   -0.9065    0.9519 H   0  0  0  0  0  0  0  0  0  0  0  0
  1 14  1  0  0  0  0
  1 19  1  0  0  0  0
  2 15  1  0  0  0  0
  2 20  1  0  0  0  0
  3 14  2  0  0  0  0
  4 15  2  0  0  0  0
  5  7  1  0  0  0  0
  6  7  2  0  0  0  0
  7 10  1  0  0  0  0
  8  9  2  0  0  0  0
  8 10  1  0  0  0  0
  8 14  1  0  0  0  0
  9 11  1  0  0  0  0
  9 15  1  0  0  0  0
 10 12  2  0  0  0  0
 11 13  2  0  0  0  0
 11 16  1  0  0  0  0
 12 13  1  0  0  0  0
 12 17  1  0  0  0  0
 13 18  1  0  0  0  0
M  CHG  2   5  -1   7   1
M  END
> <PUBCHEM_BONDANNOTATIONS>
10  12  8
11  13  8
12  13  8
8  10  8
8  9  8
9  11  8

$$$$
