
  ACD/Labs06251410132D

 15 15  0  0  0  0  0  0  0  0  2 V2000
    3.9911   -4.6074    0.0000 O   0  0  0  0  0  0  0  0  0  0  0  0
    4.6553   -3.4585    0.0000 C   0  0  0  0  0  0  0  0  0  0  0  0
    5.9836   -3.4585    0.0000 O   0  0  0  0  0  0  0  0  0  0  0  0
    3.9911   -2.3037    0.0000 C   0  0  0  0  0  0  0  0  0  0  0  0
    4.6553   -1.1548    0.0000 C   0  0  0  0  0  0  0  0  0  0  0  0
    3.9911    0.0000    0.0000 C   0  0  0  0  0  0  0  0  0  0  0  0
    2.6567    0.0000    0.0000 C   0  0  0  0  0  0  0  0  0  0  0  0
    1.9925   -1.1548    0.0000 C   0  0  0  0  0  0  0  0  0  0  0  0
    2.6567   -2.3037    0.0000 C   0  0  0  0  0  0  0  0  0  0  0  0
    1.9925   -3.4585    0.0000 C   0  0  0  0  0  0  0  0  0  0  0  0
    0.6642   -3.4585    0.0000 O   0  0  0  0  0  0  0  0  0  0  0  0
    2.6567   -4.6074    0.0000 O   0  0  0  0  0  0  0  0  0  0  0  0
    0.6642   -1.1548    0.0000 N   0  3  0  0  0  0  0  0  0  0  0  0
    0.0000    0.0000    0.0000 O   0  5  0  0  0  0  0  0  0  0  0  0
    0.0000   -2.3037    0.0000 O   0  0  0  0  0  0  0  0  0  0  0  0
  1  2  1  0  0  0  0
  2  3  2  0  0  0  0
  2  4  1  0  0  0  0
  4  5  1  0  0  0  0
  4  9  2  0  0  0  0
  5  6  2  0  0  0  0
  6  7  1  0  0  0  0
  7  8  2  0  0  0  0
  8  9  1  0  0  0  0
  8 13  1  0  0  0  0
  9 10  1  0  0  0  0
 10 11  1  0  0  0  0
 10 12  2  0  0  0  0
 13 14  1  0  0  0  0
 13 15  2  0  0  0  0
M  CHG  2  13   1  14  -1
M  END
