
  ACD/Labs04281713422D

  8  7  0  0  0  0  0  0  0  0  1 V2000
    0.0000   -1.7390    0.0000 O   0  0  0  0  0  0  0  0  0  0  0  0
    3.2638   -3.6483    0.0000 O   0  0  0  0  0  0  0  0  0  0  0  0
    4.3693   -1.7564    0.0000 O   0  0  0  0  0  0  0  0  0  0  0  0
    2.2152    0.0000    0.0000 N   0  0  0  0  0  0  0  0  0  0  0  0
    2.1759   -1.7390    0.0000 C   0  0  0  0  0  0  0  0  0  0  0  0
    1.0879   -1.1098    0.0000 C   0  0  0  0  0  0  0  0  0  0  0  0
    2.1759   -3.0192    0.0000 C   0  0  0  0  0  0  0  0  0  0  0  0
    3.2638   -1.1273    0.0000 C   0  0  0  0  0  0  0  0  0  0  0  0
  1  6  1  0  0  0  0
  2  7  1  0  0  0  0
  3  8  1  0  0  0  0
  4  5  1  0  0  0  0
  5  6  1  0  0  0  0
  5  7  1  0  0  0  0
  5  8  1  0  0  0  0
M  END
