6503
  Marvin  12300703363D          

 19 18  0  0  0  0            999 V2000
    2.0486   -1.4141   -0.1720 O   0  0  0  0  0  0  0  0  0  0  0  0
   -0.0842    2.1423   -1.3561 O   0  0  0  0  0  0  0  0  0  0  0  0
   -2.0172   -0.8044    1.1306 O   0  0  0  0  0  0  0  0  0  0  0  0
   -0.5054   -0.7171   -1.3644 N   0  0  0  0  0  0  0  0  0  0  0  0
   -0.0239   -0.0346   -0.1495 C   0  0  1  0  0  0  0  0  0  0  0  0
    1.5342   -0.0841   -0.1613 C   0  0  0  0  0  0  0  0  0  0  0  0
   -0.5305    1.4388   -0.1985 C   0  0  0  0  0  0  0  0  0  0  0  0
   -0.5919   -0.7744    1.1004 C   0  0  0  0  0  0  0  0  0  0  0  0
    1.9351    0.4166   -1.0456 H   0  0  0  0  0  0  0  0  0  0  0  0
    1.9415    0.4217    0.7163 H   0  0  0  0  0  0  0  0  0  0  0  0
   -0.1890    1.9922    0.6784 H   0  0  0  0  0  0  0  0  0  0  0  0
   -1.6221    1.4774   -0.2072 H   0  0  0  0  0  0  0  0  0  0  0  0
   -0.2514   -0.2925    2.0188 H   0  0  0  0  0  0  0  0  0  0  0  0
   -0.2536   -1.8125    1.1280 H   0  0  0  0  0  0  0  0  0  0  0  0
   -1.5275   -0.7315   -1.3332 H   0  0  0  0  0  0  0  0  0  0  0  0
   -0.1921   -1.6897   -1.3245 H   0  0  0  0  0  0  0  0  0  0  0  0
    3.0235   -1.3130   -0.1606 H   0  0  0  0  0  0  0  0  0  0  0  0
   -0.4477    3.0477   -1.2624 H   0  0  0  0  0  0  0  0  0  0  0  0
   -2.2465   -1.2690    1.9628 H   0  0  0  0  0  0  0  0  0  0  0  0
  1  6  1  0  0  0  0
  1 17  1  0  0  0  0
  2  7  1  0  0  0  0
  2 18  1  0  0  0  0
  3  8  1  0  0  0  0
  3 19  1  0  0  0  0
  4  5  1  0  0  0  0
  4 15  1  0  0  0  0
  4 16  1  0  0  0  0
  5  6  1  0  0  0  0
  5  7  1  0  0  0  0
  5  8  1  0  0  0  0
  6  9  1  0  0  0  0
  6 10  1  0  0  0  0
  7 11  1  0  0  0  0
  7 12  1  0  0  0  0
  8 13  1  0  0  0  0
  8 14  1  0  0  0  0
M  END
$$$$
