69468
  Marvin  12310720203D          

 15 15  0  0  0  0            999 V2000
    1.9806   -0.0313    0.0000 S   0  0  1  0  0  0  0  0  0  0  0  0
    2.5618   -1.5114   -0.0000 O   0  0  0  0  0  0  0  0  0  0  0  0
    2.4952    0.7343    1.2948 O   0  0  0  0  0  0  0  0  0  0  0  0
    2.4952    0.7343   -1.2948 O   0  0  0  0  0  0  0  0  0  0  0  0
   -1.8489   -1.2075   -0.0000 N   0  0  0  0  0  0  0  0  0  0  0  0
    0.2427   -0.0400   -0.0000 C   0  0  0  0  0  0  0  0  0  0  0  0
   -0.4673    1.1772   -0.0000 C   0  0  0  0  0  0  0  0  0  0  0  0
   -0.4930   -1.2443   -0.0000 C   0  0  0  0  0  0  0  0  0  0  0  0
   -1.8742    1.1821   -0.0000 C   0  0  0  0  0  0  0  0  0  0  0  0
   -2.5552   -0.0487   -0.0000 C   0  0  0  0  0  0  0  0  0  0  0  0
    0.0308    2.0713   -0.0000 H   0  0  0  0  0  0  0  0  0  0  0  0
   -0.0320   -2.1556   -0.0000 H   0  0  0  0  0  0  0  0  0  0  0  0
   -2.3907    2.0636   -0.0000 H   0  0  0  0  0  0  0  0  0  0  0  0
   -3.5751   -0.0809   -0.0000 H   0  0  0  0  0  0  0  0  0  0  0  0
    3.4301   -1.6431   -0.0000 H   0  0  0  0  0  0  0  0  0  0  0  0
  1  2  1  0  0  0  0
  1  3  2  0  0  0  0
  1  4  2  0  0  0  0
  1  6  1  0  0  0  0
  2 15  1  0  0  0  0
  5  8  1  0  0  0  0
  5 10  2  0  0  0  0
  6  7  1  0  0  0  0
  6  8  2  0  0  0  0
  7  9  2  0  0  0  0
  7 11  1  0  0  0  0
  8 12  1  0  0  0  0
  9 10  1  0  0  0  0
  9 13  1  0  0  0  0
 10 14  1  0  0  0  0
M  END
> <PUBCHEM_BONDANNOTATIONS>
5  10  8
5  8  8
6  7  8
6  8  8
7  9  8
9  10  8

$$$$
