
  ACD/Labs04281712082D

  9  9  0  0  0  0  0  0  0  0  1 V2000
    2.6589   -4.6082    0.0000 I   0  0  0  0  0  0  0  0  0  0  0  0
    1.9953   -3.4561    0.0000 C   0  0  0  0  0  0  0  0  0  0  0  0
    2.6589   -2.3041    0.0000 C   0  0  0  0  0  0  0  0  0  0  0  0
    1.9953   -1.1520    0.0000 N   0  0  0  0  0  0  0  0  0  0  0  0
    0.6636   -1.1520    0.0000 C   0  0  0  0  0  0  0  0  0  0  0  0
    0.0000    0.0000    0.0000 O   0  0  0  0  0  0  0  0  0  0  0  0
    0.0000   -2.3041    0.0000 N   0  0  0  0  0  0  0  0  0  0  0  0
    0.6636   -3.4561    0.0000 C   0  0  0  0  0  0  0  0  0  0  0  0
    0.0000   -4.6082    0.0000 O   0  0  0  0  0  0  0  0  0  0  0  0
  1  2  1  0  0  0  0
  2  3  2  0  0  0  0
  2  8  1  0  0  0  0
  3  4  1  0  0  0  0
  4  5  1  0  0  0  0
  5  6  2  0  0  0  0
  5  7  1  0  0  0  0
  7  8  1  0  0  0  0
  8  9  2  0  0  0  0
M  END
