69672
  Marvin  12310720203D          

 12 12  0  0  0  0            999 V2000
    2.9106    1.5890   -0.0000 I   0  0  0  0  0  0  0  0  0  0  0  0
    2.0297   -1.4766    0.0000 O   0  0  0  0  0  0  0  0  0  0  0  0
   -2.3410   -1.1860    0.0000 O   0  0  0  0  0  0  0  0  0  0  0  0
   -0.1442   -1.3376    0.0000 N   0  0  0  0  0  0  0  0  0  0  0  0
   -1.1784    0.6815   -0.0000 N   0  0  0  0  0  0  0  0  0  0  0  0
    1.0399   -0.7610    0.0000 C   0  0  0  0  0  0  0  0  0  0  0  0
   -1.2535   -0.6314    0.0000 C   0  0  0  0  0  0  0  0  0  0  0  0
    1.1374    0.6094   -0.0000 C   0  0  0  0  0  0  0  0  0  0  0  0
   -0.0204    1.3051    0.0000 C   0  0  0  0  0  0  0  0  0  0  0  0
   -0.1993   -2.2733   -0.0000 H   0  0  0  0  0  0  0  0  0  0  0  0
   -1.9673    1.1850    0.0000 H   0  0  0  0  0  0  0  0  0  0  0  0
   -0.0135    2.2960   -0.0000 H   0  0  0  0  0  0  0  0  0  0  0  0
  1  8  1  0  0  0  0
  2  6  2  0  0  0  0
  3  7  2  0  0  0  0
  4  6  1  0  0  0  0
  4  7  1  0  0  0  0
  4 10  1  0  0  0  0
  5  7  1  0  0  0  0
  5  9  1  0  0  0  0
  5 11  1  0  0  0  0
  6  8  1  0  0  0  0
  8  9  2  0  0  0  0
  9 12  1  0  0  0  0
M  END
> <PUBCHEM_BONDANNOTATIONS>
4  6  8
4  7  8
5  7  8
5  9  8
6  8  8
8  9  8

$$$$
