
  ACD/Labs04281712072D

 11 11  0  0  0  0  0  0  0  0  1 V2000
    3.3232   -5.7595    0.0000 N   0  0  0  0  0  0  0  0  0  0  0  0
    2.6609   -4.6076    0.0000 C   0  0  0  0  0  0  0  0  0  0  0  0
    1.9928   -3.4557    0.0000 C   0  0  0  0  0  0  0  0  0  0  0  0
    2.6609   -2.3038    0.0000 C   0  0  0  0  0  0  0  0  0  0  0  0
    3.9913   -2.3038    0.0000 O   0  0  0  0  0  0  0  0  0  0  0  0
    1.9928   -1.1519    0.0000 N   0  0  0  0  0  0  0  0  0  0  0  0
    0.6623   -1.1519    0.0000 C   0  0  0  0  0  0  0  0  0  0  0  0
    0.0000    0.0000    0.0000 C   0  0  0  0  0  0  0  0  0  0  0  0
    0.0000   -2.3038    0.0000 C   0  0  0  0  0  0  0  0  0  0  0  0
    0.6623   -3.4557    0.0000 C   0  0  0  0  0  0  0  0  0  0  0  0
    0.0000   -4.6076    0.0000 C   0  0  0  0  0  0  0  0  0  0  0  0
  1  2  3  0  0  0  0
  2  3  1  0  0  0  0
  3  4  2  0  0  0  0
  3 10  1  0  0  0  0
  4  5  1  0  0  0  0
  4  6  1  0  0  0  0
  6  7  2  0  0  0  0
  7  8  1  0  0  0  0
  7  9  1  0  0  0  0
  9 10  2  0  0  0  0
 10 11  1  0  0  0  0
M  END
