69867
  Marvin  12310720203D          

 19 20  0  0  0  0            999 V2000
   -2.2454    2.8885   -0.0000 O   0  0  0  0  0  0  0  0  0  0  0  0
   -2.9825    0.9672    0.0000 O   0  0  0  0  0  0  0  0  0  0  0  0
    1.5479    1.1376    0.0000 N   0  0  0  0  0  0  0  0  0  0  0  0
   -0.2743   -0.1387   -0.0000 C   0  0  0  0  0  0  0  0  0  0  0  0
    1.1262   -0.1338    0.0000 C   0  0  0  0  0  0  0  0  0  0  0  0
   -0.7049    1.1929   -0.0000 C   0  0  0  0  0  0  0  0  0  0  0  0
    0.4760    1.9450   -0.0000 C   0  0  0  0  0  0  0  0  0  0  0  0
   -0.9722   -1.3644   -0.0000 C   0  0  0  0  0  0  0  0  0  0  0  0
    1.8653   -1.3305    0.0000 C   0  0  0  0  0  0  0  0  0  0  0  0
   -0.2454   -2.5714    0.0000 C   0  0  0  0  0  0  0  0  0  0  0  0
    1.1652   -2.5543   -0.0000 C   0  0  0  0  0  0  0  0  0  0  0  0
   -1.9974    1.6897    0.0000 C   0  0  0  0  0  0  0  0  0  0  0  0
    2.4733    1.4296   -0.0000 H   0  0  0  0  0  0  0  0  0  0  0  0
    0.5379    2.9651   -0.0000 H   0  0  0  0  0  0  0  0  0  0  0  0
   -1.9923   -1.3951    0.0000 H   0  0  0  0  0  0  0  0  0  0  0  0
    2.8871   -1.3136   -0.0000 H   0  0  0  0  0  0  0  0  0  0  0  0
   -0.7463   -3.4624   -0.0000 H   0  0  0  0  0  0  0  0  0  0  0  0
    1.6812   -3.4365    0.0000 H   0  0  0  0  0  0  0  0  0  0  0  0
   -1.5994    3.4851    0.0000 H   0  0  0  0  0  0  0  0  0  0  0  0
  1 12  1  0  0  0  0
  1 19  1  0  0  0  0
  2 12  2  0  0  0  0
  3  5  1  0  0  0  0
  3  7  1  0  0  0  0
  3 13  1  0  0  0  0
  4  5  1  0  0  0  0
  4  6  1  0  0  0  0
  4  8  2  0  0  0  0
  5  9  2  0  0  0  0
  6  7  2  0  0  0  0
  6 12  1  0  0  0  0
  7 14  1  0  0  0  0
  8 10  1  0  0  0  0
  8 15  1  0  0  0  0
  9 11  1  0  0  0  0
  9 16  1  0  0  0  0
 10 11  2  0  0  0  0
 10 17  1  0  0  0  0
 11 18  1  0  0  0  0
M  END
> <PUBCHEM_BONDANNOTATIONS>
10  11  8
3  5  8
3  7  8
4  5  8
4  6  8
4  8  8
5  9  8
6  7  8
8  10  8
9  11  8

$$$$
