6579
  Marvin  12300703363D          

 10  9  0  0  0  0            999 V2000
    1.2702   -1.6791    0.1522 O   0  0  0  0  0  0  0  0  0  0  0  0
    1.4364    0.4260   -0.0064 N   0  0  0  0  0  0  0  0  0  0  0  0
    0.6816   -0.6123    0.0459 C   0  0  0  0  0  0  0  0  0  0  0  0
   -0.6738   -0.5914   -0.0106 C   0  0  0  0  0  0  0  0  0  0  0  0
   -1.4596    0.4945   -0.0262 C   0  0  0  0  0  0  0  0  0  0  0  0
   -1.1465   -1.4677   -0.0392 H   0  0  0  0  0  0  0  0  0  0  0  0
    2.3626    0.3394    0.0933 H   0  0  0  0  0  0  0  0  0  0  0  0
    1.0694    1.2745   -0.1473 H   0  0  0  0  0  0  0  0  0  0  0  0
   -2.4473    0.3999   -0.0669 H   0  0  0  0  0  0  0  0  0  0  0  0
   -1.0930    1.4162    0.0051 H   0  0  0  0  0  0  0  0  0  0  0  0
  1  3  2  0  0  0  0
  2  3  1  0  0  0  0
  2  7  1  0  0  0  0
  2  8  1  0  0  0  0
  3  4  1  0  0  0  0
  4  5  2  0  0  0  0
  4  6  1  0  0  0  0
  5  9  1  0  0  0  0
  5 10  1  0  0  0  0
M  END
$$$$
