
  ACD/Labs04281710392D

  5  4  0  0  0  0  0  0  0  0  1 V2000
    1.1511   -1.9945    0.0000 O   0  0  0  0  0  0  0  0  0  0  0  0
    0.0000    0.0000    0.0000 N   0  0  0  0  0  0  0  0  0  0  0  0
    1.1511   -0.6637    0.0000 C   0  0  0  0  0  0  0  0  0  0  0  0
    2.3056    0.0000    0.0000 C   0  0  0  0  0  0  0  0  0  0  0  0
    3.4567   -0.6637    0.0000 C   0  0  0  0  0  0  0  0  0  0  0  0
  1  3  2  0  0  0  0
  2  3  1  0  0  0  0
  3  4  1  0  0  0  0
  4  5  2  0  0  0  0
M  END
