70140
  Marvin  12310720203D          

 20 20  0  0  0  0            999 V2000
    2.1812    0.5925    0.0760 O   0  0  0  0  0  0  0  0  0  0  0  0
    0.8982   -1.7535    0.2894 O   0  0  0  0  0  0  0  0  0  0  0  0
   -3.0515   -2.0274    0.7700 O   0  0  0  0  0  0  0  0  0  0  0  0
   -1.4935   -2.9493   -0.1902 O   0  0  0  0  0  0  0  0  0  0  0  0
   -1.2001   -0.7224    0.2950 C   0  0  0  0  0  0  0  0  0  0  0  0
    0.2220   -0.6872    0.2632 C   0  0  0  0  0  0  0  0  0  0  0  0
    0.9189    0.5434    0.2126 C   0  0  0  0  0  0  0  0  0  0  0  0
   -1.8864    0.5190    0.3154 C   0  0  0  0  0  0  0  0  0  0  0  0
    0.2054    1.7550    0.2828 C   0  0  0  0  0  0  0  0  0  0  0  0
   -1.1966    1.7440    0.3246 C   0  0  0  0  0  0  0  0  0  0  0  0
   -1.9266   -1.9129    0.2945 C   0  0  0  0  0  0  0  0  0  0  0  0
    2.8312    0.5466   -1.0921 C   0  0  0  0  0  0  0  0  0  0  0  0
   -2.9089    0.5609    0.3143 H   0  0  0  0  0  0  0  0  0  0  0  0
    0.6997    2.6516    0.2870 H   0  0  0  0  0  0  0  0  0  0  0  0
   -1.7134    2.6261    0.3497 H   0  0  0  0  0  0  0  0  0  0  0  0
    3.9033    0.5616   -0.8991 H   0  0  0  0  0  0  0  0  0  0  0  0
    2.5858    1.4116   -1.7138 H   0  0  0  0  0  0  0  0  0  0  0  0
    2.6013   -0.3642   -1.6517 H   0  0  0  0  0  0  0  0  0  0  0  0
    1.7784   -1.7419    0.2993 H   0  0  0  0  0  0  0  0  0  0  0  0
   -3.4484   -1.3534    1.1732 H   0  0  0  0  0  0  0  0  0  0  0  0
  1  7  1  0  0  0  0
  1 12  1  0  0  0  0
  2  6  1  0  0  0  0
  2 19  1  0  0  0  0
  3 11  1  0  0  0  0
  3 20  1  0  0  0  0
  4 11  2  0  0  0  0
  5  6  2  0  0  0  0
  5  8  1  0  0  0  0
  5 11  1  0  0  0  0
  6  7  1  0  0  0  0
  7  9  2  0  0  0  0
  8 10  2  0  0  0  0
  8 13  1  0  0  0  0
  9 10  1  0  0  0  0
  9 14  1  0  0  0  0
 10 15  1  0  0  0  0
 12 16  1  0  0  0  0
 12 17  1  0  0  0  0
 12 18  1  0  0  0  0
M  END
> <PUBCHEM_BONDANNOTATIONS>
5  6  8
5  8  8
6  7  8
7  9  8
8  10  8
9  10  8

$$$$
