70482
  Marvin  12310720203D          

 15 15  0  0  0  0            999 V2000
   -3.0106    0.2964   -1.1218 O   0  0  0  0  0  0  0  0  0  0  0  0
   -1.1111   -0.7861   -1.0711 N   0  0  0  0  0  0  0  0  0  0  0  0
    0.6715   -0.0783    0.2406 C   0  0  0  0  0  0  0  0  0  0  0  0
    0.1239   -0.9485   -0.6445 C   0  0  0  0  0  0  0  0  0  0  0  0
   -0.1227    0.9709    0.6659 C   0  0  0  0  0  0  0  0  0  0  0  0
    2.0370   -0.2532    0.7129 C   0  0  0  0  0  0  0  0  0  0  0  0
   -1.3885    1.1232    0.2162 C   0  0  0  0  0  0  0  0  0  0  0  0
   -1.8760    0.2087   -0.6780 C   0  0  0  0  0  0  0  0  0  0  0  0
    0.6324   -1.7270   -0.9951 H   0  0  0  0  0  0  0  0  0  0  0  0
    0.2257    1.6379    1.3154 H   0  0  0  0  0  0  0  0  0  0  0  0
    2.7326   -0.2212   -0.1283 H   0  0  0  0  0  0  0  0  0  0  0  0
    2.1403   -1.2164    1.2170 H   0  0  0  0  0  0  0  0  0  0  0  0
    2.3542    0.5160    1.4213 H   0  0  0  0  0  0  0  0  0  0  0  0
   -1.4604   -1.4046   -1.6804 H   0  0  0  0  0  0  0  0  0  0  0  0
   -1.9484    1.8823    0.5299 H   0  0  0  0  0  0  0  0  0  0  0  0
  1  8  2  0  0  0  0
  2  4  1  0  0  0  0
  2  8  1  0  0  0  0
  2 14  1  0  0  0  0
  3  4  2  0  0  0  0
  3  5  1  0  0  0  0
  3  6  1  0  0  0  0
  4  9  1  0  0  0  0
  5  7  2  0  0  0  0
  5 10  1  0  0  0  0
  6 11  1  0  0  0  0
  6 12  1  0  0  0  0
  6 13  1  0  0  0  0
  7  8  1  0  0  0  0
  7 15  1  0  0  0  0
M  END
> <PUBCHEM_BONDANNOTATIONS>
2  4  8
2  8  8
3  4  8
3  5  8
5  7  8
7  8  8

$$$$
