6626
  Marvin  12300703363D          

 27 28  0  0  0  0            999 V2000
   -1.6566   -0.2668    0.7667 S   0  0  1  0  0  0  0  0  0  0  0  0
   -1.9406   -0.6742    2.2772 O   0  0  0  0  0  0  0  0  0  0  0  0
   -3.0512   -0.0906    0.0224 O   0  0  0  0  0  0  0  0  0  0  0  0
    1.3004    4.7463    0.7477 O   0  0  0  0  0  0  0  0  0  0  0  0
    1.5098   -4.2772   -2.0035 O   0  0  0  0  0  0  0  0  0  0  0  0
   -0.7693    1.2311    0.7605 C   0  0  0  0  0  0  0  0  0  0  0  0
   -0.7199   -1.4833   -0.0505 C   0  0  0  0  0  0  0  0  0  0  0  0
    0.6426    1.2351    0.7637 C   0  0  0  0  0  0  0  0  0  0  0  0
   -0.6774   -1.5007   -1.4597 C   0  0  0  0  0  0  0  0  0  0  0  0
   -1.4611    2.4605    0.7569 C   0  0  0  0  0  0  0  0  0  0  0  0
    0.0347   -2.4231    0.6825 C   0  0  0  0  0  0  0  0  0  0  0  0
    1.3529    2.4475    0.7546 C   0  0  0  0  0  0  0  0  0  0  0  0
    0.0931   -2.4665   -2.1303 C   0  0  0  0  0  0  0  0  0  0  0  0
   -0.7525    3.6759    0.7516 C   0  0  0  0  0  0  0  0  0  0  0  0
    0.8066   -3.3885    0.0121 C   0  0  0  0  0  0  0  0  0  0  0  0
    0.6569    3.6699    0.7505 C   0  0  0  0  0  0  0  0  0  0  0  0
    0.8316   -3.4144   -1.3968 C   0  0  0  0  0  0  0  0  0  0  0  0
    1.1794    0.3654    0.7715 H   0  0  0  0  0  0  0  0  0  0  0  0
   -1.1964   -0.8131   -2.0116 H   0  0  0  0  0  0  0  0  0  0  0  0
   -2.4837    2.4849    0.7586 H   0  0  0  0  0  0  0  0  0  0  0  0
    0.0384   -2.4099    1.7053 H   0  0  0  0  0  0  0  0  0  0  0  0
    2.3762    2.4300    0.7520 H   0  0  0  0  0  0  0  0  0  0  0  0
    0.1119   -2.4715   -3.1533 H   0  0  0  0  0  0  0  0  0  0  0  0
   -1.2698    4.5583    0.7493 H   0  0  0  0  0  0  0  0  0  0  0  0
    1.3465   -4.0653    0.5572 H   0  0  0  0  0  0  0  0  0  0  0  0
    2.1811    4.7289    0.7495 H   0  0  0  0  0  0  0  0  0  0  0  0
    1.5163   -4.2886   -2.8840 H   0  0  0  0  0  0  0  0  0  0  0  0
  1  2  2  0  0  0  0
  1  3  2  0  0  0  0
  1  6  1  0  0  0  0
  1  7  1  0  0  0  0
  4 16  1  0  0  0  0
  4 26  1  0  0  0  0
  5 17  1  0  0  0  0
  5 27  1  0  0  0  0
  6  8  2  0  0  0  0
  6 10  1  0  0  0  0
  7  9  2  0  0  0  0
  7 11  1  0  0  0  0
  8 12  1  0  0  0  0
  8 18  1  0  0  0  0
  9 13  1  0  0  0  0
  9 19  1  0  0  0  0
 10 14  2  0  0  0  0
 10 20  1  0  0  0  0
 11 15  2  0  0  0  0
 11 21  1  0  0  0  0
 12 16  2  0  0  0  0
 12 22  1  0  0  0  0
 13 17  2  0  0  0  0
 13 23  1  0  0  0  0
 14 16  1  0  0  0  0
 14 24  1  0  0  0  0
 15 17  1  0  0  0  0
 15 25  1  0  0  0  0
M  END
> <PUBCHEM_BONDANNOTATIONS>
10  14  8
11  15  8
12  16  8
13  17  8
14  16  8
15  17  8
6  10  8
6  8  8
7  11  8
7  9  8
8  12  8
9  13  8

$$$$
