
  ACD/Labs04281711072D

 17 18  0  0  0  0  0  0  0  0  1 V2000
    1.5124   -5.2715    0.0000 O   0  0  0  0  0  0  0  0  0  0  0  0
    2.6612   -4.6099    0.0000 S   0  0  0  0  0  0  0  0  0  0  0  0
    1.9996   -3.4538    0.0000 C   0  0  0  0  0  0  0  0  0  0  0  0
    2.6612   -2.3049    0.0000 C   0  0  0  0  0  0  0  0  0  0  0  0
    1.9996   -1.1488    0.0000 C   0  0  0  0  0  0  0  0  0  0  0  0
    0.6689   -1.1488    0.0000 C   0  0  0  0  0  0  0  0  0  0  0  0
    0.0000    0.0000    0.0000 O   0  0  0  0  0  0  0  0  0  0  0  0
    0.0000   -2.3049    0.0000 C   0  0  0  0  0  0  0  0  0  0  0  0
    0.6689   -3.4538    0.0000 C   0  0  0  0  0  0  0  0  0  0  0  0
    3.8173   -3.9409    0.0000 C   0  0  0  0  0  0  0  0  0  0  0  0
    4.9662   -4.6099    0.0000 C   0  0  0  0  0  0  0  0  0  0  0  0
    6.1150   -3.9409    0.0000 C   0  0  0  0  0  0  0  0  0  0  0  0
    6.1150   -2.6103    0.0000 C   0  0  0  0  0  0  0  0  0  0  0  0
    7.2711   -1.9487    0.0000 O   0  0  0  0  0  0  0  0  0  0  0  0
    4.9662   -1.9487    0.0000 C   0  0  0  0  0  0  0  0  0  0  0  0
    3.8173   -2.6103    0.0000 C   0  0  0  0  0  0  0  0  0  0  0  0
    3.3302   -5.7587    0.0000 O   0  0  0  0  0  0  0  0  0  0  0  0
  1  2  2  0  0  0  0
  2  3  1  0  0  0  0
  2 10  1  0  0  0  0
  2 17  2  0  0  0  0
  3  4  2  0  0  0  0
  3  9  1  0  0  0  0
  4  5  1  0  0  0  0
  5  6  2  0  0  0  0
  6  7  1  0  0  0  0
  6  8  1  0  0  0  0
  8  9  2  0  0  0  0
 10 11  2  0  0  0  0
 10 16  1  0  0  0  0
 11 12  1  0  0  0  0
 12 13  2  0  0  0  0
 13 14  1  0  0  0  0
 13 15  1  0  0  0  0
 15 16  2  0  0  0  0
M  END
