
  ACD/Labs04281711352D

 13 13  0  0  0  0  0  0  0  0  1 V2000
    3.9782   -2.2972    0.0000 C   0  0  0  0  0  0  0  0  0  0  0  0
    3.3261   -1.1426    0.0000 N   0  0  0  0  0  0  0  0  0  0  0  0
    1.9921   -1.1426    0.0000 C   0  0  0  0  0  0  0  0  0  0  0  0
    5.3122   -2.2972    0.0000 C   0  0  0  0  0  0  0  0  0  0  0  0
    3.3261   -3.4398    0.0000 C   0  0  0  0  0  0  0  0  0  0  0  0
    1.3221   -2.2972    0.0000 O   0  0  0  0  0  0  0  0  0  0  0  0
    0.0000    0.0000    0.0000 Cl  0  0  0  0  0  0  0  0  0  0  0  0
    1.3221    0.0000    0.0000 C   0  0  0  0  0  0  0  0  0  0  0  0
    5.3122   -4.6003    0.0000 C   0  0  0  0  0  0  0  0  0  0  0  0
    5.9822   -3.4398    0.0000 C   0  0  0  0  0  0  0  0  0  0  0  0
    3.9782   -4.6003    0.0000 C   0  0  0  0  0  0  0  0  0  0  0  0
    5.9822   -1.1426    0.0000 C   0  0  0  0  0  0  0  0  0  0  0  0
    1.9921   -3.4398    0.0000 C   0  0  0  0  0  0  0  0  0  0  0  0
  1  2  1  0  0  0  0
  1  4  2  0  0  0  0
  1  5  1  0  0  0  0
  2  3  1  0  0  0  0
  3  6  2  0  0  0  0
  3  8  1  0  0  0  0
  4 10  1  0  0  0  0
  4 12  1  0  0  0  0
  5 11  2  0  0  0  0
  5 13  1  0  0  0  0
  7  8  1  0  0  0  0
  9 11  1  0  0  0  0
  9 10  2  0  0  0  0
M  END
