
  ACD/Labs06251410132D

 10 10  0  0  0  0  0  0  0  0  1 V2000
    5.9822   -3.4517    0.0000 O   0  0  0  0  0  0  0  0  0  0  0  0
    4.6542   -3.4517    0.0000 C   0  0  0  0  0  0  0  0  0  0  0  0
    3.9901   -2.3031    0.0000 C   0  0  0  0  0  0  0  0  0  0  0  0
    4.6542   -1.1486    0.0000 C   0  0  0  0  0  0  0  0  0  0  0  0
    3.9901    0.0000    0.0000 C   0  0  0  0  0  0  0  0  0  0  0  0
    2.6561    0.0000    0.0000 C   0  0  0  0  0  0  0  0  0  0  0  0
    1.9921   -1.1486    0.0000 C   0  0  0  0  0  0  0  0  0  0  0  0
    0.6640   -1.1486    0.0000 C   0  0  0  0  0  0  0  0  0  0  0  0
    0.0000   -2.3031    0.0000 O   0  0  0  0  0  0  0  0  0  0  0  0
    2.6561   -2.3031    0.0000 N   0  0  0  0  0  0  0  0  0  0  0  0
  1  2  1  0  0  0  0
  2  3  1  0  0  0  0
  3  4  1  0  0  0  0
  3 10  2  0  0  0  0
  4  5  2  0  0  0  0
  5  6  1  0  0  0  0
  6  7  2  0  0  0  0
  7  8  1  0  0  0  0
  7 10  1  0  0  0  0
  8  9  1  0  0  0  0
M  END
