70957
  Marvin  12310720203D          

 19 19  0  0  0  0            999 V2000
    1.3838   -2.6037   -1.0285 O   0  0  0  0  0  0  0  0  0  0  0  0
   -2.9467   -0.1035   -1.0285 O   0  0  0  0  0  0  0  0  0  0  0  0
   -0.2884   -0.4995    0.1542 N   0  0  0  0  0  0  0  0  0  0  0  0
    1.0725   -0.5582    0.1515 C   0  0  0  0  0  0  0  0  0  0  0  0
   -1.0197    0.6497    0.1515 C   0  0  0  0  0  0  0  0  0  0  0  0
    1.7881    0.6590    0.1524 C   0  0  0  0  0  0  0  0  0  0  0  0
   -0.3233    1.8780    0.1524 C   0  0  0  0  0  0  0  0  0  0  0  0
    1.7386   -1.8771    0.1422 C   0  0  0  0  0  0  0  0  0  0  0  0
   -2.4949    0.5671    0.1422 C   0  0  0  0  0  0  0  0  0  0  0  0
    1.0830    1.8758    0.1529 C   0  0  0  0  0  0  0  0  0  0  0  0
    2.8107    0.6725    0.1505 H   0  0  0  0  0  0  0  0  0  0  0  0
   -0.8229    2.7704    0.1505 H   0  0  0  0  0  0  0  0  0  0  0  0
    1.4403   -2.4521    1.0207 H   0  0  0  0  0  0  0  0  0  0  0  0
    2.8279   -1.7938    0.1550 H   0  0  0  0  0  0  0  0  0  0  0  0
   -2.8437    0.0213    1.0207 H   0  0  0  0  0  0  0  0  0  0  0  0
   -2.9674    1.5521    0.1550 H   0  0  0  0  0  0  0  0  0  0  0  0
    1.5942    2.7613    0.1516 H   0  0  0  0  0  0  0  0  0  0  0  0
    1.8939   -3.4397   -0.9730 H   0  0  0  0  0  0  0  0  0  0  0  0
   -3.9258   -0.0796   -0.9730 H   0  0  0  0  0  0  0  0  0  0  0  0
  1  8  1  0  0  0  0
  1 18  1  0  0  0  0
  2  9  1  0  0  0  0
  2 19  1  0  0  0  0
  3  4  2  0  0  0  0
  3  5  1  0  0  0  0
  4  6  1  0  0  0  0
  4  8  1  0  0  0  0
  5  7  2  0  0  0  0
  5  9  1  0  0  0  0
  6 10  2  0  0  0  0
  6 11  1  0  0  0  0
  7 10  1  0  0  0  0
  7 12  1  0  0  0  0
  8 13  1  0  0  0  0
  8 14  1  0  0  0  0
  9 15  1  0  0  0  0
  9 16  1  0  0  0  0
 10 17  1  0  0  0  0
M  END
> <PUBCHEM_BONDANNOTATIONS>
3  4  8
3  5  8
4  6  8
5  7  8
6  10  8
7  10  8

$$$$
