6737
  Marvin  12300703363D          

 14 14  0  0  0  0            999 V2000
    1.9461   -2.1545   -0.0023 Cl  0  0  0  0  0  0  0  0  0  0  0  0
   -2.8267    0.6584   -0.0366 Cl  0  0  0  0  0  0  0  0  0  0  0  0
   -2.2090   -2.1700    0.5400 O   0  0  0  0  0  0  0  0  0  0  0  0
   -0.4505   -0.7706   -0.0051 C   0  0  0  0  0  0  0  0  0  0  0  0
    0.9744   -0.7573   -0.0147 C   0  0  0  0  0  0  0  0  0  0  0  0
   -1.1361    0.4794   -0.0040 C   0  0  0  0  0  0  0  0  0  0  0  0
    1.6803    0.4634   -0.0124 C   0  0  0  0  0  0  0  0  0  0  0  0
   -0.4142    1.6908   -0.0036 C   0  0  0  0  0  0  0  0  0  0  0  0
    0.9881    1.6831   -0.0066 C   0  0  0  0  0  0  0  0  0  0  0  0
   -1.1290   -1.9842   -0.0000 C   0  0  0  0  0  0  0  0  0  0  0  0
    2.7043    0.4855   -0.0116 H   0  0  0  0  0  0  0  0  0  0  0  0
   -0.8952    2.5946   -0.0050 H   0  0  0  0  0  0  0  0  0  0  0  0
    1.5040    2.5666   -0.0057 H   0  0  0  0  0  0  0  0  0  0  0  0
   -0.7364   -2.7853   -0.4321 H   0  0  0  0  0  0  0  0  0  0  0  0
  1  5  1  0  0  0  0
  2  6  1  0  0  0  0
  3 10  2  0  0  0  0
  4  5  2  0  0  0  0
  4  6  1  0  0  0  0
  4 10  1  0  0  0  0
  5  7  1  0  0  0  0
  6  8  2  0  0  0  0
  7  9  2  0  0  0  0
  7 11  1  0  0  0  0
  8  9  1  0  0  0  0
  8 12  1  0  0  0  0
  9 13  1  0  0  0  0
 10 14  1  0  0  0  0
M  END
> <PUBCHEM_BONDANNOTATIONS>
4  5  8
4  6  8
5  7  8
6  8  8
7  9  8
8  9  8

$$$$
