
  ACD/Labs04281712082D

 10 10  0  0  0  0  0  0  0  0  1 V2000
    3.9905   -3.4557    0.0000 O   0  0  0  0  0  0  0  0  0  0  0  0
    2.6616   -3.4557    0.0000 C   0  0  0  0  0  0  0  0  0  0  0  0
    1.9952   -2.3025    0.0000 C   0  0  0  0  0  0  0  0  0  0  0  0
    2.6616   -1.1532    0.0000 C   0  0  0  0  0  0  0  0  0  0  0  0
    3.9905   -1.1532    0.0000 Cl  0  0  0  0  0  0  0  0  0  0  0  0
    1.9952    0.0000    0.0000 C   0  0  0  0  0  0  0  0  0  0  0  0
    0.6664    0.0000    0.0000 C   0  0  0  0  0  0  0  0  0  0  0  0
    0.0000   -1.1532    0.0000 C   0  0  0  0  0  0  0  0  0  0  0  0
    0.6664   -2.3025    0.0000 C   0  0  0  0  0  0  0  0  0  0  0  0
    0.0000   -3.4557    0.0000 Cl  0  0  0  0  0  0  0  0  0  0  0  0
  1  2  2  0  0  0  0
  2  3  1  0  0  0  0
  3  4  1  0  0  0  0
  3  9  2  0  0  0  0
  4  5  1  0  0  0  0
  4  6  2  0  0  0  0
  6  7  1  0  0  0  0
  7  8  2  0  0  0  0
  8  9  1  0  0  0  0
  9 10  1  0  0  0  0
M  END
