673
  Marvin  12300703363D          

 16 15  0  0  0  0            999 V2000
   -2.6328    1.4414   -0.4324 O   0  0  0  0  0  0  0  0  0  0  0  0
   -0.7608    2.2986   -0.6798 O   0  0  0  0  0  0  0  0  0  0  0  0
    0.6611   -0.1330   -0.2294 N   0  0  0  0  0  0  0  0  0  0  0  0
   -0.8287   -0.0299   -0.3420 C   0  0  0  0  0  0  0  0  0  0  0  0
    1.1622   -1.5318   -0.3695 C   0  0  0  0  0  0  0  0  0  0  0  0
    1.2568    0.5403    0.9612 C   0  0  0  0  0  0  0  0  0  0  0  0
   -1.4177    1.2887   -0.4846 C   0  0  0  0  0  0  0  0  0  0  0  0
   -1.1614   -0.5747   -1.2307 H   0  0  0  0  0  0  0  0  0  0  0  0
   -1.2819   -0.5229    0.5232 H   0  0  0  0  0  0  0  0  0  0  0  0
    0.8060   -1.9950   -1.2916 H   0  0  0  0  0  0  0  0  0  0  0  0
    2.2530   -1.5575   -0.4171 H   0  0  0  0  0  0  0  0  0  0  0  0
    0.8425   -2.1559    0.4692 H   0  0  0  0  0  0  0  0  0  0  0  0
    2.3475    0.5089    0.9230 H   0  0  0  0  0  0  0  0  0  0  0  0
    0.9276    0.0704    1.8906 H   0  0  0  0  0  0  0  0  0  0  0  0
    0.9956    1.5968    1.0115 H   0  0  0  0  0  0  0  0  0  0  0  0
   -3.1689    0.7555   -0.3017 H   0  0  0  0  0  0  0  0  0  0  0  0
  1  7  1  0  0  0  0
  1 16  1  0  0  0  0
  2  7  2  0  0  0  0
  3  4  1  0  0  0  0
  3  5  1  0  0  0  0
  3  6  1  0  0  0  0
  4  7  1  0  0  0  0
  4  8  1  0  0  0  0
  4  9  1  0  0  0  0
  5 10  1  0  0  0  0
  5 11  1  0  0  0  0
  5 12  1  0  0  0  0
  6 13  1  0  0  0  0
  6 14  1  0  0  0  0
  6 15  1  0  0  0  0
M  END
$$$$
