6809
  Marvin  12300703363D          

 16 17  0  0  0  0            999 V2000
   -2.8144    1.0745    0.2926 O   0  0  0  0  0  0  0  0  0  0  0  0
    1.1964    2.1101    1.8103 O   0  0  0  0  0  0  0  0  0  0  0  0
   -0.9210    1.7946    1.2092 N   0  0  0  0  0  0  0  0  0  0  0  0
   -0.7637    0.0683   -0.0559 C   0  0  0  0  0  0  0  0  0  0  0  0
    0.5045    0.3954    0.4245 C   0  0  0  0  0  0  0  0  0  0  0  0
   -1.6109    0.9926    0.4794 C   0  0  0  0  0  0  0  0  0  0  0  0
    0.3284    1.4932    1.2135 C   0  0  0  0  0  0  0  0  0  0  0  0
   -0.9511   -1.0221   -0.9270 C   0  0  0  0  0  0  0  0  0  0  0  0
    1.6370   -0.3549    0.0539 C   0  0  0  0  0  0  0  0  0  0  0  0
    0.1825   -1.7557   -1.3364 C   0  0  0  0  0  0  0  0  0  0  0  0
    1.4661   -1.4249   -0.8497 C   0  0  0  0  0  0  0  0  0  0  0  0
   -1.2847    2.5190    1.6762 H   0  0  0  0  0  0  0  0  0  0  0  0
   -1.8836   -1.2713   -1.2628 H   0  0  0  0  0  0  0  0  0  0  0  0
    2.5623   -0.1252    0.4223 H   0  0  0  0  0  0  0  0  0  0  0  0
    0.0727   -2.5312   -1.9935 H   0  0  0  0  0  0  0  0  0  0  0  0
    2.2797   -1.9626   -1.1566 H   0  0  0  0  0  0  0  0  0  0  0  0
  1  6  2  0  0  0  0
  2  7  2  0  0  0  0
  3  6  1  0  0  0  0
  3  7  1  0  0  0  0
  3 12  1  0  0  0  0
  4  5  1  0  0  0  0
  4  6  1  0  0  0  0
  4  8  2  0  0  0  0
  5  7  1  0  0  0  0
  5  9  2  0  0  0  0
  8 10  1  0  0  0  0
  8 13  1  0  0  0  0
  9 11  1  0  0  0  0
  9 14  1  0  0  0  0
 10 11  2  0  0  0  0
 10 15  1  0  0  0  0
 11 16  1  0  0  0  0
M  END
> <PUBCHEM_BONDANNOTATIONS>
10  11  8
4  5  8
4  8  8
5  9  8
8  10  8
9  11  8

$$$$
