
  ACD/Labs04281711492D

 11 12  0  0  0  0  0  0  0  0  1 V2000
    2.6089   -4.5940    0.0000 O   0  0  0  0  0  0  0  0  0  0  0  0
    2.8861   -3.2920    0.0000 C   0  0  0  0  0  0  0  0  0  0  0  0
    4.0990   -2.7524    0.0000 N   0  0  0  0  0  0  0  0  0  0  0  0
    3.9603   -1.4307    0.0000 C   0  0  0  0  0  0  0  0  0  0  0  0
    4.9504   -0.5396    0.0000 O   0  0  0  0  0  0  0  0  0  0  0  0
    2.6584   -1.1535    0.0000 C   0  0  0  0  0  0  0  0  0  0  0  0
    1.9950    0.0000    0.0000 C   0  0  0  0  0  0  0  0  0  0  0  0
    0.6634    0.0000    0.0000 C   0  0  0  0  0  0  0  0  0  0  0  0
    0.0000   -1.1535    0.0000 C   0  0  0  0  0  0  0  0  0  0  0  0
    0.6634   -2.3020    0.0000 C   0  0  0  0  0  0  0  0  0  0  0  0
    1.9950   -2.3020    0.0000 C   0  0  0  0  0  0  0  0  0  0  0  0
  1  2  2  0  0  0  0
  2  3  1  0  0  0  0
  2 11  1  0  0  0  0
  3  4  1  0  0  0  0
  4  5  2  0  0  0  0
  4  6  1  0  0  0  0
  6  7  1  0  0  0  0
  6 11  2  0  0  0  0
  7  8  2  0  0  0  0
  8  9  1  0  0  0  0
  9 10  2  0  0  0  0
 10 11  1  0  0  0  0
M  END
