72656
  Marvin  12310720203D          

 15 15  0  0  0  0            999 V2000
    0.1203   -2.8457    0.3749 O   0  0  0  0  0  0  0  0  0  0  0  0
    1.7990   -2.0039   -0.4794 O   0  0  0  0  0  0  0  0  0  0  0  0
   -1.3076   -0.5514   -0.0752 N   0  0  0  0  0  0  0  0  0  0  0  0
   -0.0163    1.7987   -0.0869 N   0  0  0  0  0  0  0  0  0  0  0  0
    2.0235    0.8123    0.0508 N   0  0  0  0  0  0  0  0  0  0  0  0
    0.0549   -0.5921   -0.0452 C   0  0  0  0  0  0  0  0  0  0  0  0
    0.7239    0.6602   -0.0338 C   0  0  0  0  0  0  0  0  0  0  0  0
   -2.0490    0.5834   -0.1182 C   0  0  0  0  0  0  0  0  0  0  0  0
   -1.3709    1.8123   -0.1337 C   0  0  0  0  0  0  0  0  0  0  0  0
    0.6693   -1.8326   -0.0449 C   0  0  0  0  0  0  0  0  0  0  0  0
   -3.0690    0.5364   -0.1428 H   0  0  0  0  0  0  0  0  0  0  0  0
   -1.8772    2.6986   -0.1742 H   0  0  0  0  0  0  0  0  0  0  0  0
    2.4037    1.6642   -0.0182 H   0  0  0  0  0  0  0  0  0  0  0  0
    2.5777    0.0728    0.1925 H   0  0  0  0  0  0  0  0  0  0  0  0
   -0.6824   -2.8131    0.7343 H   0  0  0  0  0  0  0  0  0  0  0  0
  1 10  1  0  0  0  0
  1 15  1  0  0  0  0
  2 10  2  0  0  0  0
  3  6  2  0  0  0  0
  3  8  1  0  0  0  0
  4  7  2  0  0  0  0
  4  9  1  0  0  0  0
  5  7  1  0  0  0  0
  5 13  1  0  0  0  0
  5 14  1  0  0  0  0
  6  7  1  0  0  0  0
  6 10  1  0  0  0  0
  8  9  2  0  0  0  0
  8 11  1  0  0  0  0
  9 12  1  0  0  0  0
M  END
> <PUBCHEM_BONDANNOTATIONS>
3  6  8
3  8  8
4  7  8
4  9  8
6  7  8
8  9  8

$$$$
