72662
  Marvin  12310720203D          

 16 16  0  0  0  0            999 V2000
    0.3389   -1.8024    0.3139 O   0  0  0  0  0  0  0  0  0  0  0  0
    1.9130   -0.8666   -0.8119 O   0  0  0  0  0  0  0  0  0  0  0  0
   -1.2778    0.3538   -0.2693 N   0  0  0  0  0  0  0  0  0  0  0  0
   -0.0577    2.7529   -0.3564 N   0  0  0  0  0  0  0  0  0  0  0  0
    0.0850    0.3624   -0.3185 C   0  0  0  0  0  0  0  0  0  0  0  0
    0.8057   -0.8178   -0.2868 C   0  0  0  0  0  0  0  0  0  0  0  0
    0.7070    1.6325   -0.3682 C   0  0  0  0  0  0  0  0  0  0  0  0
   -2.0518    1.4702   -0.2704 C   0  0  0  0  0  0  0  0  0  0  0  0
   -1.4119    2.7209   -0.3076 C   0  0  0  0  0  0  0  0  0  0  0  0
    0.9391   -2.9000    0.7909 C   0  0  0  0  0  0  0  0  0  0  0  0
    1.7233    1.7377   -0.3954 H   0  0  0  0  0  0  0  0  0  0  0  0
   -3.0702    1.3982   -0.2426 H   0  0  0  0  0  0  0  0  0  0  0  0
   -1.9435    3.5929   -0.2975 H   0  0  0  0  0  0  0  0  0  0  0  0
    0.1827   -3.5674    1.2032 H   0  0  0  0  0  0  0  0  0  0  0  0
    1.6251   -2.6271    1.5969 H   0  0  0  0  0  0  0  0  0  0  0  0
    1.4932   -3.4400    0.0198 H   0  0  0  0  0  0  0  0  0  0  0  0
  1  6  1  0  0  0  0
  1 10  1  0  0  0  0
  2  6  2  0  0  0  0
  3  5  2  0  0  0  0
  3  8  1  0  0  0  0
  4  7  2  0  0  0  0
  4  9  1  0  0  0  0
  5  6  1  0  0  0  0
  5  7  1  0  0  0  0
  7 11  1  0  0  0  0
  8  9  2  0  0  0  0
  8 12  1  0  0  0  0
  9 13  1  0  0  0  0
 10 14  1  0  0  0  0
 10 15  1  0  0  0  0
 10 16  1  0  0  0  0
M  END
> <PUBCHEM_BONDANNOTATIONS>
3  5  8
3  8  8
4  7  8
4  9  8
5  7  8
8  9  8

$$$$
