72924
  Marvin  12310720203D          

 15 15  0  0  0  0            999 V2000
    2.6428    0.5946    1.0146 O   0  0  0  0  0  0  0  0  0  0  0  0
   -3.0225    0.1795   -1.1359 O   0  0  0  0  0  0  0  0  0  0  0  0
    2.5072   -1.4429    0.7559 O   0  0  0  0  0  0  0  0  0  0  0  0
   -1.1292   -0.9112   -1.0830 N   0  0  0  0  0  0  0  0  0  0  0  0
    0.6666   -0.2125    0.2253 C   0  0  0  0  0  0  0  0  0  0  0  0
    0.1036   -1.0807   -0.6557 C   0  0  0  0  0  0  0  0  0  0  0  0
   -0.1340    0.8423    0.6462 C   0  0  0  0  0  0  0  0  0  0  0  0
   -1.3972    1.0003    0.1996 C   0  0  0  0  0  0  0  0  0  0  0  0
   -1.8883    0.0873   -0.6924 C   0  0  0  0  0  0  0  0  0  0  0  0
    1.9486   -0.3577    0.6717 C   0  0  0  0  0  0  0  0  0  0  0  0
    0.5983   -1.8631   -1.0187 H   0  0  0  0  0  0  0  0  0  0  0  0
    0.2033    1.5117    1.3018 H   0  0  0  0  0  0  0  0  0  0  0  0
   -1.4793   -1.5265   -1.6946 H   0  0  0  0  0  0  0  0  0  0  0  0
   -1.9556    1.7612    0.5147 H   0  0  0  0  0  0  0  0  0  0  0  0
    2.3355    1.4177    0.9505 H   0  0  0  0  0  0  0  0  0  0  0  0
  1 10  1  0  0  0  0
  1 15  1  0  0  0  0
  2  9  2  0  0  0  0
  3 10  2  0  0  0  0
  4  6  1  0  0  0  0
  4  9  1  0  0  0  0
  4 13  1  0  0  0  0
  5  6  2  0  0  0  0
  5  7  1  0  0  0  0
  5 10  1  0  0  0  0
  6 11  1  0  0  0  0
  7  8  2  0  0  0  0
  7 12  1  0  0  0  0
  8  9  1  0  0  0  0
  8 14  1  0  0  0  0
M  END
> <PUBCHEM_BONDANNOTATIONS>
4  6  8
4  9  8
5  6  8
5  7  8
7  8  8
8  9  8

$$$$
