
  ACD/Labs03221914022D

  6  6  0  0  0  0  0  0  0  0  1 V2000
    3.0073    0.0000    0.0000 C   0  0  0  0  0  0  0  0  0  0  0  0
    3.4174   -1.2610    0.0000 C   0  0  0  0  0  0  0  0  0  0  0  0
    2.3443   -2.0504    0.0000 O   0  0  0  0  0  0  0  0  0  0  0  0
    1.2679   -1.2610    0.0000 C   0  0  0  0  0  0  0  0  0  0  0  0
    1.6779    0.0000    0.0000 N   0  0  0  0  0  0  0  0  0  0  0  0
    0.0000   -1.6677    0.0000 O   0  0  0  0  0  0  0  0  0  0  0  0
  1  2  1  0  0  0  0
  1  5  1  0  0  0  0
  2  3  1  0  0  0  0
  3  4  1  0  0  0  0
  4  5  2  0  0  0  0
  4  6  1  0  0  0  0
M  END
