
  ACD/Labs04281711072D

 11 11  0  0  0  0  0  0  0  0  2 V2000
    3.9906   -4.6067    0.0000 N   0  0  0  0  0  0  0  0  0  0  0  0
    3.3226   -3.4550    0.0000 C   0  0  0  0  0  0  0  0  0  0  0  0
    3.9906   -2.3034    0.0000 C   0  0  0  0  0  0  0  0  0  0  0  0
    3.3226   -1.1517    0.0000 C   0  0  0  0  0  0  0  0  0  0  0  0
    3.9906    0.0000    0.0000 Cl  0  0  0  0  0  0  0  0  0  0  0  0
    1.9924   -1.1517    0.0000 C   0  0  0  0  0  0  0  0  0  0  0  0
    1.3302   -2.3034    0.0000 C   0  0  0  0  0  0  0  0  0  0  0  0
    1.9924   -3.4550    0.0000 C   0  0  0  0  0  0  0  0  0  0  0  0
    1.3302   -4.6067    0.0000 N   0  3  0  0  0  0  0  0  0  0  0  0
    0.0000   -4.6067    0.0000 O   0  5  0  0  0  0  0  0  0  0  0  0
    1.9924   -5.7584    0.0000 O   0  0  0  0  0  0  0  0  0  0  0  0
  1  2  1  0  0  0  0
  2  3  1  0  0  0  0
  2  8  2  0  0  0  0
  3  4  2  0  0  0  0
  4  5  1  0  0  0  0
  4  6  1  0  0  0  0
  6  7  2  0  0  0  0
  7  8  1  0  0  0  0
  8  9  1  0  0  0  0
  9 10  1  0  0  0  0
  9 11  2  0  0  0  0
M  CHG  2   9   1  10  -1
M  END
