74299
  Marvin  12310720203D          

 16 16  0  0  0  0            999 V2000
    2.3284    3.4399   -0.0000 Cl  0  0  0  0  0  0  0  0  0  0  0  0
   -1.6449   -2.1439    1.3224 O   0  0  0  0  0  0  0  0  0  0  0  0
   -1.6449   -2.1439   -1.3224 O   0  0  0  0  0  0  0  0  0  0  0  0
   -0.1496   -0.3432   -0.0000 C   0  0  0  0  0  0  0  0  0  0  0  0
    1.2588   -0.4217    0.0000 C   0  0  0  0  0  0  0  0  0  0  0  0
   -0.7709    0.9225    0.0000 C   0  0  0  0  0  0  0  0  0  0  0  0
    2.0353    0.7559   -0.0000 C   0  0  0  0  0  0  0  0  0  0  0  0
    0.0019    2.0967   -0.0000 C   0  0  0  0  0  0  0  0  0  0  0  0
    1.4086    2.0184   -0.0000 C   0  0  0  0  0  0  0  0  0  0  0  0
   -1.0747   -1.6227   -0.0000 B   0  0  0  0  0  0  0  0  0  0  0  0
    1.7298   -1.3297    0.0000 H   0  0  0  0  0  0  0  0  0  0  0  0
   -1.7907    0.9989    0.0000 H   0  0  0  0  0  0  0  0  0  0  0  0
    3.0563    0.6868   -0.0000 H   0  0  0  0  0  0  0  0  0  0  0  0
   -0.4708    3.0038   -0.0000 H   0  0  0  0  0  0  0  0  0  0  0  0
   -2.1364   -2.9589    1.0865 H   0  0  0  0  0  0  0  0  0  0  0  0
   -2.1364   -2.9589   -1.0865 H   0  0  0  0  0  0  0  0  0  0  0  0
  1  9  1  0  0  0  0
  2 10  1  0  0  0  0
  2 15  1  0  0  0  0
  3 10  1  0  0  0  0
  3 16  1  0  0  0  0
  4  5  2  0  0  0  0
  4  6  1  0  0  0  0
  4 10  1  0  0  0  0
  5  7  1  0  0  0  0
  5 11  1  0  0  0  0
  6  8  2  0  0  0  0
  6 12  1  0  0  0  0
  7  9  2  0  0  0  0
  7 13  1  0  0  0  0
  8  9  1  0  0  0  0
  8 14  1  0  0  0  0
M  END
> <PUBCHEM_BONDANNOTATIONS>
4  5  8
4  6  8
5  7  8
6  8  8
7  9  8
8  9  8

$$$$
