
  ACD/Labs06251410122D

  9  9  0  0  0  0  0  0  0  0  1 V2000
    1.8625   -4.7756    0.0000 O   0  0  0  0  0  0  0  0  0  0  0  0
    2.7508   -3.7871    0.0000 C   0  0  0  0  0  0  0  0  0  0  0  0
    2.3401   -2.5215    0.0000 C   0  0  0  0  0  0  0  0  0  0  0  0
    3.1233   -1.4470    0.0000 C   0  0  0  0  0  0  0  0  0  0  0  0
    2.3401   -0.3725    0.0000 C   0  0  0  0  0  0  0  0  0  0  0  0
    1.0745   -0.7832    0.0000 C   0  0  0  0  0  0  0  0  0  0  0  0
    0.0000    0.0000    0.0000 C   0  0  0  0  0  0  0  0  0  0  0  0
    1.0745   -2.1108    0.0000 S   0  0  0  0  0  0  0  0  0  0  0  0
    4.0545   -4.0641    0.0000 O   0  0  0  0  0  0  0  0  0  0  0  0
  1  2  2  0  0  0  0
  2  3  1  0  0  0  0
  2  9  1  0  0  0  0
  3  4  2  0  0  0  0
  3  8  1  0  0  0  0
  4  5  1  0  0  0  0
  5  6  2  0  0  0  0
  6  7  1  0  0  0  0
  6  8  1  0  0  0  0
M  END
