7024
  Marvin  12300703363D          

 15 15  0  0  0  0            999 V2000
    3.3375    0.5966    0.0000 Br  0  0  0  0  0  0  0  0  0  0  0  0
   -1.5620    3.3564    0.0000 Br  0  0  0  0  0  0  0  0  0  0  0  0
    1.4370   -1.7702    0.0000 O   0  0  0  0  0  0  0  0  0  0  0  0
   -2.5860   -2.0017   -0.0000 O   0  0  0  0  0  0  0  0  0  0  0  0
   -0.6541   -0.7232    0.0000 C   0  0  0  0  0  0  0  0  0  0  0  0
    0.7687   -0.7008   -0.0000 C   0  0  0  0  0  0  0  0  0  0  0  0
   -1.3329    0.5224   -0.0000 C   0  0  0  0  0  0  0  0  0  0  0  0
    1.4754    0.5240    0.0000 C   0  0  0  0  0  0  0  0  0  0  0  0
   -0.6338    1.7430    0.0000 C   0  0  0  0  0  0  0  0  0  0  0  0
    0.7705    1.7403   -0.0000 C   0  0  0  0  0  0  0  0  0  0  0  0
   -1.3667   -1.9210    0.0000 C   0  0  0  0  0  0  0  0  0  0  0  0
   -2.3540    0.5655    0.0000 H   0  0  0  0  0  0  0  0  0  0  0  0
    1.2787    2.6271    0.0000 H   0  0  0  0  0  0  0  0  0  0  0  0
   -0.8948   -2.7935   -0.0000 H   0  0  0  0  0  0  0  0  0  0  0  0
    2.3165   -1.7649   -0.0000 H   0  0  0  0  0  0  0  0  0  0  0  0
  1  8  1  0  0  0  0
  2  9  1  0  0  0  0
  3  6  1  0  0  0  0
  3 15  1  0  0  0  0
  4 11  2  0  0  0  0
  5  6  2  0  0  0  0
  5  7  1  0  0  0  0
  5 11  1  0  0  0  0
  6  8  1  0  0  0  0
  7  9  2  0  0  0  0
  7 12  1  0  0  0  0
  8 10  2  0  0  0  0
  9 10  1  0  0  0  0
 10 13  1  0  0  0  0
 11 14  1  0  0  0  0
M  END
> <PUBCHEM_BONDANNOTATIONS>
5  6  8
5  7  8
6  8  8
7  9  8
8  10  8
9  10  8

$$$$
