75040
  Marvin  12310720203D          

 34 36  0  0  0  0            999 V2000
    0.2775    3.6299   -0.8706 O   0  0  0  0  0  0  0  0  0  0  0  0
   -1.4481   -1.0481   -0.5172 C   0  0  0  0  0  0  0  0  0  0  0  0
    0.0634    1.4581   -0.4843 C   0  0  0  0  0  0  0  0  0  0  0  0
   -2.1762   -2.3028   -0.4583 C   0  0  0  0  0  0  0  0  0  0  0  0
   -0.0438   -0.9877   -0.7296 C   0  0  0  0  0  0  0  0  0  0  0  0
   -2.0670    0.2253   -0.3744 C   0  0  0  0  0  0  0  0  0  0  0  0
    0.6842    0.2154   -0.7375 C   0  0  0  0  0  0  0  0  0  0  0  0
   -1.3458    1.4356   -0.3589 C   0  0  0  0  0  0  0  0  0  0  0  0
    0.8013    2.6448   -0.3607 C   0  0  0  0  0  0  0  0  0  0  0  0
    2.0491    2.8074    0.2793 C   0  0  0  0  0  0  0  0  0  0  0  0
   -3.5990   -2.3727   -0.4448 C   0  0  0  0  0  0  0  0  0  0  0  0
   -1.5249   -3.5698   -0.4015 C   0  0  0  0  0  0  0  0  0  0  0  0
    2.8225    3.9895    0.1118 C   0  0  0  0  0  0  0  0  0  0  0  0
    2.6099    1.8220    1.1381 C   0  0  0  0  0  0  0  0  0  0  0  0
   -4.3128   -3.5861   -0.4016 C   0  0  0  0  0  0  0  0  0  0  0  0
   -2.2157   -4.7958   -0.3720 C   0  0  0  0  0  0  0  0  0  0  0  0
   -3.6171   -4.8030   -0.3744 C   0  0  0  0  0  0  0  0  0  0  0  0
    4.0891    4.1534    0.7054 C   0  0  0  0  0  0  0  0  0  0  0  0
    3.8860    1.9559    1.7147 C   0  0  0  0  0  0  0  0  0  0  0  0
    4.6297    3.1247    1.4929 C   0  0  0  0  0  0  0  0  0  0  0  0
    0.5211   -1.8203   -0.8884 H   0  0  0  0  0  0  0  0  0  0  0  0
   -3.0743    0.3299   -0.2599 H   0  0  0  0  0  0  0  0  0  0  0  0
    1.6901    0.1625   -0.9211 H   0  0  0  0  0  0  0  0  0  0  0  0
   -1.8714    2.3066   -0.2361 H   0  0  0  0  0  0  0  0  0  0  0  0
   -4.1861   -1.5407   -0.4707 H   0  0  0  0  0  0  0  0  0  0  0  0
   -0.5110   -3.6639   -0.3732 H   0  0  0  0  0  0  0  0  0  0  0  0
    2.4808    4.7691   -0.4560 H   0  0  0  0  0  0  0  0  0  0  0  0
    2.1050    0.9670    1.3754 H   0  0  0  0  0  0  0  0  0  0  0  0
   -5.3356   -3.5868   -0.3928 H   0  0  0  0  0  0  0  0  0  0  0  0
   -1.7022   -5.6805   -0.3469 H   0  0  0  0  0  0  0  0  0  0  0  0
   -4.1270   -5.6893   -0.3542 H   0  0  0  0  0  0  0  0  0  0  0  0
    4.6189    5.0163    0.5630 H   0  0  0  0  0  0  0  0  0  0  0  0
    4.2711    1.2068    2.2954 H   0  0  0  0  0  0  0  0  0  0  0  0
    5.5582    3.2271    1.9088 H   0  0  0  0  0  0  0  0  0  0  0  0
  1  9  2  0  0  0  0
  2  4  1  0  0  0  0
  2  5  2  0  0  0  0
  2  6  1  0  0  0  0
  3  7  2  0  0  0  0
  3  8  1  0  0  0  0
  3  9  1  0  0  0  0
  4 11  2  0  0  0  0
  4 12  1  0  0  0  0
  5  7  1  0  0  0  0
  5 21  1  0  0  0  0
  6  8  2  0  0  0  0
  6 22  1  0  0  0  0
  7 23  1  0  0  0  0
  8 24  1  0  0  0  0
  9 10  1  0  0  0  0
 10 13  2  0  0  0  0
 10 14  1  0  0  0  0
 11 15  1  0  0  0  0
 11 25  1  0  0  0  0
 12 16  2  0  0  0  0
 12 26  1  0  0  0  0
 13 18  1  0  0  0  0
 13 27  1  0  0  0  0
 14 19  2  0  0  0  0
 14 28  1  0  0  0  0
 15 17  2  0  0  0  0
 15 29  1  0  0  0  0
 16 17  1  0  0  0  0
 16 30  1  0  0  0  0
 17 31  1  0  0  0  0
 18 20  2  0  0  0  0
 18 32  1  0  0  0  0
 19 20  1  0  0  0  0
 19 33  1  0  0  0  0
 20 34  1  0  0  0  0
M  END
> <PUBCHEM_BONDANNOTATIONS>
10  13  8
10  14  8
11  15  8
12  16  8
13  18  8
14  19  8
15  17  8
16  17  8
18  20  8
19  20  8
2  5  8
2  6  8
3  7  8
3  8  8
4  11  8
4  12  8
5  7  8
6  8  8

$$$$
