
  ACD/Labs06251410132D

 11 11  0  0  0  0  0  0  0  0  1 V2000
    3.9897   -4.6071    0.0000 O   0  0  0  0  0  0  0  0  0  0  0  0
    3.3263   -3.4553    0.0000 C   0  0  0  0  0  0  0  0  0  0  0  0
    3.9897   -2.3035    0.0000 C   0  0  0  0  0  0  0  0  0  0  0  0
    3.3263   -1.1518    0.0000 C   0  0  0  0  0  0  0  0  0  0  0  0
    1.9949   -1.1518    0.0000 C   0  0  0  0  0  0  0  0  0  0  0  0
    1.3314    0.0000    0.0000 C   0  0  0  0  0  0  0  0  0  0  0  0
    0.0000    0.0000    0.0000 O   0  0  0  0  0  0  0  0  0  0  0  0
    1.3314   -2.3035    0.0000 C   0  0  0  0  0  0  0  0  0  0  0  0
    0.0000   -2.3035    0.0000 O   0  0  0  0  0  0  0  0  0  0  0  0
    1.9949   -3.4553    0.0000 C   0  0  0  0  0  0  0  0  0  0  0  0
    1.3314   -4.6071    0.0000 O   0  0  0  0  0  0  0  0  0  0  0  0
  1  2  1  0  0  0  0
  2  3  1  0  0  0  0
  2 10  2  0  0  0  0
  3  4  2  0  0  0  0
  4  5  1  0  0  0  0
  5  6  1  0  0  0  0
  5  8  2  0  0  0  0
  6  7  2  0  0  0  0
  8  9  1  0  0  0  0
  8 10  1  0  0  0  0
 10 11  1  0  0  0  0
M  END
