
  ACD/Labs06251410112D

 13 14  0  0  0  0  0  0  0  0  1 V2000
    4.6579   -6.9109    0.0000 N   0  0  0  0  0  0  0  0  0  0  0  0
    3.9876   -5.7568    0.0000 C   0  0  0  0  0  0  0  0  0  0  0  0
    4.6579   -4.6096    0.0000 C   0  0  0  0  0  0  0  0  0  0  0  0
    3.9876   -3.4554    0.0000 C   0  0  0  0  0  0  0  0  0  0  0  0
    2.6607   -3.4554    0.0000 C   0  0  0  0  0  0  0  0  0  0  0  0
    1.9972   -4.6096    0.0000 C   0  0  0  0  0  0  0  0  0  0  0  0
    2.6607   -5.7568    0.0000 C   0  0  0  0  0  0  0  0  0  0  0  0
    1.9972   -2.3013    0.0000 N   0  0  0  0  0  0  0  0  0  0  0  0
    2.6607   -1.1541    0.0000 C   0  0  0  0  0  0  0  0  0  0  0  0
    1.9972    0.0000    0.0000 C   0  0  0  0  0  0  0  0  0  0  0  0
    0.6634    0.0000    0.0000 O   0  0  0  0  0  0  0  0  0  0  0  0
    0.0000   -1.1541    0.0000 C   0  0  0  0  0  0  0  0  0  0  0  0
    0.6634   -2.3013    0.0000 C   0  0  0  0  0  0  0  0  0  0  0  0
  1  2  1  0  0  0  0
  2  3  1  0  0  0  0
  2  7  2  0  0  0  0
  3  4  2  0  0  0  0
  4  5  1  0  0  0  0
  5  6  2  0  0  0  0
  5  8  1  0  0  0  0
  6  7  1  0  0  0  0
  8  9  1  0  0  0  0
  8 13  1  0  0  0  0
  9 10  1  0  0  0  0
 10 11  1  0  0  0  0
 11 12  1  0  0  0  0
 12 13  1  0  0  0  0
M  END
