7122
  Marvin  12300703363D          

 23 24  0  0  0  0            999 V2000
   -0.2739    3.8465   -0.0000 O   0  0  0  0  0  0  0  0  0  0  0  0
   -0.0879   -0.9148   -0.0000 C   0  0  0  0  0  0  0  0  0  0  0  0
    1.3342   -0.8968    0.0000 C   0  0  0  0  0  0  0  0  0  0  0  0
   -0.1611    1.5711   -0.0000 C   0  0  0  0  0  0  0  0  0  0  0  0
   -0.7973    0.3043   -0.0000 C   0  0  0  0  0  0  0  0  0  0  0  0
    1.9976    0.3481    0.0000 C   0  0  0  0  0  0  0  0  0  0  0  0
    1.2603    1.5473    0.0000 C   0  0  0  0  0  0  0  0  0  0  0  0
   -0.7730   -2.1515   -0.0000 C   0  0  0  0  0  0  0  0  0  0  0  0
    2.0390   -2.1227    0.0000 C   0  0  0  0  0  0  0  0  0  0  0  0
   -0.0606   -3.3614   -0.0000 C   0  0  0  0  0  0  0  0  0  0  0  0
    1.3444   -3.3474   -0.0000 C   0  0  0  0  0  0  0  0  0  0  0  0
   -0.8804    2.7807    0.0000 C   0  0  0  0  0  0  0  0  0  0  0  0
   -2.3242    2.9834    0.0000 C   0  0  0  0  0  0  0  0  0  0  0  0
   -1.8133    0.2336   -0.0000 H   0  0  0  0  0  0  0  0  0  0  0  0
    3.0209    0.3955   -0.0000 H   0  0  0  0  0  0  0  0  0  0  0  0
    1.8018    2.4163   -0.0000 H   0  0  0  0  0  0  0  0  0  0  0  0
   -1.7961   -2.1870    0.0000 H   0  0  0  0  0  0  0  0  0  0  0  0
    3.0622   -2.1429   -0.0000 H   0  0  0  0  0  0  0  0  0  0  0  0
   -0.5682   -4.2491    0.0000 H   0  0  0  0  0  0  0  0  0  0  0  0
    1.8581   -4.2311   -0.0000 H   0  0  0  0  0  0  0  0  0  0  0  0
   -2.6235    3.5468    0.8863 H   0  0  0  0  0  0  0  0  0  0  0  0
   -2.6235    3.5468   -0.8863 H   0  0  0  0  0  0  0  0  0  0  0  0
   -2.9351    2.0843    0.0000 H   0  0  0  0  0  0  0  0  0  0  0  0
  1 12  2  0  0  0  0
  2  3  1  0  0  0  0
  2  5  1  0  0  0  0
  2  8  2  0  0  0  0
  3  6  1  0  0  0  0
  3  9  2  0  0  0  0
  4  5  2  0  0  0  0
  4  7  1  0  0  0  0
  4 12  1  0  0  0  0
  5 14  1  0  0  0  0
  6  7  2  0  0  0  0
  6 15  1  0  0  0  0
  7 16  1  0  0  0  0
  8 10  1  0  0  0  0
  8 17  1  0  0  0  0
  9 11  1  0  0  0  0
  9 18  1  0  0  0  0
 10 11  2  0  0  0  0
 10 19  1  0  0  0  0
 11 20  1  0  0  0  0
 12 13  1  0  0  0  0
 13 21  1  0  0  0  0
 13 22  1  0  0  0  0
 13 23  1  0  0  0  0
M  END
> <PUBCHEM_BONDANNOTATIONS>
10  11  8
2  3  8
2  5  8
2  8  8
3  6  8
3  9  8
4  5  8
4  7  8
6  7  8
8  10  8
9  11  8

$$$$
