
  ACD/Labs02211713402D

  5  5  0  0  0  0  0  0  0  0  1 V2000
    0.0000   -2.2700    0.0000 O   0  0  0  0  0  0  0  0  0  0  0  0
    0.9398   -1.3302    0.0000 C   0  0  0  0  0  0  0  0  0  0  0  0
    0.9398    0.0000    0.0000 C   0  0  0  0  0  0  0  0  0  0  0  0
    2.2700    0.0000    0.0000 C   0  0  0  0  0  0  0  0  0  0  0  0
    2.2700   -1.3302    0.0000 C   0  0  0  0  0  0  0  0  0  0  0  0
  1  2  1  0  0  0  0
  2  3  1  0  0  0  0
  2  5  1  0  0  0  0
  3  4  1  0  0  0  0
  4  5  1  0  0  0  0
M  END
