76258
  Marvin  12310720203D          

 14 14  0  0  0  0            999 V2000
    0.4785   -3.0073    0.0445 Cl  0  0  0  0  0  0  0  0  0  0  0  0
    2.6196    0.7307   -0.4524 O   0  0  0  0  0  0  0  0  0  0  0  0
    2.6883   -1.0412    0.5895 O   0  0  0  0  0  0  0  0  0  0  0  0
   -1.5108   -1.3965    0.0722 N   0  0  0  0  0  0  0  0  0  0  0  0
    0.6001   -0.2315    0.0713 C   0  0  0  0  0  0  0  0  0  0  0  0
   -0.1445    0.9769    0.0672 C   0  0  0  0  0  0  0  0  0  0  0  0
   -0.1542   -1.4363    0.0739 C   0  0  0  0  0  0  0  0  0  0  0  0
   -1.5502    0.9838    0.0654 C   0  0  0  0  0  0  0  0  0  0  0  0
   -2.2258   -0.2458    0.0684 C   0  0  0  0  0  0  0  0  0  0  0  0
    1.9902   -0.1837    0.0699 C   0  0  0  0  0  0  0  0  0  0  0  0
    0.3235    1.8872    0.0741 H   0  0  0  0  0  0  0  0  0  0  0  0
   -2.0689    1.8647    0.0635 H   0  0  0  0  0  0  0  0  0  0  0  0
   -3.2461   -0.2811    0.0666 H   0  0  0  0  0  0  0  0  0  0  0  0
    2.2002    1.3801   -0.8741 H   0  0  0  0  0  0  0  0  0  0  0  0
  1  7  1  0  0  0  0
  2 10  1  0  0  0  0
  2 14  1  0  0  0  0
  3 10  2  0  0  0  0
  4  7  1  0  0  0  0
  4  9  2  0  0  0  0
  5  6  1  0  0  0  0
  5  7  2  0  0  0  0
  5 10  1  0  0  0  0
  6  8  2  0  0  0  0
  6 11  1  0  0  0  0
  8  9  1  0  0  0  0
  8 12  1  0  0  0  0
  9 13  1  0  0  0  0
M  END
> <PUBCHEM_BONDANNOTATIONS>
4  7  8
4  9  8
5  6  8
5  7  8
6  8  8
8  9  8

$$$$
