
  ACD/Labs04281710322D

 10 10  0  0  0  0  0  0  0  0  1 V2000
    2.6595   -5.7565    0.0000 C   0  0  0  0  0  0  0  0  0  0  0  0
    1.9917   -4.6052    0.0000 O   0  0  0  0  0  0  0  0  0  0  0  0
    2.6595   -3.4539    0.0000 C   0  0  0  0  0  0  0  0  0  0  0  0
    3.9892   -3.4539    0.0000 O   0  0  0  0  0  0  0  0  0  0  0  0
    1.9917   -2.3026    0.0000 C   0  0  0  0  0  0  0  0  0  0  0  0
    2.6595   -1.1513    0.0000 C   0  0  0  0  0  0  0  0  0  0  0  0
    1.9917    0.0000    0.0000 C   0  0  0  0  0  0  0  0  0  0  0  0
    0.6620    0.0000    0.0000 C   0  0  0  0  0  0  0  0  0  0  0  0
    0.0000   -1.1513    0.0000 C   0  0  0  0  0  0  0  0  0  0  0  0
    0.6620   -2.3026    0.0000 C   0  0  0  0  0  0  0  0  0  0  0  0
  1  2  1  0  0  0  0
  2  3  1  0  0  0  0
  3  4  2  0  0  0  0
  3  5  1  0  0  0  0
  5  6  1  0  0  0  0
  5 10  2  0  0  0  0
  6  7  2  0  0  0  0
  7  8  1  0  0  0  0
  8  9  2  0  0  0  0
  9 10  1  0  0  0  0
M  END
