7150
  Marvin  12300703363D          

 18 18  0  0  0  0            999 V2000
   -0.4384   -2.0182    0.3387 O   0  0  0  0  0  0  0  0  0  0  0  0
   -1.9542   -1.0660   -0.8398 O   0  0  0  0  0  0  0  0  0  0  0  0
   -0.1200    0.1503   -0.2989 C   0  0  0  0  0  0  0  0  0  0  0  0
    1.2980    0.1525   -0.2745 C   0  0  0  0  0  0  0  0  0  0  0  0
   -0.7778    1.4068   -0.3055 C   0  0  0  0  0  0  0  0  0  0  0  0
    2.0259    1.3586   -0.2605 C   0  0  0  0  0  0  0  0  0  0  0  0
   -0.0577    2.6141   -0.2822 C   0  0  0  0  0  0  0  0  0  0  0  0
    1.3468    2.5896   -0.2623 C   0  0  0  0  0  0  0  0  0  0  0  0
   -0.8623   -1.0258   -0.2819 C   0  0  0  0  0  0  0  0  0  0  0  0
   -1.0824   -3.0803    0.8373 C   0  0  0  0  0  0  0  0  0  0  0  0
    1.8262   -0.7245   -0.2712 H   0  0  0  0  0  0  0  0  0  0  0  0
   -1.7999    1.4670   -0.3100 H   0  0  0  0  0  0  0  0  0  0  0  0
    3.0484    1.3439   -0.2475 H   0  0  0  0  0  0  0  0  0  0  0  0
   -0.5563    3.5068   -0.2751 H   0  0  0  0  0  0  0  0  0  0  0  0
    1.8711    3.4672   -0.2476 H   0  0  0  0  0  0  0  0  0  0  0  0
   -0.3519   -3.7779    1.2459 H   0  0  0  0  0  0  0  0  0  0  0  0
   -1.7388   -2.7613    1.6507 H   0  0  0  0  0  0  0  0  0  0  0  0
   -1.6768   -3.6030    0.0843 H   0  0  0  0  0  0  0  0  0  0  0  0
  1  9  1  0  0  0  0
  1 10  1  0  0  0  0
  2  9  2  0  0  0  0
  3  4  2  0  0  0  0
  3  5  1  0  0  0  0
  3  9  1  0  0  0  0
  4  6  1  0  0  0  0
  4 11  1  0  0  0  0
  5  7  2  0  0  0  0
  5 12  1  0  0  0  0
  6  8  2  0  0  0  0
  6 13  1  0  0  0  0
  7  8  1  0  0  0  0
  7 14  1  0  0  0  0
  8 15  1  0  0  0  0
 10 16  1  0  0  0  0
 10 17  1  0  0  0  0
 10 18  1  0  0  0  0
M  END
> <PUBCHEM_BONDANNOTATIONS>
3  4  8
3  5  8
4  6  8
5  7  8
6  8  8
7  8  8

$$$$
