
  ACD/Labs06251410102D

 15 15  0  0  0  0  0  0  0  0  1 V2000
    7.9810   -5.7623    0.0000 C   0  0  0  0  0  0  0  0  0  0  0  0
    6.6482   -5.7623    0.0000 O   0  0  0  0  0  0  0  0  0  0  0  0
    5.9858   -4.6130    0.0000 C   0  0  0  0  0  0  0  0  0  0  0  0
    6.6482   -3.4558    0.0000 C   0  0  0  0  0  0  0  0  0  0  0  0
    5.9858   -2.3065    0.0000 C   0  0  0  0  0  0  0  0  0  0  0  0
    4.6529   -2.3065    0.0000 C   0  0  0  0  0  0  0  0  0  0  0  0
    3.9905   -3.4558    0.0000 C   0  0  0  0  0  0  0  0  0  0  0  0
    4.6529   -4.6130    0.0000 C   0  0  0  0  0  0  0  0  0  0  0  0
    3.9905   -1.1572    0.0000 C   0  0  0  0  0  0  0  0  0  0  0  0
    4.6529    0.0000    0.0000 O   0  0  0  0  0  0  0  0  0  0  0  0
    2.6577   -1.1572    0.0000 C   0  0  0  0  0  0  0  0  0  0  0  0
    1.9953   -2.3065    0.0000 C   0  0  0  0  0  0  0  0  0  0  0  0
    0.6624   -2.3065    0.0000 C   0  0  0  0  0  0  0  0  0  0  0  0
    0.0000   -1.1572    0.0000 O   0  0  0  0  0  0  0  0  0  0  0  0
    0.0000   -3.4558    0.0000 O   0  0  0  0  0  0  0  0  0  0  0  0
  1  2  1  0  0  0  0
  2  3  1  0  0  0  0
  3  4  1  0  0  0  0
  3  8  2  0  0  0  0
  4  5  2  0  0  0  0
  5  6  1  0  0  0  0
  6  7  2  0  0  0  0
  6  9  1  0  0  0  0
  7  8  1  0  0  0  0
  9 10  2  0  0  0  0
  9 11  1  0  0  0  0
 11 12  1  0  0  0  0
 12 13  1  0  0  0  0
 13 14  1  0  0  0  0
 13 15  2  0  0  0  0
M  END
