
  ACD/Labs04281713052D

  8  8  0  0  0  0  0  0  0  0  1 V2000
    2.3027    0.0000    0.0000 C   0  0  0  0  0  0  0  0  0  0  0  0
    2.3027   -1.3289    0.0000 C   0  0  0  0  0  0  0  0  0  0  0  0
    3.4560   -1.9954    0.0000 C   0  0  0  0  0  0  0  0  0  0  0  0
    3.4560   -3.3243    0.0000 C   0  0  0  0  0  0  0  0  0  0  0  0
    2.3027   -3.9907    0.0000 C   0  0  0  0  0  0  0  0  0  0  0  0
    1.1533   -3.3243    0.0000 C   0  0  0  0  0  0  0  0  0  0  0  0
    0.0000   -3.9907    0.0000 O   0  0  0  0  0  0  0  0  0  0  0  0
    1.1533   -1.9954    0.0000 N   0  0  0  0  0  0  0  0  0  0  0  0
  1  2  1  0  0  0  0
  2  3  2  0  0  0  0
  2  8  1  0  0  0  0
  3  4  1  0  0  0  0
  4  5  2  0  0  0  0
  5  6  1  0  0  0  0
  6  7  1  0  0  0  0
  6  8  2  0  0  0  0
M  END
