76772
  Marvin  12310720203D          

 15 15  0  0  0  0            999 V2000
   -2.7501    0.7373   -0.6823 O   0  0  0  0  0  0  0  0  0  0  0  0
   -0.8473   -0.3529   -0.6348 N   0  0  0  0  0  0  0  0  0  0  0  0
    0.3971   -0.5286   -0.2142 C   0  0  0  0  0  0  0  0  0  0  0  0
    0.9160    0.3574    0.6703 C   0  0  0  0  0  0  0  0  0  0  0  0
    1.1813   -1.6474   -0.6946 C   0  0  0  0  0  0  0  0  0  0  0  0
   -1.6139    0.6442   -0.2412 C   0  0  0  0  0  0  0  0  0  0  0  0
    0.1451    1.4030    1.1031 C   0  0  0  0  0  0  0  0  0  0  0  0
   -1.1184    1.5562    0.6550 C   0  0  0  0  0  0  0  0  0  0  0  0
   -1.2017   -0.9693   -1.2441 H   0  0  0  0  0  0  0  0  0  0  0  0
    1.8457    0.2625    1.0107 H   0  0  0  0  0  0  0  0  0  0  0  0
    1.4840   -2.2767    0.1452 H   0  0  0  0  0  0  0  0  0  0  0  0
    2.0781   -1.2825   -1.2001 H   0  0  0  0  0  0  0  0  0  0  0  0
    0.6314   -2.2734   -1.4001 H   0  0  0  0  0  0  0  0  0  0  0  0
    0.5244    2.0522    1.7533 H   0  0  0  0  0  0  0  0  0  0  0  0
   -1.6720    2.3182    0.9738 H   0  0  0  0  0  0  0  0  0  0  0  0
  1  6  2  0  0  0  0
  2  3  1  0  0  0  0
  2  6  1  0  0  0  0
  2  9  1  0  0  0  0
  3  4  2  0  0  0  0
  3  5  1  0  0  0  0
  4  7  1  0  0  0  0
  4 10  1  0  0  0  0
  5 11  1  0  0  0  0
  5 12  1  0  0  0  0
  5 13  1  0  0  0  0
  6  8  1  0  0  0  0
  7  8  2  0  0  0  0
  7 14  1  0  0  0  0
  8 15  1  0  0  0  0
M  END
> <PUBCHEM_BONDANNOTATIONS>
2  3  8
2  6  8
3  4  8
4  7  8
6  8  8
7  8  8

$$$$
