
  ACD/Labs04281711212D

 12 13  0  0  0  0  0  0  0  0  1 V2000
    0.0000   -1.9948    0.0000 O   0  0  0  0  0  0  0  0  0  0  0  0
    1.1504   -2.6598    0.0000 C   0  0  0  0  0  0  0  0  0  0  0  0
    1.1504   -3.9897    0.0000 O   0  0  0  0  0  0  0  0  0  0  0  0
    2.3007   -1.9948    0.0000 C   0  0  0  0  0  0  0  0  0  0  0  0
    3.4511   -2.6598    0.0000 C   0  0  0  0  0  0  0  0  0  0  0  0
    4.6014   -1.9948    0.0000 C   0  0  0  0  0  0  0  0  0  0  0  0
    4.6014   -0.6649    0.0000 C   0  0  0  0  0  0  0  0  0  0  0  0
    5.8715   -0.2527    0.0000 O   0  0  0  0  0  0  0  0  0  0  0  0
    6.6494   -1.3299    0.0000 C   0  0  0  0  0  0  0  0  0  0  0  0
    5.8715   -2.4071    0.0000 O   0  0  0  0  0  0  0  0  0  0  0  0
    3.4511    0.0000    0.0000 C   0  0  0  0  0  0  0  0  0  0  0  0
    2.3007   -0.6649    0.0000 C   0  0  0  0  0  0  0  0  0  0  0  0
  1  2  1  0  0  0  0
  2  3  2  0  0  0  0
  2  4  1  0  0  0  0
  4  5  2  0  0  0  0
  4 12  1  0  0  0  0
  5  6  1  0  0  0  0
  6  7  2  0  0  0  0
  6 10  1  0  0  0  0
  7  8  1  0  0  0  0
  7 11  1  0  0  0  0
  8  9  1  0  0  0  0
  9 10  1  0  0  0  0
 11 12  2  0  0  0  0
M  END
