
  ACD/Labs12131311352D

  9  9  0  0  0  0  0  0  0  0  1 V2000
    3.3276   -1.4826    0.0000 C   0  0  0  0  0  0  0  0  0  0  0  0
    2.7456   -2.6742    0.0000 N   0  0  0  0  0  0  0  0  0  0  0  0
    2.3777   -0.5546    0.0000 C   0  0  0  0  0  0  0  0  0  0  0  0
    4.6290   -1.2520    0.0000 C   0  0  0  0  0  0  0  0  0  0  0  0
    1.4332   -2.4985    0.0000 O   0  0  0  0  0  0  0  0  0  0  0  0
    1.1916   -1.1751    0.0000 C   0  0  0  0  0  0  0  0  0  0  0  0
    5.0958    0.0000    0.0000 O   0  0  0  0  0  0  0  0  0  0  0  0
    5.4911   -2.2568    0.0000 O   0  0  0  0  0  0  0  0  0  0  0  0
    0.0000   -0.5930    0.0000 C   0  0  0  0  0  0  0  0  0  0  0  0
  1  2  2  0  0  0  0
  1  3  1  0  0  0  0
  1  4  1  0  0  0  0
  2  5  1  0  0  0  0
  3  6  2  0  0  0  0
  4  7  2  0  0  0  0
  4  8  1  0  0  0  0
  5  6  1  0  0  0  0
  6  9  1  0  0  0  0
M  END
