76947
  Marvin  12310720203D          

 14 14  0  0  0  0            999 V2000
   -0.7158   -1.4141    0.0032 O   0  0  0  0  0  0  0  0  0  0  0  0
    3.2769   -0.6047    0.3879 O   0  0  0  0  0  0  0  0  0  0  0  0
    2.7996    1.2417   -0.4480 O   0  0  0  0  0  0  0  0  0  0  0  0
    0.5893   -1.4315    0.0233 N   0  0  0  0  0  0  0  0  0  0  0  0
   -1.1493   -0.1354   -0.0666 C   0  0  0  0  0  0  0  0  0  0  0  0
   -0.0196    0.6733   -0.1091 C   0  0  0  0  0  0  0  0  0  0  0  0
    1.0787   -0.1806   -0.0419 C   0  0  0  0  0  0  0  0  0  0  0  0
   -2.5610    0.2722   -0.0762 C   0  0  0  0  0  0  0  0  0  0  0  0
    2.4148    0.1582   -0.0358 C   0  0  0  0  0  0  0  0  0  0  0  0
   -0.0030    1.6944   -0.1617 H   0  0  0  0  0  0  0  0  0  0  0  0
   -3.0570   -0.1344   -0.9583 H   0  0  0  0  0  0  0  0  0  0  0  0
   -3.0538   -0.1174    0.8157 H   0  0  0  0  0  0  0  0  0  0  0  0
   -2.6676    1.3586   -0.0829 H   0  0  0  0  0  0  0  0  0  0  0  0
    3.0680   -1.3804    0.7504 H   0  0  0  0  0  0  0  0  0  0  0  0
  1  4  1  0  0  0  0
  1  5  1  0  0  0  0
  2  9  1  0  0  0  0
  2 14  1  0  0  0  0
  3  9  2  0  0  0  0
  4  7  2  0  0  0  0
  5  6  2  0  0  0  0
  5  8  1  0  0  0  0
  6  7  1  0  0  0  0
  6 10  1  0  0  0  0
  7  9  1  0  0  0  0
  8 11  1  0  0  0  0
  8 12  1  0  0  0  0
  8 13  1  0  0  0  0
M  END
> <PUBCHEM_BONDANNOTATIONS>
1  4  8
1  5  8
4  7  8
5  6  8
6  7  8

$$$$
