77337
  Marvin  12310720203D          

 20 20  0  0  0  0            999 V2000
   -2.5564   -2.3898    1.1835 O   0  0  0  0  0  0  0  0  0  0  0  0
   -1.8943   -0.5800    1.9314 O   0  0  0  0  0  0  0  0  0  0  0  0
    3.2467   -1.1151   -0.2219 O   0  5  0  0  0  0  0  0  0  0  0  0
    1.7401   -2.2474   -0.2095 O   0  0  0  0  0  0  0  0  0  0  0  0
    2.0718   -1.1318   -0.2239 N   0  3  0  0  0  0  0  0  0  0  0  0
   -0.1700   -0.0335   -0.2433 C   0  0  0  0  0  0  0  0  0  0  0  0
   -1.0782   -1.2277   -0.1959 C   0  0  0  0  0  0  0  0  0  0  0  0
    1.2681   -0.0389   -0.2377 C   0  0  0  0  0  0  0  0  0  0  0  0
   -0.8617    1.2080   -0.2782 C   0  0  0  0  0  0  0  0  0  0  0  0
    1.9120    1.2330   -0.2332 C   0  0  0  0  0  0  0  0  0  0  0  0
   -0.1871    2.4359   -0.2571 C   0  0  0  0  0  0  0  0  0  0  0  0
    1.2108    2.4474   -0.2325 C   0  0  0  0  0  0  0  0  0  0  0  0
   -1.8657   -1.3921    1.0177 C   0  0  0  0  0  0  0  0  0  0  0  0
   -1.7629   -1.1823   -1.0469 H   0  0  0  0  0  0  0  0  0  0  0  0
   -0.5622   -2.1692   -0.3384 H   0  0  0  0  0  0  0  0  0  0  0  0
   -1.8855    1.2502   -0.3061 H   0  0  0  0  0  0  0  0  0  0  0  0
    2.9317    1.3141   -0.2239 H   0  0  0  0  0  0  0  0  0  0  0  0
   -0.7087    3.3156   -0.2552 H   0  0  0  0  0  0  0  0  0  0  0  0
    1.7131    3.3382   -0.2141 H   0  0  0  0  0  0  0  0  0  0  0  0
   -2.5616   -3.0347    0.5852 H   0  0  0  0  0  0  0  0  0  0  0  0
  1 13  1  0  0  0  0
  1 20  1  0  0  0  0
  2 13  2  0  0  0  0
  3  5  1  0  0  0  0
  4  5  2  0  0  0  0
  5  8  1  0  0  0  0
  6  7  1  0  0  0  0
  6  8  1  0  0  0  0
  6  9  2  0  0  0  0
  7 13  1  0  0  0  0
  7 14  1  0  0  0  0
  7 15  1  0  0  0  0
  8 10  2  0  0  0  0
  9 11  1  0  0  0  0
  9 16  1  0  0  0  0
 10 12  1  0  0  0  0
 10 17  1  0  0  0  0
 11 12  2  0  0  0  0
 11 18  1  0  0  0  0
 12 19  1  0  0  0  0
M  CHG  2   3  -1   5   1
M  END
> <PUBCHEM_BONDANNOTATIONS>
10  12  8
11  12  8
6  8  8
6  9  8
8  10  8
9  11  8

$$$$
