77887
  Marvin  01030820523D          

 15 15  0  0  0  0            999 V2000
    2.6750    1.1639    0.4061 O   0  5  0  0  0  0  0  0  0  0  0  0
    2.6961   -0.5883   -0.4499 O   0  0  0  0  0  0  0  0  0  0  0  0
   -1.4246   -0.9083   -0.0153 N   0  0  0  0  0  0  0  0  0  0  0  0
    2.0388    0.2708   -0.0077 N   0  3  0  0  0  0  0  0  0  0  0  0
    0.4441   -2.1559    0.1304 N   0  0  0  0  0  0  0  0  0  0  0  0
    0.6980    0.2468    0.0010 C   0  0  0  0  0  0  0  0  0  0  0  0
   -0.0686   -0.9510    0.0316 C   0  0  0  0  0  0  0  0  0  0  0  0
   -0.0447    1.4574   -0.0368 C   0  0  0  0  0  0  0  0  0  0  0  0
   -1.4502    1.4714   -0.0721 C   0  0  0  0  0  0  0  0  0  0  0  0
   -2.1326    0.2448   -0.0704 C   0  0  0  0  0  0  0  0  0  0  0  0
    0.4352    2.3605   -0.0518 H   0  0  0  0  0  0  0  0  0  0  0  0
   -1.9661    2.3535   -0.1028 H   0  0  0  0  0  0  0  0  0  0  0  0
   -3.1527    0.2129   -0.1051 H   0  0  0  0  0  0  0  0  0  0  0  0
   -0.1042   -2.9091    0.0437 H   0  0  0  0  0  0  0  0  0  0  0  0
    1.3566   -2.2694    0.2989 H   0  0  0  0  0  0  0  0  0  0  0  0
  1  4  1  0  0  0  0
  2  4  2  0  0  0  0
  3  7  1  0  0  0  0
  3 10  2  0  0  0  0
  4  6  1  0  0  0  0
  5  7  1  0  0  0  0
  5 14  1  0  0  0  0
  5 15  1  0  0  0  0
  6  7  2  0  0  0  0
  6  8  1  0  0  0  0
  8  9  2  0  0  0  0
  8 11  1  0  0  0  0
  9 10  1  0  0  0  0
  9 12  1  0  0  0  0
 10 13  1  0  0  0  0
M  CHG  2   1  -1   4   1
M  END
> <PUBCHEM_BONDANNOTATIONS>
3  10  8
3  7  8
6  7  8
6  8  8
8  9  8
9  10  8

$$$$
