
  ACD/Labs04281713162D

 13 13  0  0  0  0  0  0  0  0  2 V2000
    1.9979   -6.9131    0.0000 O   0  0  0  0  0  0  0  0  0  0  0  0
    2.6616   -5.7586    0.0000 C   0  0  0  0  0  0  0  0  0  0  0  0
    3.9889   -5.7586    0.0000 O   0  0  0  0  0  0  0  0  0  0  0  0
    1.9979   -4.6111    0.0000 C   0  0  0  0  0  0  0  0  0  0  0  0
    2.6616   -3.4566    0.0000 C   0  0  0  0  0  0  0  0  0  0  0  0
    1.9979   -2.3021    0.0000 C   0  0  0  0  0  0  0  0  0  0  0  0
    0.6637   -2.3021    0.0000 C   0  0  0  0  0  0  0  0  0  0  0  0
    0.0000   -3.4566    0.0000 C   0  0  0  0  0  0  0  0  0  0  0  0
    0.6637   -4.6111    0.0000 C   0  0  0  0  0  0  0  0  0  0  0  0
    0.0000   -5.7586    0.0000 O   0  0  0  0  0  0  0  0  0  0  0  0
    2.6616   -1.1545    0.0000 N   0  3  0  0  0  0  0  0  0  0  0  0
    3.9889   -1.1545    0.0000 O   0  5  0  0  0  0  0  0  0  0  0  0
    1.9979    0.0000    0.0000 O   0  0  0  0  0  0  0  0  0  0  0  0
  1  2  1  0  0  0  0
  2  3  2  0  0  0  0
  2  4  1  0  0  0  0
  4  5  1  0  0  0  0
  4  9  2  0  0  0  0
  5  6  2  0  0  0  0
  6  7  1  0  0  0  0
  6 11  1  0  0  0  0
  7  8  2  0  0  0  0
  8  9  1  0  0  0  0
  9 10  1  0  0  0  0
 11 12  1  0  0  0  0
 11 13  2  0  0  0  0
M  CHG  2  11   1  12  -1
M  END
