7318
  Marvin  12300703363D          

 18 18  0  0  0  0            999 V2000
   -2.6808    0.5758   -0.0521 O   0  0  0  0  0  0  0  0  0  0  0  0
   -0.9298   -2.9774    0.4601 O   0  0  0  0  0  0  0  0  0  0  0  0
   -2.5080   -2.1217   -0.5447 O   0  0  0  0  0  0  0  0  0  0  0  0
    3.4408    1.4626   -0.0498 O   0  5  0  0  0  0  0  0  0  0  0  0
    3.4357   -0.4743   -0.0492 O   0  0  0  0  0  0  0  0  0  0  0  0
    2.7814    0.4935   -0.0496 N   0  3  0  0  0  0  0  0  0  0  0  0
   -0.7368   -0.7408   -0.0545 C   0  0  0  0  0  0  0  0  0  0  0  0
    1.4352    0.4979   -0.0503 C   0  0  0  0  0  0  0  0  0  0  0  0
    0.6814   -0.7042   -0.0511 C   0  0  0  0  0  0  0  0  0  0  0  0
   -1.4230    0.5013   -0.0612 C   0  0  0  0  0  0  0  0  0  0  0  0
    0.6947    1.7046   -0.0523 C   0  0  0  0  0  0  0  0  0  0  0  0
   -0.7097    1.7142   -0.0578 C   0  0  0  0  0  0  0  0  0  0  0  0
   -1.4021   -1.9657   -0.0483 C   0  0  0  0  0  0  0  0  0  0  0  0
    1.1956   -1.5896   -0.0590 H   0  0  0  0  0  0  0  0  0  0  0  0
    1.1709    2.6099   -0.0497 H   0  0  0  0  0  0  0  0  0  0  0  0
   -1.2032    2.6112   -0.0560 H   0  0  0  0  0  0  0  0  0  0  0  0
   -3.0904    1.3553   -0.0466 H   0  0  0  0  0  0  0  0  0  0  0  0
   -0.1519   -2.9525    0.8722 H   0  0  0  0  0  0  0  0  0  0  0  0
  1 10  1  0  0  0  0
  1 17  1  0  0  0  0
  2 13  1  0  0  0  0
  2 18  1  0  0  0  0
  3 13  2  0  0  0  0
  4  6  1  0  0  0  0
  5  6  2  0  0  0  0
  6  8  1  0  0  0  0
  7  9  1  0  0  0  0
  7 10  2  0  0  0  0
  7 13  1  0  0  0  0
  8  9  2  0  0  0  0
  8 11  1  0  0  0  0
  9 14  1  0  0  0  0
 10 12  1  0  0  0  0
 11 12  2  0  0  0  0
 11 15  1  0  0  0  0
 12 16  1  0  0  0  0
M  CHG  2   4  -1   6   1
M  END
> <PUBCHEM_BONDANNOTATIONS>
10  12  8
11  12  8
7  10  8
7  9  8
8  11  8
8  9  8

$$$$
