
  ACD/Labs04281711212D

 13 13  0  0  0  0  0  0  0  0  2 V2000
    3.9912   -5.7564    0.0000 O   0  0  0  0  0  0  0  0  0  0  0  0
    4.6554   -4.6075    0.0000 C   0  0  0  0  0  0  0  0  0  0  0  0
    5.9838   -4.6075    0.0000 O   0  0  0  0  0  0  0  0  0  0  0  0
    3.9912   -3.4527    0.0000 C   0  0  0  0  0  0  0  0  0  0  0  0
    4.6554   -2.3038    0.0000 C   0  0  0  0  0  0  0  0  0  0  0  0
    3.9912   -1.1489    0.0000 C   0  0  0  0  0  0  0  0  0  0  0  0
    2.6568   -1.1489    0.0000 C   0  0  0  0  0  0  0  0  0  0  0  0
    1.9926    0.0000    0.0000 Cl  0  0  0  0  0  0  0  0  0  0  0  0
    1.9926   -2.3038    0.0000 C   0  0  0  0  0  0  0  0  0  0  0  0
    2.6568   -3.4527    0.0000 C   0  0  0  0  0  0  0  0  0  0  0  0
    0.6642   -2.3038    0.0000 N   0  3  0  0  0  0  0  0  0  0  0  0
    0.0000   -1.1489    0.0000 O   0  5  0  0  0  0  0  0  0  0  0  0
    0.0000   -3.4527    0.0000 O   0  0  0  0  0  0  0  0  0  0  0  0
  1  2  1  0  0  0  0
  2  3  2  0  0  0  0
  2  4  1  0  0  0  0
  4  5  1  0  0  0  0
  4 10  2  0  0  0  0
  5  6  2  0  0  0  0
  6  7  1  0  0  0  0
  7  8  1  0  0  0  0
  7  9  2  0  0  0  0
  9 10  1  0  0  0  0
  9 11  1  0  0  0  0
 11 12  1  0  0  0  0
 11 13  2  0  0  0  0
M  CHG  2  11   1  12  -1
M  END
