7320
  Marvin  12300703363D          

 17 17  0  0  0  0            999 V2000
    1.1999    3.3185   -0.0168 Cl  0  0  0  0  0  0  0  0  0  0  0  0
   -1.1441   -2.9163    0.4547 O   0  0  0  0  0  0  0  0  0  0  0  0
   -2.7274   -2.0286   -0.5325 O   0  0  0  0  0  0  0  0  0  0  0  0
    3.1849   -0.3527    0.4569 O   0  5  0  0  0  0  0  0  0  0  0  0
    3.2538    1.2882   -0.5879 O   0  0  0  0  0  0  0  0  0  0  0  0
    2.5712    0.5051   -0.0570 N   0  3  0  0  0  0  0  0  0  0  0  0
   -0.9288   -0.6904   -0.0551 C   0  0  0  0  0  0  0  0  0  0  0  0
    1.2290    0.5629   -0.0519 C   0  0  0  0  0  0  0  0  0  0  0  0
    0.4869   -0.6461   -0.0492 C   0  0  0  0  0  0  0  0  0  0  0  0
   -1.6174    0.5424   -0.0671 C   0  0  0  0  0  0  0  0  0  0  0  0
    0.4881    1.7774   -0.0545 C   0  0  0  0  0  0  0  0  0  0  0  0
   -0.9214    1.7614   -0.0630 C   0  0  0  0  0  0  0  0  0  0  0  0
   -1.6121   -1.9000   -0.0471 C   0  0  0  0  0  0  0  0  0  0  0  0
    1.0017   -1.5318   -0.0626 H   0  0  0  0  0  0  0  0  0  0  0  0
   -2.6413    0.5742   -0.0656 H   0  0  0  0  0  0  0  0  0  0  0  0
   -1.4615    2.6309   -0.0598 H   0  0  0  0  0  0  0  0  0  0  0  0
   -0.3614   -2.8950    0.8586 H   0  0  0  0  0  0  0  0  0  0  0  0
  1 11  1  0  0  0  0
  2 13  1  0  0  0  0
  2 17  1  0  0  0  0
  3 13  2  0  0  0  0
  4  6  1  0  0  0  0
  5  6  2  0  0  0  0
  6  8  1  0  0  0  0
  7  9  2  0  0  0  0
  7 10  1  0  0  0  0
  7 13  1  0  0  0  0
  8  9  1  0  0  0  0
  8 11  2  0  0  0  0
  9 14  1  0  0  0  0
 10 12  2  0  0  0  0
 10 15  1  0  0  0  0
 11 12  1  0  0  0  0
 12 16  1  0  0  0  0
M  CHG  2   4  -1   6   1
M  END
> <PUBCHEM_BONDANNOTATIONS>
10  12  8
11  12  8
7  10  8
7  9  8
8  11  8
8  9  8

$$$$
