
  ACD/Labs06251410132D

 16 17  0  0  0  0  0  0  0  0  1 V2000
    7.9789   -8.0595    0.0000 O   0  0  0  0  0  0  0  0  0  0  0  0
    6.6491   -8.0595    0.0000 C   0  0  0  0  0  0  0  0  0  0  0  0
    5.9801   -6.9070    0.0000 C   0  0  0  0  0  0  0  0  0  0  0  0
    6.6491   -5.7545    0.0000 C   0  0  0  0  0  0  0  0  0  0  0  0
    5.9801   -4.6020    0.0000 C   0  0  0  0  0  0  0  0  0  0  0  0
    4.6503   -4.6020    0.0000 C   0  0  0  0  0  0  0  0  0  0  0  0
    3.9894   -3.4575    0.0000 O   0  0  0  0  0  0  0  0  0  0  0  0
    2.6596   -3.4575    0.0000 C   0  0  0  0  0  0  0  0  0  0  0  0
    1.9907   -2.3050    0.0000 C   0  0  0  0  0  0  0  0  0  0  0  0
    2.6596   -1.1525    0.0000 C   0  0  0  0  0  0  0  0  0  0  0  0
    1.9907    0.0000    0.0000 C   0  0  0  0  0  0  0  0  0  0  0  0
    0.6609    0.0000    0.0000 C   0  0  0  0  0  0  0  0  0  0  0  0
    0.0000   -1.1525    0.0000 C   0  0  0  0  0  0  0  0  0  0  0  0
    0.6609   -2.3050    0.0000 C   0  0  0  0  0  0  0  0  0  0  0  0
    3.9894   -5.7545    0.0000 C   0  0  0  0  0  0  0  0  0  0  0  0
    4.6503   -6.9070    0.0000 C   0  0  0  0  0  0  0  0  0  0  0  0
  1  2  2  0  0  0  0
  2  3  1  0  0  0  0
  3  4  1  0  0  0  0
  3 16  2  0  0  0  0
  4  5  2  0  0  0  0
  5  6  1  0  0  0  0
  6  7  1  0  0  0  0
  6 15  2  0  0  0  0
  7  8  1  0  0  0  0
  8  9  1  0  0  0  0
  9 10  1  0  0  0  0
  9 14  2  0  0  0  0
 10 11  2  0  0  0  0
 11 12  1  0  0  0  0
 12 13  2  0  0  0  0
 13 14  1  0  0  0  0
 15 16  1  0  0  0  0
M  END
