78109
  Marvin  01030820523D          

 28 29  0  0  0  0            999 V2000
    0.0010    0.0017    0.3487 O   0  0  0  0  0  0  0  0  0  0  0  0
   -3.1606   -5.4742   -0.0205 O   0  0  0  0  0  0  0  0  0  0  0  0
    1.1291    1.9557   -0.5473 C   0  0  0  0  0  0  0  0  0  0  0  0
    0.3930    0.6807   -0.7458 C   0  0  0  0  0  0  0  0  0  0  0  0
   -0.6408   -1.1099    0.4387 C   0  0  0  0  0  0  0  0  0  0  0  0
    2.5445    1.9797   -0.5029 C   0  0  0  0  0  0  0  0  0  0  0  0
    0.4422    3.1935   -0.5029 C   0  0  0  0  0  0  0  0  0  0  0  0
   -0.9383   -1.6252    1.7195 C   0  0  0  0  0  0  0  0  0  0  0  0
   -1.0750   -1.8619   -0.6807 C   0  0  0  0  0  0  0  0  0  0  0  0
   -2.0718   -3.5884    0.7490 C   0  0  0  0  0  0  0  0  0  0  0  0
   -1.6395   -2.8397    1.8724 C   0  0  0  0  0  0  0  0  0  0  0  0
   -1.7729   -3.0708   -0.5326 C   0  0  0  0  0  0  0  0  0  0  0  0
    3.2511    3.1974   -0.4883 C   0  0  0  0  0  0  0  0  0  0  0  0
    1.1435    4.4142   -0.4883 C   0  0  0  0  0  0  0  0  0  0  0  0
    2.5497    4.4161   -0.4965 C   0  0  0  0  0  0  0  0  0  0  0  0
   -2.7623   -4.7845    0.9075 C   0  0  0  0  0  0  0  0  0  0  0  0
    1.0183    0.0223   -1.3571 H   0  0  0  0  0  0  0  0  0  0  0  0
   -0.4899    0.8930   -1.3571 H   0  0  0  0  0  0  0  0  0  0  0  0
    3.0798    1.1077   -0.5073 H   0  0  0  0  0  0  0  0  0  0  0  0
   -0.5806    3.2210   -0.5073 H   0  0  0  0  0  0  0  0  0  0  0  0
   -0.6454   -1.1178    2.5591 H   0  0  0  0  0  0  0  0  0  0  0  0
   -0.8887   -1.5393   -1.6326 H   0  0  0  0  0  0  0  0  0  0  0  0
   -1.8314   -3.1722    2.8223 H   0  0  0  0  0  0  0  0  0  0  0  0
   -2.0576   -3.5638   -1.3846 H   0  0  0  0  0  0  0  0  0  0  0  0
    4.2739    3.1986   -0.4844 H   0  0  0  0  0  0  0  0  0  0  0  0
    0.6331    5.3006   -0.4844 H   0  0  0  0  0  0  0  0  0  0  0  0
    3.0610    5.3018   -0.5100 H   0  0  0  0  0  0  0  0  0  0  0  0
   -2.9655   -5.1365    1.8135 H   0  0  0  0  0  0  0  0  0  0  0  0
  1  4  1  0  0  0  0
  1  5  1  0  0  0  0
  2 16  2  0  0  0  0
  3  4  1  0  0  0  0
  3  6  2  0  0  0  0
  3  7  1  0  0  0  0
  4 17  1  0  0  0  0
  4 18  1  0  0  0  0
  5  8  2  0  0  0  0
  5  9  1  0  0  0  0
  6 13  1  0  0  0  0
  6 19  1  0  0  0  0
  7 14  2  0  0  0  0
  7 20  1  0  0  0  0
  8 11  1  0  0  0  0
  8 21  1  0  0  0  0
  9 12  2  0  0  0  0
  9 22  1  0  0  0  0
 10 11  2  0  0  0  0
 10 12  1  0  0  0  0
 10 16  1  0  0  0  0
 11 23  1  0  0  0  0
 12 24  1  0  0  0  0
 13 15  2  0  0  0  0
 13 25  1  0  0  0  0
 14 15  1  0  0  0  0
 14 26  1  0  0  0  0
 15 27  1  0  0  0  0
 16 28  1  0  0  0  0
M  END
> <PUBCHEM_BONDANNOTATIONS>
10  11  8
10  12  8
13  15  8
14  15  8
3  6  8
3  7  8
5  8  8
5  9  8
6  13  8
7  14  8
8  11  8
9  12  8

$$$$
