78308
  Marvin  01030820523D          

 13 13  0  0  0  0            999 V2000
   -3.6700   -0.2320    0.0000 Cl  0  0  0  0  0  0  0  0  0  0  0  0
    2.8405   -1.1423   -0.0000 O   0  5  0  0  0  0  0  0  0  0  0  0
    2.8498    0.8007   -0.0000 O   0  0  0  0  0  0  0  0  0  0  0  0
   -1.2725   -1.3225   -0.0000 N   0  0  0  0  0  0  0  0  0  0  0  0
    2.1929   -0.1656   -0.0000 N   0  3  0  0  0  0  0  0  0  0  0  0
    0.8504   -0.1594    0.0000 C   0  0  0  0  0  0  0  0  0  0  0  0
    0.1045    1.0493    0.0000 C   0  0  0  0  0  0  0  0  0  0  0  0
    0.0836   -1.3529    0.0000 C   0  0  0  0  0  0  0  0  0  0  0  0
   -1.3006    1.0612    0.0000 C   0  0  0  0  0  0  0  0  0  0  0  0
   -1.9823   -0.1670   -0.0000 C   0  0  0  0  0  0  0  0  0  0  0  0
    0.5815    1.9537   -0.0000 H   0  0  0  0  0  0  0  0  0  0  0  0
    0.5301   -2.2727    0.0000 H   0  0  0  0  0  0  0  0  0  0  0  0
   -1.8078    1.9495   -0.0000 H   0  0  0  0  0  0  0  0  0  0  0  0
  1 10  1  0  0  0  0
  2  5  1  0  0  0  0
  3  5  2  0  0  0  0
  4  8  1  0  0  0  0
  4 10  2  0  0  0  0
  5  6  1  0  0  0  0
  6  7  1  0  0  0  0
  6  8  2  0  0  0  0
  7  9  2  0  0  0  0
  7 11  1  0  0  0  0
  8 12  1  0  0  0  0
  9 10  1  0  0  0  0
  9 13  1  0  0  0  0
M  CHG  2   2  -1   5   1
M  END
> <PUBCHEM_BONDANNOTATIONS>
4  10  8
4  8  8
6  7  8
6  8  8
7  9  8
9  10  8

$$$$
