
  ACD/Labs03221914022D

 10 10  0  0  0  0  0  0  0  0  2 V2000
    2.3036   -3.9910    0.0000 C   0  0  0  0  0  0  0  0  0  0  0  0
    1.1518   -3.3229    0.0000 C   0  0  0  0  0  0  0  0  0  0  0  0
    1.1518   -1.9926    0.0000 C   0  0  0  0  0  0  0  0  0  0  0  0
    2.3036   -1.3303    0.0000 C   0  0  0  0  0  0  0  0  0  0  0  0
    3.4554   -1.9926    0.0000 C   0  0  0  0  0  0  0  0  0  0  0  0
    3.4554   -3.3287    0.0000 C   0  0  0  0  0  0  0  0  0  0  0  0
    4.6072   -1.3303    0.0000 N   0  3  0  0  0  0  0  0  0  0  0  0
    5.7590   -1.9926    0.0000 O   0  5  0  0  0  0  0  0  0  0  0  0
    4.6072    0.0000    0.0000 O   0  0  0  0  0  0  0  0  0  0  0  0
    0.0000   -1.3303    0.0000 N   0  0  0  0  0  0  0  0  0  0  0  0
  1  2  2  0  0  0  0
  1  6  1  0  0  0  0
  2  3  1  0  0  0  0
  3  4  2  0  0  0  0
  3 10  1  0  0  0  0
  4  5  1  0  0  0  0
  5  6  2  0  0  0  0
  5  7  1  0  0  0  0
  7  8  1  0  0  0  0
  7  9  2  0  0  0  0
M  CHG  2   7   1   8  -1
M  END
