7423
  Marvin  12300703363D          

 16 16  0  0  0  0            999 V2000
   -2.7854   -2.0716   -0.0884 O   0  5  0  0  0  0  0  0  0  0  0  0
   -1.1207   -3.0636   -0.0816 O   0  0  0  0  0  0  0  0  0  0  0  0
   -1.6147   -2.0048   -0.0792 N   0  3  0  0  0  0  0  0  0  0  0  0
    2.5359    0.3537    0.1279 N   0  0  0  0  0  0  0  0  0  0  0  0
   -0.9265   -0.8498   -0.0584 C   0  0  0  0  0  0  0  0  0  0  0  0
    1.2254    0.3769    0.0484 C   0  0  0  0  0  0  0  0  0  0  0  0
    0.4940   -0.8283   -0.0132 C   0  0  0  0  0  0  0  0  0  0  0  0
   -1.5809    0.4098   -0.0714 C   0  0  0  0  0  0  0  0  0  0  0  0
    0.5355    1.6039    0.0335 C   0  0  0  0  0  0  0  0  0  0  0  0
   -0.8673    1.6211   -0.0330 C   0  0  0  0  0  0  0  0  0  0  0  0
    1.0157   -1.7086   -0.0148 H   0  0  0  0  0  0  0  0  0  0  0  0
   -2.6016    0.4668   -0.1077 H   0  0  0  0  0  0  0  0  0  0  0  0
    1.0448    2.4914    0.0682 H   0  0  0  0  0  0  0  0  0  0  0  0
   -1.3671    2.5131   -0.0503 H   0  0  0  0  0  0  0  0  0  0  0  0
    2.9990   -0.4543    0.0406 H   0  0  0  0  0  0  0  0  0  0  0  0
    3.0139    1.1443    0.2794 H   0  0  0  0  0  0  0  0  0  0  0  0
  1  3  1  0  0  0  0
  2  3  2  0  0  0  0
  3  5  1  0  0  0  0
  4  6  1  0  0  0  0
  4 15  1  0  0  0  0
  4 16  1  0  0  0  0
  5  7  1  0  0  0  0
  5  8  2  0  0  0  0
  6  7  2  0  0  0  0
  6  9  1  0  0  0  0
  7 11  1  0  0  0  0
  8 10  1  0  0  0  0
  8 12  1  0  0  0  0
  9 10  2  0  0  0  0
  9 13  1  0  0  0  0
 10 14  1  0  0  0  0
M  CHG  2   1  -1   3   1
M  END
> <PUBCHEM_BONDANNOTATIONS>
5  7  8
5  8  8
6  7  8
6  9  8
8  10  8
9  10  8

$$$$
