7456
  Marvin  12300703363D          

 19 19  0  0  0  0            999 V2000
   -0.6010   -2.2176    0.3519 O   0  0  0  0  0  0  0  0  0  0  0  0
    1.8371    3.4655   -0.2405 O   0  0  0  0  0  0  0  0  0  0  0  0
   -2.1204   -1.2640   -0.8220 O   0  0  0  0  0  0  0  0  0  0  0  0
   -0.2805   -0.0521   -0.2858 C   0  0  0  0  0  0  0  0  0  0  0  0
    1.1366   -0.0560   -0.2623 C   0  0  0  0  0  0  0  0  0  0  0  0
   -0.9329    1.2069   -0.2923 C   0  0  0  0  0  0  0  0  0  0  0  0
    1.8707    1.1464   -0.2497 C   0  0  0  0  0  0  0  0  0  0  0  0
   -0.2071    2.4110   -0.2701 C   0  0  0  0  0  0  0  0  0  0  0  0
    1.1986    2.3838   -0.2530 C   0  0  0  0  0  0  0  0  0  0  0  0
   -1.0259   -1.2256   -0.2673 C   0  0  0  0  0  0  0  0  0  0  0  0
   -1.2412   -3.2804    0.8524 C   0  0  0  0  0  0  0  0  0  0  0  0
    1.6605   -0.9357   -0.2585 H   0  0  0  0  0  0  0  0  0  0  0  0
   -1.9546    1.2710   -0.2961 H   0  0  0  0  0  0  0  0  0  0  0  0
    2.8932    1.1157   -0.2368 H   0  0  0  0  0  0  0  0  0  0  0  0
   -0.7117    3.3013   -0.2627 H   0  0  0  0  0  0  0  0  0  0  0  0
   -0.5075   -3.9748    1.2606 H   0  0  0  0  0  0  0  0  0  0  0  0
   -1.8968   -2.9620    1.6665 H   0  0  0  0  0  0  0  0  0  0  0  0
   -1.8346   -3.8051    0.1004 H   0  0  0  0  0  0  0  0  0  0  0  0
    2.7172    3.4717   -0.2349 H   0  0  0  0  0  0  0  0  0  0  0  0
  1 10  1  0  0  0  0
  1 11  1  0  0  0  0
  2  9  1  0  0  0  0
  2 19  1  0  0  0  0
  3 10  2  0  0  0  0
  4  5  2  0  0  0  0
  4  6  1  0  0  0  0
  4 10  1  0  0  0  0
  5  7  1  0  0  0  0
  5 12  1  0  0  0  0
  6  8  2  0  0  0  0
  6 13  1  0  0  0  0
  7  9  2  0  0  0  0
  7 14  1  0  0  0  0
  8  9  1  0  0  0  0
  8 15  1  0  0  0  0
 11 16  1  0  0  0  0
 11 17  1  0  0  0  0
 11 18  1  0  0  0  0
M  END
> <PUBCHEM_BONDANNOTATIONS>
4  5  8
4  6  8
5  7  8
6  8  8
7  9  8
8  9  8

$$$$
