79613
  Marvin  01030820523D          

 13 13  0  0  0  0            999 V2000
    0.6678   -2.8929   -0.0307 Cl  0  0  0  0  0  0  0  0  0  0  0  0
    2.7421    0.7688   -0.5077 O   0  5  0  0  0  0  0  0  0  0  0  0
    2.7931   -0.8852    0.5299 O   0  0  0  0  0  0  0  0  0  0  0  0
    2.1239   -0.0855    0.0051 N   0  3  0  0  0  0  0  0  0  0  0  0
   -1.3318   -1.2873    0.0021 N   0  0  0  0  0  0  0  0  0  0  0  0
    0.7852   -0.1251    0.0005 C   0  0  0  0  0  0  0  0  0  0  0  0
    0.0392    1.0828   -0.0035 C   0  0  0  0  0  0  0  0  0  0  0  0
    0.0252   -1.3269    0.0012 C   0  0  0  0  0  0  0  0  0  0  0  0
   -1.3671    1.0934   -0.0018 C   0  0  0  0  0  0  0  0  0  0  0  0
   -2.0446   -0.1354    0.0017 C   0  0  0  0  0  0  0  0  0  0  0  0
    0.5162    1.9872    0.0017 H   0  0  0  0  0  0  0  0  0  0  0  0
   -1.8839    1.9751   -0.0011 H   0  0  0  0  0  0  0  0  0  0  0  0
   -3.0654   -0.1690    0.0025 H   0  0  0  0  0  0  0  0  0  0  0  0
  1  8  1  0  0  0  0
  2  4  1  0  0  0  0
  3  4  2  0  0  0  0
  4  6  1  0  0  0  0
  5  8  1  0  0  0  0
  5 10  2  0  0  0  0
  6  7  1  0  0  0  0
  6  8  2  0  0  0  0
  7  9  2  0  0  0  0
  7 11  1  0  0  0  0
  9 10  1  0  0  0  0
  9 12  1  0  0  0  0
 10 13  1  0  0  0  0
M  CHG  2   2  -1   4   1
M  END
> <PUBCHEM_BONDANNOTATIONS>
5  10  8
5  8  8
6  7  8
6  8  8
7  9  8
9  10  8

$$$$
