79619
  Marvin  01030820523D          

 19 20  0  0  0  0            999 V2000
    2.5691    3.2165    0.3394 O   0  0  0  0  0  0  0  0  0  0  0  0
    1.2561    0.8308    0.0235 N   0  0  0  0  0  0  0  0  0  0  0  0
   -0.8173   -0.3751   -0.0048 C   0  0  0  0  0  0  0  0  0  0  0  0
    0.6041   -0.3612    0.0117 C   0  0  0  0  0  0  0  0  0  0  0  0
   -1.4928    0.8628   -0.0220 C   0  0  0  0  0  0  0  0  0  0  0  0
   -1.4944   -1.6151   -0.0067 C   0  0  0  0  0  0  0  0  0  0  0  0
    1.3262   -1.5708    0.0106 C   0  0  0  0  0  0  0  0  0  0  0  0
   -0.7722    2.0717   -0.0282 C   0  0  0  0  0  0  0  0  0  0  0  0
    0.6405    2.0454    0.0030 C   0  0  0  0  0  0  0  0  0  0  0  0
   -0.7683   -2.8206   -0.0042 C   0  0  0  0  0  0  0  0  0  0  0  0
    0.6384   -2.7985    0.0008 C   0  0  0  0  0  0  0  0  0  0  0  0
    1.3925    3.2013    0.0102 C   0  0  0  0  0  0  0  0  0  0  0  0
   -2.5148    0.9002   -0.0314 H   0  0  0  0  0  0  0  0  0  0  0  0
   -2.5168   -1.6540   -0.0117 H   0  0  0  0  0  0  0  0  0  0  0  0
    2.3488   -1.5667    0.0140 H   0  0  0  0  0  0  0  0  0  0  0  0
   -1.2862    2.9574   -0.0455 H   0  0  0  0  0  0  0  0  0  0  0  0
   -1.2639   -3.7155   -0.0075 H   0  0  0  0  0  0  0  0  0  0  0  0
    1.1616   -3.6770   -0.0028 H   0  0  0  0  0  0  0  0  0  0  0  0
    0.9893    4.0685   -0.2482 H   0  0  0  0  0  0  0  0  0  0  0  0
  1 12  2  0  0  0  0
  2  4  1  0  0  0  0
  2  9  2  0  0  0  0
  3  4  1  0  0  0  0
  3  5  1  0  0  0  0
  3  6  2  0  0  0  0
  4  7  2  0  0  0  0
  5  8  2  0  0  0  0
  5 13  1  0  0  0  0
  6 10  1  0  0  0  0
  6 14  1  0  0  0  0
  7 11  1  0  0  0  0
  7 15  1  0  0  0  0
  8  9  1  0  0  0  0
  8 16  1  0  0  0  0
  9 12  1  0  0  0  0
 10 11  2  0  0  0  0
 10 17  1  0  0  0  0
 11 18  1  0  0  0  0
 12 19  1  0  0  0  0
M  END
> <PUBCHEM_BONDANNOTATIONS>
10  11  8
2  4  8
2  9  8
3  4  8
3  5  8
3  6  8
4  7  8
5  8  8
6  10  8
7  11  8
8  9  8

$$$$
