
  ACD/Labs03221914022D

 11 11  0  0  0  0  0  0  0  0  1 V2000
    6.9098   -1.9900    0.0000 C   0  0  0  0  0  0  0  0  0  0  0  0
    5.7559   -2.6603    0.0000 N   0  0  0  0  0  0  0  0  0  0  0  0
    5.7559   -3.9870    0.0000 C   0  0  0  0  0  0  0  0  0  0  0  0
    4.6088   -1.9900    0.0000 C   0  0  0  0  0  0  0  0  0  0  0  0
    3.4549   -2.6603    0.0000 C   0  0  0  0  0  0  0  0  0  0  0  0
    2.3010   -1.9900    0.0000 C   0  0  0  0  0  0  0  0  0  0  0  0
    2.3010   -0.6633    0.0000 C   0  0  0  0  0  0  0  0  0  0  0  0
    3.4549    0.0000    0.0000 C   0  0  0  0  0  0  0  0  0  0  0  0
    4.6088   -0.6633    0.0000 C   0  0  0  0  0  0  0  0  0  0  0  0
    1.1539    0.0000    0.0000 C   0  0  0  0  0  0  0  0  0  0  0  0
    0.0000   -0.6633    0.0000 O   0  0  0  0  0  0  0  0  0  0  0  0
  1  2  1  0  0  0  0
  2  3  1  0  0  0  0
  2  4  1  0  0  0  0
  4  5  2  0  0  0  0
  4  9  1  0  0  0  0
  5  6  1  0  0  0  0
  6  7  2  0  0  0  0
  7  8  1  0  0  0  0
  7 10  1  0  0  0  0
  8  9  2  0  0  0  0
 10 11  2  0  0  0  0
M  END
