7479
  Marvin  12300703363D          

 22 22  0  0  0  0            999 V2000
    1.8021    4.2478   -0.1688 O   0  0  0  0  0  0  0  0  0  0  0  0
   -0.9814   -1.4758    0.0704 N   0  0  0  0  0  0  0  0  0  0  0  0
   -0.2015   -0.3874   -0.0510 C   0  0  0  0  0  0  0  0  0  0  0  0
    1.2101   -0.4777   -0.1139 C   0  0  0  0  0  0  0  0  0  0  0  0
   -0.7801    0.9022   -0.0896 C   0  0  0  0  0  0  0  0  0  0  0  0
   -0.9228   -2.2219    1.2668 C   0  0  0  0  0  0  0  0  0  0  0  0
   -1.9694   -1.7613   -0.8962 C   0  0  0  0  0  0  0  0  0  0  0  0
    1.4306    1.9719   -0.1660 C   0  0  0  0  0  0  0  0  0  0  0  0
    2.0097    0.6799   -0.1663 C   0  0  0  0  0  0  0  0  0  0  0  0
    0.0186    2.0570   -0.1452 C   0  0  0  0  0  0  0  0  0  0  0  0
    2.2350    3.1036   -0.1768 C   0  0  0  0  0  0  0  0  0  0  0  0
    1.6689   -1.3922   -0.1163 H   0  0  0  0  0  0  0  0  0  0  0  0
   -1.7965    1.0131   -0.0614 H   0  0  0  0  0  0  0  0  0  0  0  0
    0.0979   -2.4064    1.6109 H   0  0  0  0  0  0  0  0  0  0  0  0
   -1.3908   -3.2067    1.1974 H   0  0  0  0  0  0  0  0  0  0  0  0
   -1.4465   -1.6738    2.0537 H   0  0  0  0  0  0  0  0  0  0  0  0
   -2.1768   -2.8296   -0.9911 H   0  0  0  0  0  0  0  0  0  0  0  0
   -1.6962   -1.4212   -1.8988 H   0  0  0  0  0  0  0  0  0  0  0  0
   -2.9037   -1.2689   -0.6167 H   0  0  0  0  0  0  0  0  0  0  0  0
    3.0268    0.5600   -0.1981 H   0  0  0  0  0  0  0  0  0  0  0  0
   -0.4578    2.9632   -0.1604 H   0  0  0  0  0  0  0  0  0  0  0  0
    3.2239    3.0243   -0.1824 H   0  0  0  0  0  0  0  0  0  0  0  0
  1 11  2  0  0  0  0
  2  3  1  0  0  0  0
  2  6  1  0  0  0  0
  2  7  1  0  0  0  0
  3  4  2  0  0  0  0
  3  5  1  0  0  0  0
  4  9  1  0  0  0  0
  4 12  1  0  0  0  0
  5 10  2  0  0  0  0
  5 13  1  0  0  0  0
  6 14  1  0  0  0  0
  6 15  1  0  0  0  0
  6 16  1  0  0  0  0
  7 17  1  0  0  0  0
  7 18  1  0  0  0  0
  7 19  1  0  0  0  0
  8  9  2  0  0  0  0
  8 10  1  0  0  0  0
  8 11  1  0  0  0  0
  9 20  1  0  0  0  0
 10 21  1  0  0  0  0
 11 22  1  0  0  0  0
M  END
> <PUBCHEM_BONDANNOTATIONS>
3  4  8
3  5  8
4  9  8
5  10  8
8  10  8
8  9  8

$$$$
