7517
  Marvin  12300703363D          

 19 19  0  0  0  0            999 V2000
   -2.4574   -2.1555    0.0226 O   0  0  0  0  0  0  0  0  0  0  0  0
   -2.2094   -1.0075    0.0216 N   0  0  0  0  0  0  0  0  0  0  0  0
    1.6416    0.9466   -0.0066 C   0  0  0  0  0  0  0  0  0  0  0  0
    1.5588   -0.6024   -0.0060 C   0  0  0  0  0  0  0  0  0  0  0  0
    0.3183    1.7595   -0.0063 C   0  0  0  0  0  0  0  0  0  0  0  0
    0.1600   -1.2736    0.0026 C   0  0  0  0  0  0  0  0  0  0  0  0
   -1.0384    0.9979    0.0057 C   0  0  0  0  0  0  0  0  0  0  0  0
   -1.0441   -0.4557    0.0139 C   0  0  0  0  0  0  0  0  0  0  0  0
    2.2408    1.2582    0.8551 H   0  0  0  0  0  0  0  0  0  0  0  0
    2.2357    1.2552   -0.8729 H   0  0  0  0  0  0  0  0  0  0  0  0
    2.1258   -0.9796    0.8513 H   0  0  0  0  0  0  0  0  0  0  0  0
    2.1106   -0.9775   -0.8741 H   0  0  0  0  0  0  0  0  0  0  0  0
    0.3391    2.4441    0.8481 H   0  0  0  0  0  0  0  0  0  0  0  0
    0.3306    2.4260   -0.8751 H   0  0  0  0  0  0  0  0  0  0  0  0
    0.1062   -1.9365    0.8720 H   0  0  0  0  0  0  0  0  0  0  0  0
    0.0904   -1.9208   -0.8773 H   0  0  0  0  0  0  0  0  0  0  0  0
   -1.6099    1.3411    0.8748 H   0  0  0  0  0  0  0  0  0  0  0  0
   -1.6101    1.3221   -0.8705 H   0  0  0  0  0  0  0  0  0  0  0  0
   -3.2885   -2.4417    0.0210 H   0  0  0  0  0  0  0  0  0  0  0  0
  1  2  1  0  0  0  0
  1 19  1  0  0  0  0
  2  8  2  0  0  0  0
  3  4  1  0  0  0  0
  3  5  1  0  0  0  0
  3  9  1  0  0  0  0
  3 10  1  0  0  0  0
  4  6  1  0  0  0  0
  4 11  1  0  0  0  0
  4 12  1  0  0  0  0
  5  7  1  0  0  0  0
  5 13  1  0  0  0  0
  5 14  1  0  0  0  0
  6  8  1  0  0  0  0
  6 15  1  0  0  0  0
  6 16  1  0  0  0  0
  7  8  1  0  0  0  0
  7 17  1  0  0  0  0
  7 18  1  0  0  0  0
M  END
$$$$
