80170
  Marvin  01030820523D          

 13 13  0  0  0  0            999 V2000
   -1.2996   -1.4578   -1.3010 O   0  0  0  0  0  0  0  0  0  0  0  0
    1.3549   -1.6937   -0.7344 O   0  0  0  0  0  0  0  0  0  0  0  0
   -2.1820    0.9164   -0.3731 O   0  0  0  0  0  0  0  0  0  0  0  0
   -0.5954   -0.6223   -0.6424 N   0  0  0  0  0  0  0  0  0  0  0  0
    1.1232    0.2403    0.5509 C   0  0  0  0  0  0  0  0  0  0  0  0
   -0.0802    1.1991    0.5985 C   0  0  0  0  0  0  0  0  0  0  0  0
    0.6436   -0.7809   -0.3363 C   0  0  0  0  0  0  0  0  0  0  0  0
   -1.0519    0.4874   -0.1829 C   0  0  0  0  0  0  0  0  0  0  0  0
    1.3412   -0.1940    1.5306 H   0  0  0  0  0  0  0  0  0  0  0  0
    2.0182    0.7317    0.1605 H   0  0  0  0  0  0  0  0  0  0  0  0
    0.1499    2.1635    0.1373 H   0  0  0  0  0  0  0  0  0  0  0  0
   -0.4354    1.3571    1.6202 H   0  0  0  0  0  0  0  0  0  0  0  0
   -0.9865   -2.3468   -1.0279 H   0  0  0  0  0  0  0  0  0  0  0  0
  1  4  1  0  0  0  0
  1 13  1  0  0  0  0
  2  7  2  0  0  0  0
  3  8  2  0  0  0  0
  4  7  1  0  0  0  0
  4  8  1  0  0  0  0
  5  6  1  0  0  0  0
  5  7  1  0  0  0  0
  5  9  1  0  0  0  0
  5 10  1  0  0  0  0
  6  8  1  0  0  0  0
  6 11  1  0  0  0  0
  6 12  1  0  0  0  0
M  END
$$$$
