80293
  Marvin  01030820523D          

 18 18  0  0  0  0            999 V2000
   -1.1569   -2.5091    1.0527 O   0  0  0  0  0  0  0  0  0  0  0  0
    2.7292    0.6986    0.0419 N   0  0  0  0  0  0  0  0  0  0  0  0
   -0.7254   -0.4846   -0.1216 C   0  0  0  0  0  0  0  0  0  0  0  0
    0.6888   -0.4846   -0.0868 C   0  0  0  0  0  0  0  0  0  0  0  0
    1.4163    0.7218   -0.0305 C   0  0  0  0  0  0  0  0  0  0  0  0
   -1.3981    0.7590   -0.1397 C   0  0  0  0  0  0  0  0  0  0  0  0
   -1.4630   -1.7698   -0.1256 C   0  0  0  0  0  0  0  0  0  0  0  0
    0.7260    1.9493   -0.0421 C   0  0  0  0  0  0  0  0  0  0  0  0
   -0.6789    1.9684   -0.1051 C   0  0  0  0  0  0  0  0  0  0  0  0
    1.1956   -1.3748   -0.0907 H   0  0  0  0  0  0  0  0  0  0  0  0
   -2.4196    0.8011   -0.1750 H   0  0  0  0  0  0  0  0  0  0  0  0
   -1.1785   -2.3588   -0.9997 H   0  0  0  0  0  0  0  0  0  0  0  0
   -2.5467   -1.6362   -0.1557 H   0  0  0  0  0  0  0  0  0  0  0  0
    1.2353    2.8365   -0.0066 H   0  0  0  0  0  0  0  0  0  0  0  0
   -1.1774    2.8611   -0.1217 H   0  0  0  0  0  0  0  0  0  0  0  0
    3.1874   -0.1165   -0.0196 H   0  0  0  0  0  0  0  0  0  0  0  0
    3.2097    1.4941    0.1621 H   0  0  0  0  0  0  0  0  0  0  0  0
   -1.6435   -3.3553    0.9636 H   0  0  0  0  0  0  0  0  0  0  0  0
  1  7  1  0  0  0  0
  1 18  1  0  0  0  0
  2  5  1  0  0  0  0
  2 16  1  0  0  0  0
  2 17  1  0  0  0  0
  3  4  2  0  0  0  0
  3  6  1  0  0  0  0
  3  7  1  0  0  0  0
  4  5  1  0  0  0  0
  4 10  1  0  0  0  0
  5  8  2  0  0  0  0
  6  9  2  0  0  0  0
  6 11  1  0  0  0  0
  7 12  1  0  0  0  0
  7 13  1  0  0  0  0
  8  9  1  0  0  0  0
  8 14  1  0  0  0  0
  9 15  1  0  0  0  0
M  END
> <PUBCHEM_BONDANNOTATIONS>
3  4  8
3  6  8
4  5  8
5  8  8
6  9  8
8  9  8

$$$$
