
  ACD/Labs04281711072D

  9  9  0  0  0  0  0  0  0  0  1 V2000
    4.6539   -3.4532    0.0000 N   0  0  0  0  0  0  0  0  0  0  0  0
    3.9884   -2.3037    0.0000 C   0  0  0  0  0  0  0  0  0  0  0  0
    4.6539   -1.1495    0.0000 C   0  0  0  0  0  0  0  0  0  0  0  0
    3.9884    0.0000    0.0000 C   0  0  0  0  0  0  0  0  0  0  0  0
    2.6574    0.0000    0.0000 C   0  0  0  0  0  0  0  0  0  0  0  0
    1.9965   -1.1495    0.0000 C   0  0  0  0  0  0  0  0  0  0  0  0
    0.6655   -1.1495    0.0000 C   0  0  0  0  0  0  0  0  0  0  0  0
    0.0000   -2.3037    0.0000 O   0  0  0  0  0  0  0  0  0  0  0  0
    2.6574   -2.3037    0.0000 C   0  0  0  0  0  0  0  0  0  0  0  0
  1  2  1  0  0  0  0
  2  3  1  0  0  0  0
  2  9  2  0  0  0  0
  3  4  2  0  0  0  0
  4  5  1  0  0  0  0
  5  6  2  0  0  0  0
  6  7  1  0  0  0  0
  6  9  1  0  0  0  0
  7  8  1  0  0  0  0
M  END
