7583
  Marvin  12300703363D          

 23 24  0  0  0  0            999 V2000
   -0.3920   -0.6790   -1.0820 O   0  0  0  0  0  0  0  0  0  0  0  0
    0.2251    0.3899   -1.3859 C   0  0  0  0  0  0  0  0  0  0  0  0
   -0.6401   -1.1088    0.1026 C   0  0  0  0  0  0  0  0  0  0  0  0
    1.6333    0.3865   -1.4752 C   0  0  0  0  0  0  0  0  0  0  0  0
   -1.3441   -2.3280    0.2217 C   0  0  0  0  0  0  0  0  0  0  0  0
   -0.4819    1.6077   -1.4752 C   0  0  0  0  0  0  0  0  0  0  0  0
   -0.2574   -0.4458    1.3000 C   0  0  0  0  0  0  0  0  0  0  0  0
    2.3347    1.6049   -1.5292 C   0  0  0  0  0  0  0  0  0  0  0  0
   -1.6536   -2.8641    1.4877 C   0  0  0  0  0  0  0  0  0  0  0  0
    0.2225    2.8244   -1.5292 C   0  0  0  0  0  0  0  0  0  0  0  0
   -0.5622   -0.9738    2.5647 C   0  0  0  0  0  0  0  0  0  0  0  0
    1.6304    2.8239   -1.5278 C   0  0  0  0  0  0  0  0  0  0  0  0
   -1.2625   -2.1867    2.6573 C   0  0  0  0  0  0  0  0  0  0  0  0
    2.1515   -0.4959   -1.4568 H   0  0  0  0  0  0  0  0  0  0  0  0
   -1.6387   -2.8384   -0.6144 H   0  0  0  0  0  0  0  0  0  0  0  0
   -1.5052    1.6153   -1.4568 H   0  0  0  0  0  0  0  0  0  0  0  0
    0.2537    0.4394    1.2701 H   0  0  0  0  0  0  0  0  0  0  0  0
    3.3567    1.6038   -1.5484 H   0  0  0  0  0  0  0  0  0  0  0  0
   -2.1633   -3.7469    1.5612 H   0  0  0  0  0  0  0  0  0  0  0  0
   -0.2895    3.7089   -1.5484 H   0  0  0  0  0  0  0  0  0  0  0  0
   -0.2735   -0.4737    3.4091 H   0  0  0  0  0  0  0  0  0  0  0  0
    2.1414    3.7090   -1.5225 H   0  0  0  0  0  0  0  0  0  0  0  0
   -1.4852   -2.5725    3.5775 H   0  0  0  0  0  0  0  0  0  0  0  0
  1  2  1  0  0  0  0
  1  3  1  0  0  0  0
  2  4  2  0  0  0  0
  2  6  1  0  0  0  0
  3  5  2  0  0  0  0
  3  7  1  0  0  0  0
  4  8  1  0  0  0  0
  4 14  1  0  0  0  0
  5  9  1  0  0  0  0
  5 15  1  0  0  0  0
  6 10  2  0  0  0  0
  6 16  1  0  0  0  0
  7 11  2  0  0  0  0
  7 17  1  0  0  0  0
  8 12  2  0  0  0  0
  8 18  1  0  0  0  0
  9 13  2  0  0  0  0
  9 19  1  0  0  0  0
 10 12  1  0  0  0  0
 10 20  1  0  0  0  0
 11 13  1  0  0  0  0
 11 21  1  0  0  0  0
 12 22  1  0  0  0  0
 13 23  1  0  0  0  0
M  END
> <PUBCHEM_BONDANNOTATIONS>
10  12  8
11  13  8
2  4  8
2  6  8
3  5  8
3  7  8
4  8  8
5  9  8
6  10  8
7  11  8
8  12  8
9  13  8

$$$$
