
  ACD/Labs03221913572D

 13 14  0  0  0  0  0  0  0  0  1 V2000
    6.9096   -0.6633    0.0000 C   0  0  0  0  0  0  0  0  0  0  0  0
    6.9096   -1.9969    0.0000 C   0  0  0  0  0  0  0  0  0  0  0  0
    5.7557   -2.6602    0.0000 C   0  0  0  0  0  0  0  0  0  0  0  0
    4.6087   -1.9969    0.0000 C   0  0  0  0  0  0  0  0  0  0  0  0
    4.6087   -0.6633    0.0000 C   0  0  0  0  0  0  0  0  0  0  0  0
    5.7557    0.0000    0.0000 C   0  0  0  0  0  0  0  0  0  0  0  0
    3.4548   -2.6602    0.0000 O   0  0  0  0  0  0  0  0  0  0  0  0
    2.3009   -1.9969    0.0000 C   0  0  0  0  0  0  0  0  0  0  0  0
    2.3009   -0.6633    0.0000 C   0  0  0  0  0  0  0  0  0  0  0  0
    1.1539    0.0000    0.0000 C   0  0  0  0  0  0  0  0  0  0  0  0
    0.0000   -0.6633    0.0000 C   0  0  0  0  0  0  0  0  0  0  0  0
    0.0000   -1.9969    0.0000 C   0  0  0  0  0  0  0  0  0  0  0  0
    1.1539   -2.6602    0.0000 C   0  0  0  0  0  0  0  0  0  0  0  0
  1  2  2  0  0  0  0
  1  6  1  0  0  0  0
  2  3  1  0  0  0  0
  3  4  2  0  0  0  0
  4  5  1  0  0  0  0
  4  7  1  0  0  0  0
  5  6  2  0  0  0  0
  7  8  1  0  0  0  0
  8  9  2  0  0  0  0
  8 13  1  0  0  0  0
  9 10  1  0  0  0  0
 10 11  2  0  0  0  0
 11 12  1  0  0  0  0
 12 13  2  0  0  0  0
M  END
