750
  Marvin  12300703363D          

 10  9  0  0  0  0            999 V2000
    1.6708    0.9349   -0.3565 O   0  0  0  0  0  0  0  0  0  0  0  0
   -0.1355    1.9858   -0.3739 O   0  0  0  0  0  0  0  0  0  0  0  0
   -1.1458   -0.4016    0.8480 N   0  0  0  0  0  0  0  0  0  0  0  0
   -0.2902   -0.3297   -0.3424 C   0  0  0  0  0  0  0  0  0  0  0  0
    0.4467    0.9118   -0.3571 C   0  0  0  0  0  0  0  0  0  0  0  0
   -0.9156   -0.3958   -1.2346 H   0  0  0  0  0  0  0  0  0  0  0  0
    0.3761   -1.1947   -0.3369 H   0  0  0  0  0  0  0  0  0  0  0  0
   -1.6074   -1.3123    0.8387 H   0  0  0  0  0  0  0  0  0  0  0  0
   -0.5308   -0.3831    1.6646 H   0  0  0  0  0  0  0  0  0  0  0  0
    2.1319    0.1847   -0.3499 H   0  0  0  0  0  0  0  0  0  0  0  0
  1  5  1  0  0  0  0
  1 10  1  0  0  0  0
  2  5  2  0  0  0  0
  3  4  1  0  0  0  0
  3  8  1  0  0  0  0
  3  9  1  0  0  0  0
  4  5  1  0  0  0  0
  4  6  1  0  0  0  0
  4  7  1  0  0  0  0
M  END
$$$$
