
  ACD/Labs04281712172D

 12 12  0  0  0  0  0  0  0  0  2 V2000
    3.9909   -4.6071    0.0000 N   0  0  0  0  0  0  0  0  0  0  0  0
    3.3229   -3.4554    0.0000 C   0  0  0  0  0  0  0  0  0  0  0  0
    3.9909   -2.3036    0.0000 C   0  0  0  0  0  0  0  0  0  0  0  0
    3.3229   -1.1518    0.0000 C   0  0  0  0  0  0  0  0  0  0  0  0
    3.9909    0.0000    0.0000 Cl  0  0  0  0  0  0  0  0  0  0  0  0
    1.9926   -1.1518    0.0000 C   0  0  0  0  0  0  0  0  0  0  0  0
    1.3303    0.0000    0.0000 Cl  0  0  0  0  0  0  0  0  0  0  0  0
    1.3303   -2.3036    0.0000 C   0  0  0  0  0  0  0  0  0  0  0  0
    1.9926   -3.4554    0.0000 C   0  0  0  0  0  0  0  0  0  0  0  0
    1.3303   -4.6071    0.0000 N   0  3  0  0  0  0  0  0  0  0  0  0
    0.0000   -4.6071    0.0000 O   0  5  0  0  0  0  0  0  0  0  0  0
    1.9926   -5.7589    0.0000 O   0  0  0  0  0  0  0  0  0  0  0  0
  1  2  1  0  0  0  0
  2  3  1  0  0  0  0
  2  9  2  0  0  0  0
  3  4  2  0  0  0  0
  4  5  1  0  0  0  0
  4  6  1  0  0  0  0
  6  7  1  0  0  0  0
  6  8  2  0  0  0  0
  8  9  1  0  0  0  0
  9 10  1  0  0  0  0
 10 11  1  0  0  0  0
 10 12  2  0  0  0  0
M  CHG  2  10   1  11  -1
M  END
