
  ACD/Labs06251410102D

 13 14  0  0  0  0  0  0  0  0  1 V2000
    0.0000   -1.9901    0.0000 C   0  0  0  0  0  0  0  0  0  0  0  0
    1.1540   -1.3267    0.0000 O   0  0  0  0  0  0  0  0  0  0  0  0
    2.3010   -1.9901    0.0000 C   0  0  0  0  0  0  0  0  0  0  0  0
    2.3010   -3.3237    0.0000 C   0  0  0  0  0  0  0  0  0  0  0  0
    3.4550   -3.9870    0.0000 C   0  0  0  0  0  0  0  0  0  0  0  0
    4.6089   -3.3237    0.0000 C   0  0  0  0  0  0  0  0  0  0  0  0
    5.7560   -3.9870    0.0000 C   0  0  0  0  0  0  0  0  0  0  0  0
    6.9099   -3.3237    0.0000 C   0  0  0  0  0  0  0  0  0  0  0  0
    6.9099   -1.9901    0.0000 C   0  0  0  0  0  0  0  0  0  0  0  0
    5.7560   -1.3267    0.0000 C   0  0  0  0  0  0  0  0  0  0  0  0
    5.7560    0.0000    0.0000 O   0  0  0  0  0  0  0  0  0  0  0  0
    4.6089   -1.9901    0.0000 C   0  0  0  0  0  0  0  0  0  0  0  0
    3.4550   -1.3267    0.0000 C   0  0  0  0  0  0  0  0  0  0  0  0
  1  2  1  0  0  0  0
  2  3  1  0  0  0  0
  3  4  1  0  0  0  0
  3 13  2  0  0  0  0
  4  5  2  0  0  0  0
  5  6  1  0  0  0  0
  6  7  1  0  0  0  0
  6 12  2  0  0  0  0
  7  8  1  0  0  0  0
  8  9  1  0  0  0  0
  9 10  1  0  0  0  0
 10 11  2  0  0  0  0
 10 12  1  0  0  0  0
 12 13  1  0  0  0  0
M  END
