7683
  Marvin  12300703363D          

 19 19  0  0  0  0            999 V2000
    2.9173    3.4993   -0.3857 Br  0  0  0  0  0  0  0  0  0  0  0  0
   -2.0473   -2.8472    0.0049 O   0  0  0  0  0  0  0  0  0  0  0  0
   -0.4009   -1.5244   -0.2622 N   0  0  0  0  0  0  0  0  0  0  0  0
    0.2868   -0.3902   -0.3844 C   0  0  0  0  0  0  0  0  0  0  0  0
    1.6945   -0.4733   -0.2945 C   0  0  0  0  0  0  0  0  0  0  0  0
   -0.2979    0.8821   -0.5927 C   0  0  0  0  0  0  0  0  0  0  0  0
    2.4875    0.6898   -0.3116 C   0  0  0  0  0  0  0  0  0  0  0  0
    0.4897    2.0475   -0.6059 C   0  0  0  0  0  0  0  0  0  0  0  0
    1.8830    1.9542   -0.4413 C   0  0  0  0  0  0  0  0  0  0  0  0
   -1.5630   -1.7575    0.2741 C   0  0  0  0  0  0  0  0  0  0  0  0
   -2.3157   -0.9092    1.1794 C   0  0  0  0  0  0  0  0  0  0  0  0
    2.1596   -1.3801   -0.1934 H   0  0  0  0  0  0  0  0  0  0  0  0
   -1.3064    0.9758   -0.7316 H   0  0  0  0  0  0  0  0  0  0  0  0
    0.0384   -2.2837   -0.5902 H   0  0  0  0  0  0  0  0  0  0  0  0
    3.5026    0.6135   -0.2183 H   0  0  0  0  0  0  0  0  0  0  0  0
    0.0436    2.9592   -0.7282 H   0  0  0  0  0  0  0  0  0  0  0  0
   -2.6283   -1.4685    2.0626 H   0  0  0  0  0  0  0  0  0  0  0  0
   -3.2044   -0.5284    0.6727 H   0  0  0  0  0  0  0  0  0  0  0  0
   -1.7389   -0.0587    1.5462 H   0  0  0  0  0  0  0  0  0  0  0  0
  1  9  1  0  0  0  0
  2 10  2  0  0  0  0
  3  4  1  0  0  0  0
  3 10  1  0  0  0  0
  3 14  1  0  0  0  0
  4  5  2  0  0  0  0
  4  6  1  0  0  0  0
  5  7  1  0  0  0  0
  5 12  1  0  0  0  0
  6  8  2  0  0  0  0
  6 13  1  0  0  0  0
  7  9  2  0  0  0  0
  7 15  1  0  0  0  0
  8  9  1  0  0  0  0
  8 16  1  0  0  0  0
 10 11  1  0  0  0  0
 11 17  1  0  0  0  0
 11 18  1  0  0  0  0
 11 19  1  0  0  0  0
M  END
> <PUBCHEM_BONDANNOTATIONS>
4  5  8
4  6  8
5  7  8
6  8  8
7  9  8
8  9  8

$$$$
