
  ACD/Labs04281710572D

 18 19  0  0  0  0  0  0  0  0  1 V2000
    0.0000   -5.9859    0.0000 C   0  0  0  0  0  0  0  0  0  0  0  0
    1.1493   -5.3235    0.0000 O   0  0  0  0  0  0  0  0  0  0  0  0
    2.3066   -5.9859    0.0000 C   0  0  0  0  0  0  0  0  0  0  0  0
    2.3066   -7.3188    0.0000 C   0  0  0  0  0  0  0  0  0  0  0  0
    3.4559   -7.9813    0.0000 C   0  0  0  0  0  0  0  0  0  0  0  0
    4.6052   -7.3188    0.0000 C   0  0  0  0  0  0  0  0  0  0  0  0
    5.7625   -7.9813    0.0000 C   0  0  0  0  0  0  0  0  0  0  0  0
    6.9118   -7.3188    0.0000 C   0  0  0  0  0  0  0  0  0  0  0  0
    6.9118   -5.9859    0.0000 C   0  0  0  0  0  0  0  0  0  0  0  0
    5.7625   -5.3235    0.0000 C   0  0  0  0  0  0  0  0  0  0  0  0
    5.7625   -3.9906    0.0000 C   0  0  0  0  0  0  0  0  0  0  0  0
    4.6052   -3.3282    0.0000 C   0  0  0  0  0  0  0  0  0  0  0  0
    4.6052   -1.9953    0.0000 N   0  0  0  0  0  0  0  0  0  0  0  0
    3.4559   -1.3329    0.0000 C   0  0  0  0  0  0  0  0  0  0  0  0
    3.4559    0.0000    0.0000 C   0  0  0  0  0  0  0  0  0  0  0  0
    2.3066   -1.9953    0.0000 O   0  0  0  0  0  0  0  0  0  0  0  0
    4.6052   -5.9859    0.0000 C   0  0  0  0  0  0  0  0  0  0  0  0
    3.4559   -5.3235    0.0000 C   0  0  0  0  0  0  0  0  0  0  0  0
  1  2  1  0  0  0  0
  2  3  1  0  0  0  0
  3  4  1  0  0  0  0
  3 18  2  0  0  0  0
  4  5  2  0  0  0  0
  5  6  1  0  0  0  0
  6  7  2  0  0  0  0
  6 17  1  0  0  0  0
  7  8  1  0  0  0  0
  8  9  2  0  0  0  0
  9 10  1  0  0  0  0
 10 11  1  0  0  0  0
 10 17  2  0  0  0  0
 11 12  1  0  0  0  0
 12 13  1  0  0  0  0
 13 14  1  0  0  0  0
 14 15  1  0  0  0  0
 14 16  2  0  0  0  0
 17 18  1  0  0  0  0
M  END
