
  ACD/Labs11041915073D

 15 16  0  0  0  0  0  0  0  0  1 V2000
   15.4785   -6.9538   -1.5745 N   0  0  0  0  0  0  0  0  0  0  0  0
   16.6415   -6.2215   -1.4513 C   0  0  0  0  0  0  0  0  0  0  0  0
   17.8016   -6.8303   -1.5396 N   0  0  0  0  0  0  0  0  0  0  0  0
   19.0235   -6.0277   -1.4042 C   0  0  0  0  0  0  0  0  0  0  0  0
   20.3181   -6.3557   -1.4700 N   0  0  0  0  0  0  0  0  0  0  0  0
   21.0370   -5.2264   -1.2902 C   0  0  0  0  0  0  0  0  0  0  0  0
   20.1971   -4.1835   -1.1093 N   0  0  0  0  0  0  0  0  0  0  0  0
   18.9625   -4.6904   -1.1841 C   0  0  0  0  0  0  0  0  0  0  0  0
   17.6739   -4.0391   -1.0803 C   0  0  0  0  0  0  0  0  0  0  0  0
   17.5791   -2.8518   -0.8698 O   0  0  0  0  0  0  0  0  0  0  0  0
   16.5537   -4.8433   -1.2317 N   0  0  0  0  0  0  0  0  0  0  0  0
   14.5431   -6.4733   -1.5030 H   0  0  0  0  0  0  0  0  0  0  0  0
   15.5255   -7.9936   -1.7402 H   0  0  0  0  0  0  0  0  0  0  0  0
   22.1463   -5.1650   -1.2910 H   0  0  0  0  0  0  0  0  0  0  0  0
   15.6029   -4.3916   -1.1782 H   0  0  0  0  0  0  0  0  0  0  0  0
  1  2  1  0  0  0  0
  2  3  2  0  0  0  0
  2 11  1  0  0  0  0
  3  4  1  0  0  0  0
  4  5  1  0  0  0  0
  4  8  2  0  0  0  0
  5  6  1  0  0  0  0
  6  7  2  0  0  0  0
  7  8  1  0  0  0  0
  8  9  1  0  0  0  0
  9 10  2  0  0  0  0
  9 11  1  0  0  0  0
 12  1  1  0  0  0  0
 13  1  1  0  0  0  0
 14  6  1  0  0  0  0
 15 11  1  0  0  0  0
M  END
