7940
  Marvin  12300703363D          

 14 14  0  0  0  0            999 V2000
   -1.4231   -0.8465   -0.0061 O   0  0  0  0  0  0  0  0  0  0  0  0
   -0.5419   -2.7538   -0.0107 O   0  0  0  0  0  0  0  0  0  0  0  0
   -2.6786    0.8382   -0.0108 O   0  0  0  0  0  0  0  0  0  0  0  0
    0.9723    0.5783    0.0228 C   0  0  0  0  0  0  0  0  0  0  0  0
    0.9482   -0.9805   -0.0076 C   0  0  0  0  0  0  0  0  0  0  0  0
   -0.4091    1.3012   -0.0072 C   0  0  0  0  0  0  0  0  0  0  0  0
   -0.3926   -1.5414   -0.0075 C   0  0  0  0  0  0  0  0  0  0  0  0
   -1.5419    0.3907   -0.0074 C   0  0  0  0  0  0  0  0  0  0  0  0
    1.5762    0.9377   -0.8162 H   0  0  0  0  0  0  0  0  0  0  0  0
    1.5100    0.8981    0.9207 H   0  0  0  0  0  0  0  0  0  0  0  0
    1.4716   -1.3423   -0.8973 H   0  0  0  0  0  0  0  0  0  0  0  0
    1.4841   -1.3728    0.8616 H   0  0  0  0  0  0  0  0  0  0  0  0
   -0.4772    1.9343   -0.8966 H   0  0  0  0  0  0  0  0  0  0  0  0
   -0.4980    1.9589    0.8624 H   0  0  0  0  0  0  0  0  0  0  0  0
  1  7  1  0  0  0  0
  1  8  1  0  0  0  0
  2  7  2  0  0  0  0
  3  8  2  0  0  0  0
  4  5  1  0  0  0  0
  4  6  1  0  0  0  0
  4  9  1  0  0  0  0
  4 10  1  0  0  0  0
  5  7  1  0  0  0  0
  5 11  1  0  0  0  0
  5 12  1  0  0  0  0
  6  8  1  0  0  0  0
  6 13  1  0  0  0  0
  6 14  1  0  0  0  0
M  END
$$$$
