
  ACD/Labs04281713042D

  8  8  0  0  0  0  0  0  0  0  1 V2000
    0.0000    0.0000    0.0000 O   0  0  0  0  0  0  0  0  0  0  0  0
    1.1520   -0.6635    0.0000 C   0  0  0  0  0  0  0  0  0  0  0  0
    2.3040    0.0000    0.0000 O   0  0  0  0  0  0  0  0  0  0  0  0
    3.4560   -0.6635    0.0000 C   0  0  0  0  0  0  0  0  0  0  0  0
    4.6080    0.0000    0.0000 O   0  0  0  0  0  0  0  0  0  0  0  0
    3.4560   -1.9953    0.0000 C   0  0  0  0  0  0  0  0  0  0  0  0
    2.3040   -2.6588    0.0000 C   0  0  0  0  0  0  0  0  0  0  0  0
    1.1520   -1.9953    0.0000 C   0  0  0  0  0  0  0  0  0  0  0  0
  1  2  2  0  0  0  0
  2  3  1  0  0  0  0
  2  8  1  0  0  0  0
  3  4  1  0  0  0  0
  4  5  2  0  0  0  0
  4  6  1  0  0  0  0
  6  7  1  0  0  0  0
  7  8  1  0  0  0  0
M  END
