
  ACD/Labs04281713142D

  7  7  0  0  0  0  0  0  0  0  1 V2000
    2.6598   -3.4543    0.0000 O   0  0  0  0  0  0  0  0  0  0  0  0
    1.9931   -2.3040    0.0000 C   0  0  0  0  0  0  0  0  0  0  0  0
    2.6598   -1.1503    0.0000 C   0  0  0  0  0  0  0  0  0  0  0  0
    1.9931    0.0000    0.0000 C   0  0  0  0  0  0  0  0  0  0  0  0
    0.6632    0.0000    0.0000 C   0  0  0  0  0  0  0  0  0  0  0  0
    0.0000   -1.1503    0.0000 C   0  0  0  0  0  0  0  0  0  0  0  0
    0.6632   -2.3040    0.0000 C   0  0  0  0  0  0  0  0  0  0  0  0
  1  2  1  0  0  0  0
  2  3  1  0  0  0  0
  2  7  1  0  0  0  0
  3  4  1  0  0  0  0
  4  5  1  0  0  0  0
  5  6  1  0  0  0  0
  6  7  1  0  0  0  0
M  END
