7966
  Marvin  12300703363D          

 19 19  0  0  0  0            999 V2000
   -2.2368   -0.8570    0.9245 O   0  0  0  0  0  0  0  0  0  0  0  0
   -1.2949   -0.4933   -0.0921 C   0  0  2  0  0  0  0  0  0  0  0  0
   -0.0565   -1.4335   -0.0215 C   0  0  0  0  0  0  0  0  0  0  0  0
   -1.0857    1.0479   -0.0452 C   0  0  0  0  0  0  0  0  0  0  0  0
    1.3778   -0.8398   -0.0540 C   0  0  0  0  0  0  0  0  0  0  0  0
    0.3487    1.6426   -0.0543 C   0  0  0  0  0  0  0  0  0  0  0  0
    1.5813    0.6989   -0.0498 C   0  0  0  0  0  0  0  0  0  0  0  0
   -1.8259   -0.7226   -1.0224 H   0  0  0  0  0  0  0  0  0  0  0  0
   -0.1365   -2.1509   -0.8461 H   0  0  0  0  0  0  0  0  0  0  0  0
   -0.1361   -2.0612    0.8714 H   0  0  0  0  0  0  0  0  0  0  0  0
   -1.6333    1.4825   -0.8887 H   0  0  0  0  0  0  0  0  0  0  0  0
   -1.6024    1.4562    0.8294 H   0  0  0  0  0  0  0  0  0  0  0  0
    1.8976   -1.2463   -0.9281 H   0  0  0  0  0  0  0  0  0  0  0  0
    1.9331   -1.2551    0.7945 H   0  0  0  0  0  0  0  0  0  0  0  0
    0.4356    2.3100   -0.9181 H   0  0  0  0  0  0  0  0  0  0  0  0
    0.4410    2.3164    0.8049 H   0  0  0  0  0  0  0  0  0  0  0  0
    2.2062    0.9586   -0.9113 H   0  0  0  0  0  0  0  0  0  0  0  0
    2.2058    0.9577    0.8124 H   0  0  0  0  0  0  0  0  0  0  0  0
   -2.4190   -1.8111    0.7947 H   0  0  0  0  0  0  0  0  0  0  0  0
  1  2  1  0  0  0  0
  1 19  1  0  0  0  0
  2  3  1  0  0  0  0
  2  4  1  0  0  0  0
  2  8  1  0  0  0  0
  3  5  1  0  0  0  0
  3  9  1  0  0  0  0
  3 10  1  0  0  0  0
  4  6  1  0  0  0  0
  4 11  1  0  0  0  0
  4 12  1  0  0  0  0
  5  7  1  0  0  0  0
  5 13  1  0  0  0  0
  5 14  1  0  0  0  0
  6  7  1  0  0  0  0
  6 15  1  0  0  0  0
  6 16  1  0  0  0  0
  7 17  1  0  0  0  0
  7 18  1  0  0  0  0
M  END
$$$$
