8094
  Marvin  12300703363D          

 23 22  0  0  0  0            999 V2000
   -3.8500    2.9638   -0.0000 O   0  0  0  0  0  0  0  0  0  0  0  0
   -4.0129    0.8929    0.0000 O   0  0  0  0  0  0  0  0  0  0  0  0
    0.3130    0.3599   -0.0000 C   0  0  0  0  0  0  0  0  0  0  0  0
    0.8702   -1.0840   -0.0000 C   0  0  0  0  0  0  0  0  0  0  0  0
   -1.2342    0.3813   -0.0000 C   0  0  0  0  0  0  0  0  0  0  0  0
    2.4148   -1.1443    0.0000 C   0  0  0  0  0  0  0  0  0  0  0  0
   -1.8398    1.8068    0.0000 C   0  0  0  0  0  0  0  0  0  0  0  0
    2.9469   -2.5926   -0.0000 C   0  0  0  0  0  0  0  0  0  0  0  0
   -3.2875    1.8776   -0.0000 C   0  0  0  0  0  0  0  0  0  0  0  0
    0.6818    0.8884    0.8836 H   0  0  0  0  0  0  0  0  0  0  0  0
    0.6818    0.8884   -0.8836 H   0  0  0  0  0  0  0  0  0  0  0  0
    0.4936   -1.6086   -0.8831 H   0  0  0  0  0  0  0  0  0  0  0  0
    0.4936   -1.6086    0.8831 H   0  0  0  0  0  0  0  0  0  0  0  0
   -1.5923   -0.1545   -0.8842 H   0  0  0  0  0  0  0  0  0  0  0  0
   -1.5923   -0.1545    0.8842 H   0  0  0  0  0  0  0  0  0  0  0  0
    2.8000   -0.6275   -0.8831 H   0  0  0  0  0  0  0  0  0  0  0  0
    2.8000   -0.6275    0.8831 H   0  0  0  0  0  0  0  0  0  0  0  0
   -1.4734    2.3388    0.8825 H   0  0  0  0  0  0  0  0  0  0  0  0
   -1.4734    2.3388   -0.8825 H   0  0  0  0  0  0  0  0  0  0  0  0
    4.0374   -2.5895   -0.0000 H   0  0  0  0  0  0  0  0  0  0  0  0
    2.6016   -3.1266    0.8874 H   0  0  0  0  0  0  0  0  0  0  0  0
    2.6016   -3.1266   -0.8874 H   0  0  0  0  0  0  0  0  0  0  0  0
   -3.3804    3.7082    0.0000 H   0  0  0  0  0  0  0  0  0  0  0  0
  1  9  1  0  0  0  0
  1 23  1  0  0  0  0
  2  9  2  0  0  0  0
  3  4  1  0  0  0  0
  3  5  1  0  0  0  0
  3 10  1  0  0  0  0
  3 11  1  0  0  0  0
  4  6  1  0  0  0  0
  4 12  1  0  0  0  0
  4 13  1  0  0  0  0
  5  7  1  0  0  0  0
  5 14  1  0  0  0  0
  5 15  1  0  0  0  0
  6  8  1  0  0  0  0
  6 16  1  0  0  0  0
  6 17  1  0  0  0  0
  7  9  1  0  0  0  0
  7 18  1  0  0  0  0
  7 19  1  0  0  0  0
  8 20  1  0  0  0  0
  8 21  1  0  0  0  0
  8 22  1  0  0  0  0
M  END
$$$$
