802
  Marvin  12300703363D          

 22 23  0  0  0  0            999 V2000
    2.9338   -2.4608    1.3459 O   0  0  0  0  0  0  0  0  0  0  0  0
    1.7917   -0.9437    2.1663 O   0  0  0  0  0  0  0  0  0  0  0  0
    0.2588    2.2282   -0.2601 N   0  0  0  0  0  0  0  0  0  0  0  0
   -0.3950    0.1013   -0.2623 C   0  0  0  0  0  0  0  0  0  0  0  0
    0.9991    0.1141   -0.2614 C   0  0  0  0  0  0  0  0  0  0  0  0
   -0.8224    1.4333   -0.2586 C   0  0  0  0  0  0  0  0  0  0  0  0
    1.3623    1.4623   -0.2672 C   0  0  0  0  0  0  0  0  0  0  0  0
    1.9095   -1.0504   -0.1935 C   0  0  0  0  0  0  0  0  0  0  0  0
   -1.3294   -0.9535   -0.2476 C   0  0  0  0  0  0  0  0  0  0  0  0
   -2.1904    1.7549   -0.2416 C   0  0  0  0  0  0  0  0  0  0  0  0
   -2.7031   -0.6413   -0.2336 C   0  0  0  0  0  0  0  0  0  0  0  0
   -3.1314    0.7036   -0.2315 C   0  0  0  0  0  0  0  0  0  0  0  0
    2.2145   -1.4892    1.1561 C   0  0  0  0  0  0  0  0  0  0  0  0
    2.8414   -0.8093   -0.7111 H   0  0  0  0  0  0  0  0  0  0  0  0
    1.4634   -1.8836   -0.7422 H   0  0  0  0  0  0  0  0  0  0  0  0
    2.3182    1.8233   -0.2611 H   0  0  0  0  0  0  0  0  0  0  0  0
    0.2477    3.1978   -0.2485 H   0  0  0  0  0  0  0  0  0  0  0  0
   -1.0225   -1.9284   -0.2435 H   0  0  0  0  0  0  0  0  0  0  0  0
   -2.4954    2.7302   -0.2323 H   0  0  0  0  0  0  0  0  0  0  0  0
   -3.3928   -1.3963   -0.2219 H   0  0  0  0  0  0  0  0  0  0  0  0
   -4.1308    0.9171   -0.2198 H   0  0  0  0  0  0  0  0  0  0  0  0
    3.2728   -2.9096    0.6696 H   0  0  0  0  0  0  0  0  0  0  0  0
  1 13  1  0  0  0  0
  1 22  1  0  0  0  0
  2 13  2  0  0  0  0
  3  6  1  0  0  0  0
  3  7  1  0  0  0  0
  3 17  1  0  0  0  0
  4  5  1  0  0  0  0
  4  6  1  0  0  0  0
  4  9  2  0  0  0  0
  5  7  2  0  0  0  0
  5  8  1  0  0  0  0
  6 10  2  0  0  0  0
  7 16  1  0  0  0  0
  8 13  1  0  0  0  0
  8 14  1  0  0  0  0
  8 15  1  0  0  0  0
  9 11  1  0  0  0  0
  9 18  1  0  0  0  0
 10 12  1  0  0  0  0
 10 19  1  0  0  0  0
 11 12  2  0  0  0  0
 11 20  1  0  0  0  0
 12 21  1  0  0  0  0
M  END
> <PUBCHEM_BONDANNOTATIONS>
10  12  8
11  12  8
3  6  8
3  7  8
4  5  8
4  6  8
4  9  8
5  7  8
6  10  8
9  11  8

$$$$
