
  ACD/Labs04281711562D

 11 10  0  0  0  0  0  0  0  0  1 V2000
   10.1641    0.0000    0.0000 O   0  0  0  0  0  0  0  0  0  0  0  0
    9.0359   -2.2259    0.0000 O   0  0  0  0  0  0  0  0  0  0  0  0
    9.0359   -0.6607    0.0000 C   0  0  0  0  0  0  0  0  0  0  0  0
    7.9076   -0.0102    0.0000 C   0  0  0  0  0  0  0  0  0  0  0  0
    6.7794   -0.6607    0.0000 C   0  0  0  0  0  0  0  0  0  0  0  0
    5.6411   -0.0102    0.0000 C   0  0  0  0  0  0  0  0  0  0  0  0
    4.5230   -0.6607    0.0000 C   0  0  0  0  0  0  0  0  0  0  0  0
    3.3948   -0.0102    0.0000 C   0  0  0  0  0  0  0  0  0  0  0  0
    2.2564   -0.6607    0.0000 C   0  0  0  0  0  0  0  0  0  0  0  0
    1.1282   -0.0102    0.0000 C   0  0  0  0  0  0  0  0  0  0  0  0
    0.0000   -0.6607    0.0000 C   0  0  0  0  0  0  0  0  0  0  0  0
  1  3  2  0  0  0  0
  2  3  1  0  0  0  0
  3  4  1  0  0  0  0
  4  5  1  0  0  0  0
  5  6  1  0  0  0  0
  6  7  1  0  0  0  0
  7  8  1  0  0  0  0
  8  9  1  0  0  0  0
  9 10  1  0  0  0  0
 10 11  1  0  0  0  0
M  END
