8158
  Marvin  12300703363D          

 29 28  0  0  0  0            999 V2000
   -5.1353    3.3857    0.0000 O   0  0  0  0  0  0  0  0  0  0  0  0
   -3.2416    4.2444   -0.0000 O   0  0  0  0  0  0  0  0  0  0  0  0
    0.2572    0.2927    0.0000 C   0  0  0  0  0  0  0  0  0  0  0  0
    0.8124   -1.1495   -0.0000 C   0  0  0  0  0  0  0  0  0  0  0  0
   -1.2882    0.3417    0.0000 C   0  0  0  0  0  0  0  0  0  0  0  0
    2.3584   -1.1807    0.0000 C   0  0  0  0  0  0  0  0  0  0  0  0
   -1.8187    1.7952   -0.0000 C   0  0  0  0  0  0  0  0  0  0  0  0
    2.9309   -2.6173    0.0000 C   0  0  0  0  0  0  0  0  0  0  0  0
   -3.3646    1.8904    0.0000 C   0  0  0  0  0  0  0  0  0  0  0  0
    4.4722   -2.6410   -0.0000 C   0  0  0  0  0  0  0  0  0  0  0  0
   -3.9221    3.2272   -0.0000 C   0  0  0  0  0  0  0  0  0  0  0  0
    0.6313    0.8185    0.8835 H   0  0  0  0  0  0  0  0  0  0  0  0
    0.6313    0.8185   -0.8835 H   0  0  0  0  0  0  0  0  0  0  0  0
    0.4412   -1.6755   -0.8842 H   0  0  0  0  0  0  0  0  0  0  0  0
    0.4412   -1.6755    0.8842 H   0  0  0  0  0  0  0  0  0  0  0  0
   -1.6641   -0.1820    0.8835 H   0  0  0  0  0  0  0  0  0  0  0  0
   -1.6641   -0.1820   -0.8835 H   0  0  0  0  0  0  0  0  0  0  0  0
    2.7242   -0.6491   -0.8834 H   0  0  0  0  0  0  0  0  0  0  0  0
    2.7242   -0.6491    0.8834 H   0  0  0  0  0  0  0  0  0  0  0  0
   -1.4311    2.3094   -0.8844 H   0  0  0  0  0  0  0  0  0  0  0  0
   -1.4311    2.3094    0.8844 H   0  0  0  0  0  0  0  0  0  0  0  0
    2.5706   -3.1523   -0.8830 H   0  0  0  0  0  0  0  0  0  0  0  0
    2.5706   -3.1523    0.8830 H   0  0  0  0  0  0  0  0  0  0  0  0
   -3.7421    1.3671   -0.8830 H   0  0  0  0  0  0  0  0  0  0  0  0
   -3.7421    1.3671    0.8830 H   0  0  0  0  0  0  0  0  0  0  0  0
    4.8286   -3.6720    0.0000 H   0  0  0  0  0  0  0  0  0  0  0  0
    4.8626   -2.1393    0.8877 H   0  0  0  0  0  0  0  0  0  0  0  0
    4.8626   -2.1393   -0.8877 H   0  0  0  0  0  0  0  0  0  0  0  0
   -5.6745    2.6898   -0.0000 H   0  0  0  0  0  0  0  0  0  0  0  0
  1 11  1  0  0  0  0
  1 29  1  0  0  0  0
  2 11  2  0  0  0  0
  3  4  1  0  0  0  0
  3  5  1  0  0  0  0
  3 12  1  0  0  0  0
  3 13  1  0  0  0  0
  4  6  1  0  0  0  0
  4 14  1  0  0  0  0
  4 15  1  0  0  0  0
  5  7  1  0  0  0  0
  5 16  1  0  0  0  0
  5 17  1  0  0  0  0
  6  8  1  0  0  0  0
  6 18  1  0  0  0  0
  6 19  1  0  0  0  0
  7  9  1  0  0  0  0
  7 20  1  0  0  0  0
  7 21  1  0  0  0  0
  8 10  1  0  0  0  0
  8 22  1  0  0  0  0
  8 23  1  0  0  0  0
  9 11  1  0  0  0  0
  9 24  1  0  0  0  0
  9 25  1  0  0  0  0
 10 26  1  0  0  0  0
 10 27  1  0  0  0  0
 10 28  1  0  0  0  0
M  END
$$$$
