
  ACD/Labs04281711592D

 29 29  0  0  0  0  0  0  0  0  1 V2000
    0.8875   -2.4872    0.0000 O   0  0  0  0  0  0  0  0  0  0  0  0
    2.3228    0.0000    0.0000 O   0  0  0  0  0  0  0  0  0  0  0  0
    3.7581   -7.4505    0.0000 N   0  0  0  0  0  0  0  0  0  0  0  0
    5.1935   -8.2723    0.0000 C   0  0  0  0  0  0  0  0  0  0  0  0
    2.3228   -8.2723    0.0000 C   0  0  0  0  0  0  0  0  0  0  0  0
    3.7581   -5.7961    0.0000 C   0  0  0  0  0  0  0  0  0  0  0  0
    2.3228   -4.9634    0.0000 C   0  0  0  0  0  0  0  0  0  0  0  0
    5.1935   -4.9634    0.0000 C   0  0  0  0  0  0  0  0  0  0  0  0
    5.1935   -9.9267    0.0000 C   0  0  0  0  0  0  0  0  0  0  0  0
    2.3228   -9.9267    0.0000 C   0  0  0  0  0  0  0  0  0  0  0  0
    2.3228   -3.3089    0.0000 C   0  0  0  0  0  0  0  0  0  0  0  0
    5.1935   -3.3089    0.0000 C   0  0  0  0  0  0  0  0  0  0  0  0
    3.7581   -2.4872    0.0000 C   0  0  0  0  0  0  0  0  0  0  0  0
    3.7581   -0.8327    0.0000 C   0  0  0  0  0  0  0  0  0  0  0  0
    6.2015   -8.4585    0.0000 H   0  0  0  0  0  0  0  0  0  0  0  0
    5.5441   -7.3081    0.0000 H   0  0  0  0  0  0  0  0  0  0  0  0
    1.9722   -7.3081    0.0000 H   0  0  0  0  0  0  0  0  0  0  0  0
    1.3148   -8.4585    0.0000 H   0  0  0  0  0  0  0  0  0  0  0  0
    1.4353   -5.4783    0.0000 H   0  0  0  0  0  0  0  0  0  0  0  0
    6.0809   -5.4783    0.0000 H   0  0  0  0  0  0  0  0  0  0  0  0
    5.1935  -10.9567    0.0000 H   0  0  0  0  0  0  0  0  0  0  0  0
    6.2124   -9.9267    0.0000 H   0  0  0  0  0  0  0  0  0  0  0  0
    4.1635   -9.9267    0.0000 H   0  0  0  0  0  0  0  0  0  0  0  0
    1.2929   -9.9267    0.0000 H   0  0  0  0  0  0  0  0  0  0  0  0
    2.3228  -10.9567    0.0000 H   0  0  0  0  0  0  0  0  0  0  0  0
    3.3527   -9.9267    0.0000 H   0  0  0  0  0  0  0  0  0  0  0  0
    6.0809   -2.7939    0.0000 H   0  0  0  0  0  0  0  0  0  0  0  0
    4.6456   -0.3177    0.0000 H   0  0  0  0  0  0  0  0  0  0  0  0
    0.0000   -2.9912    0.0000 H   0  0  0  0  0  0  0  0  0  0  0  0
  1 11  1  0  0  0  0
  1 29  1  0  0  0  0
  2 14  2  0  0  0  0
  3  4  1  0  0  0  0
  3  5  1  0  0  0  0
  3  6  1  0  0  0  0
  4  9  1  0  0  0  0
  4 15  1  0  0  0  0
  4 16  1  0  0  0  0
  5 10  1  0  0  0  0
  5 17  1  0  0  0  0
  5 18  1  0  0  0  0
  6  7  2  0  0  0  0
  6  8  1  0  0  0  0
  7 11  1  0  0  0  0
  7 19  1  0  0  0  0
  8 12  2  0  0  0  0
  8 20  1  0  0  0  0
  9 21  1  0  0  0  0
  9 22  1  0  0  0  0
  9 23  1  0  0  0  0
 10 24  1  0  0  0  0
 10 25  1  0  0  0  0
 10 26  1  0  0  0  0
 11 13  2  0  0  0  0
 12 13  1  0  0  0  0
 12 27  1  0  0  0  0
 13 14  1  0  0  0  0
 14 28  1  0  0  0  0
M  END
