87293
  Marvin  01030820523D          

 29 29  0  0  0  0            999 V2000
    3.1953    1.3255    0.0045 O   0  0  0  0  0  0  0  0  0  0  0  0
    1.1642    4.8182   -0.1392 O   0  0  0  0  0  0  0  0  0  0  0  0
   -0.6539   -1.2913    0.1124 N   0  0  0  0  0  0  0  0  0  0  0  0
   -1.2628   -1.6663    1.3434 C   0  0  0  0  0  0  0  0  0  0  0  0
   -0.3662   -2.2962   -0.8559 C   0  0  0  0  0  0  0  0  0  0  0  0
   -0.0982   -0.0703    0.0043 C   0  0  0  0  0  0  0  0  0  0  0  0
    1.3069    0.0607    0.0652 C   0  0  0  0  0  0  0  0  0  0  0  0
   -0.8627    1.1060   -0.1619 C   0  0  0  0  0  0  0  0  0  0  0  0
   -2.1727   -0.6834    2.1226 C   0  0  0  0  0  0  0  0  0  0  0  0
   -0.1190   -1.9161   -2.3395 C   0  0  0  0  0  0  0  0  0  0  0  0
    1.9347    1.3178   -0.0143 C   0  0  0  0  0  0  0  0  0  0  0  0
   -0.2441    2.3700   -0.1951 C   0  0  0  0  0  0  0  0  0  0  0  0
    1.1645    2.5059   -0.1093 C   0  0  0  0  0  0  0  0  0  0  0  0
    1.7717    3.7576   -0.1144 C   0  0  0  0  0  0  0  0  0  0  0  0
   -1.8738   -2.5677    1.2327 H   0  0  0  0  0  0  0  0  0  0  0  0
   -0.4503   -1.9454    2.0213 H   0  0  0  0  0  0  0  0  0  0  0  0
   -1.1578   -3.0507   -0.8930 H   0  0  0  0  0  0  0  0  0  0  0  0
    0.5269   -2.8231   -0.5060 H   0  0  0  0  0  0  0  0  0  0  0  0
    1.8844   -0.7790    0.1690 H   0  0  0  0  0  0  0  0  0  0  0  0
   -1.8808    1.0540   -0.2469 H   0  0  0  0  0  0  0  0  0  0  0  0
   -2.5079   -1.1398    3.0567 H   0  0  0  0  0  0  0  0  0  0  0  0
   -3.0553   -0.4257    1.5349 H   0  0  0  0  0  0  0  0  0  0  0  0
   -1.6402    0.2310    2.3891 H   0  0  0  0  0  0  0  0  0  0  0  0
    0.3046   -2.7692   -2.8752 H   0  0  0  0  0  0  0  0  0  0  0  0
   -1.0544   -1.6374   -2.8268 H   0  0  0  0  0  0  0  0  0  0  0  0
    0.5861   -1.0916   -2.4483 H   0  0  0  0  0  0  0  0  0  0  0  0
   -0.8495    3.1911   -0.2813 H   0  0  0  0  0  0  0  0  0  0  0  0
    2.7599    3.8433   -0.0851 H   0  0  0  0  0  0  0  0  0  0  0  0
    3.6504    0.5719    0.0360 H   0  0  0  0  0  0  0  0  0  0  0  0
  1 11  1  0  0  0  0
  1 29  1  0  0  0  0
  2 14  2  0  0  0  0
  3  4  1  0  0  0  0
  3  5  1  0  0  0  0
  3  6  1  0  0  0  0
  4  9  1  0  0  0  0
  4 15  1  0  0  0  0
  4 16  1  0  0  0  0
  5 10  1  0  0  0  0
  5 17  1  0  0  0  0
  5 18  1  0  0  0  0
  6  7  2  0  0  0  0
  6  8  1  0  0  0  0
  7 11  1  0  0  0  0
  7 19  1  0  0  0  0
  8 12  2  0  0  0  0
  8 20  1  0  0  0  0
  9 21  1  0  0  0  0
  9 22  1  0  0  0  0
  9 23  1  0  0  0  0
 10 24  1  0  0  0  0
 10 25  1  0  0  0  0
 10 26  1  0  0  0  0
 11 13  2  0  0  0  0
 12 13  1  0  0  0  0
 12 27  1  0  0  0  0
 13 14  1  0  0  0  0
 14 28  1  0  0  0  0
M  END
> <PUBCHEM_BONDANNOTATIONS>
11  13  8
12  13  8
6  7  8
6  8  8
7  11  8
8  12  8

$$$$
