8180
  Marvin  12300703363D          

 35 34  0  0  0  0            999 V2000
   -5.9923    4.5036    0.0000 O   0  0  0  0  0  0  0  0  0  0  0  0
   -6.1929    2.4360    0.0000 O   0  0  0  0  0  0  0  0  0  0  0  0
    0.2947    0.3623   -0.0000 C   0  0  0  0  0  0  0  0  0  0  0  0
    0.8636   -1.0800   -0.0000 C   0  0  0  0  0  0  0  0  0  0  0  0
   -1.2550    0.4116   -0.0000 C   0  0  0  0  0  0  0  0  0  0  0  0
    2.4122   -1.1485    0.0000 C   0  0  0  0  0  0  0  0  0  0  0  0
   -1.8481    1.8443    0.0000 C   0  0  0  0  0  0  0  0  0  0  0  0
    2.9705   -2.5952   -0.0000 C   0  0  0  0  0  0  0  0  0  0  0  0
   -3.3979    1.8718    0.0000 C   0  0  0  0  0  0  0  0  0  0  0  0
    4.5187   -2.6697   -0.0000 C   0  0  0  0  0  0  0  0  0  0  0  0
   -4.0015    3.3022   -0.0000 C   0  0  0  0  0  0  0  0  0  0  0  0
    5.0692   -4.1120    0.0000 C   0  0  0  0  0  0  0  0  0  0  0  0
   -5.4482    3.4056   -0.0000 C   0  0  0  0  0  0  0  0  0  0  0  0
    0.6663    0.8907    0.8821 H   0  0  0  0  0  0  0  0  0  0  0  0
    0.6663    0.8907   -0.8821 H   0  0  0  0  0  0  0  0  0  0  0  0
    0.4885   -1.6069   -0.8820 H   0  0  0  0  0  0  0  0  0  0  0  0
    0.4885   -1.6069    0.8820 H   0  0  0  0  0  0  0  0  0  0  0  0
   -1.6235   -0.1201    0.8826 H   0  0  0  0  0  0  0  0  0  0  0  0
   -1.6235   -0.1201   -0.8826 H   0  0  0  0  0  0  0  0  0  0  0  0
    2.7890   -0.6235   -0.8825 H   0  0  0  0  0  0  0  0  0  0  0  0
    2.7890   -0.6235    0.8825 H   0  0  0  0  0  0  0  0  0  0  0  0
   -1.4825    2.3779   -0.8822 H   0  0  0  0  0  0  0  0  0  0  0  0
   -1.4825    2.3779    0.8822 H   0  0  0  0  0  0  0  0  0  0  0  0
    2.5923   -3.1197   -0.8821 H   0  0  0  0  0  0  0  0  0  0  0  0
    2.5923   -3.1197    0.8821 H   0  0  0  0  0  0  0  0  0  0  0  0
   -3.7597    1.3364   -0.8824 H   0  0  0  0  0  0  0  0  0  0  0  0
   -3.7597    1.3364    0.8824 H   0  0  0  0  0  0  0  0  0  0  0  0
    4.9071   -2.1528   -0.8818 H   0  0  0  0  0  0  0  0  0  0  0  0
    4.9071   -2.1528    0.8818 H   0  0  0  0  0  0  0  0  0  0  0  0
   -3.6319    3.8325   -0.8823 H   0  0  0  0  0  0  0  0  0  0  0  0
   -3.6319    3.8325    0.8823 H   0  0  0  0  0  0  0  0  0  0  0  0
    6.1608   -4.0976   -0.0000 H   0  0  0  0  0  0  0  0  0  0  0  0
    4.7347   -4.6534    0.8871 H   0  0  0  0  0  0  0  0  0  0  0  0
    4.7347   -4.6534   -0.8871 H   0  0  0  0  0  0  0  0  0  0  0  0
   -5.5142    5.2431    0.0000 H   0  0  0  0  0  0  0  0  0  0  0  0
  1 13  1  0  0  0  0
  1 35  1  0  0  0  0
  2 13  2  0  0  0  0
  3  4  1  0  0  0  0
  3  5  1  0  0  0  0
  3 14  1  0  0  0  0
  3 15  1  0  0  0  0
  4  6  1  0  0  0  0
  4 16  1  0  0  0  0
  4 17  1  0  0  0  0
  5  7  1  0  0  0  0
  5 18  1  0  0  0  0
  5 19  1  0  0  0  0
  6  8  1  0  0  0  0
  6 20  1  0  0  0  0
  6 21  1  0  0  0  0
  7  9  1  0  0  0  0
  7 22  1  0  0  0  0
  7 23  1  0  0  0  0
  8 10  1  0  0  0  0
  8 24  1  0  0  0  0
  8 25  1  0  0  0  0
  9 11  1  0  0  0  0
  9 26  1  0  0  0  0
  9 27  1  0  0  0  0
 10 12  1  0  0  0  0
 10 28  1  0  0  0  0
 10 29  1  0  0  0  0
 11 13  1  0  0  0  0
 11 30  1  0  0  0  0
 11 31  1  0  0  0  0
 12 32  1  0  0  0  0
 12 33  1  0  0  0  0
 12 34  1  0  0  0  0
M  END
$$$$
