
  ACD/Labs06251410052D

  8  8  0  0  0  0  0  0  0  0  1 V2000
    3.9682   -3.7860    0.0000 Br  0  0  0  0  0  0  0  0  0  0  0  0
    3.5562   -2.5197    0.0000 C   0  0  0  0  0  0  0  0  0  0  0  0
    4.3368   -1.4442    0.0000 C   0  0  0  0  0  0  0  0  0  0  0  0
    3.5562   -0.3686    0.0000 S   0  0  0  0  0  0  0  0  0  0  0  0
    2.2898   -0.7806    0.0000 C   0  0  0  0  0  0  0  0  0  0  0  0
    1.2143    0.0000    0.0000 C   0  0  0  0  0  0  0  0  0  0  0  0
    0.0000   -0.5378    0.0000 O   0  0  0  0  0  0  0  0  0  0  0  0
    2.2898   -2.1120    0.0000 C   0  0  0  0  0  0  0  0  0  0  0  0
  1  2  1  0  0  0  0
  2  3  2  0  0  0  0
  2  8  1  0  0  0  0
  3  4  1  0  0  0  0
  4  5  1  0  0  0  0
  5  6  1  0  0  0  0
  5  8  2  0  0  0  0
  6  7  2  0  0  0  0
M  END
