
  ACD/Labs04281711332D

 15 15  0  0  0  0  0  0  0  0  1 V2000
    4.6091   -3.3169    0.0000 C   0  0  0  0  0  0  0  0  0  0  0  0
    3.4551   -3.9872    0.0000 C   0  0  0  0  0  0  0  0  0  0  0  0
    2.3011   -3.3238    0.0000 C   0  0  0  0  0  0  0  0  0  0  0  0
    2.3011   -1.9901    0.0000 C   0  0  0  0  0  0  0  0  0  0  0  0
    3.4551   -1.3268    0.0000 C   0  0  0  0  0  0  0  0  0  0  0  0
    4.6091   -1.9901    0.0000 C   0  0  0  0  0  0  0  0  0  0  0  0
    5.7631   -1.3337    0.0000 C   0  0  0  0  0  0  0  0  0  0  0  0
    5.7631    0.0000    0.0000 O   0  0  0  0  0  0  0  0  0  0  0  0
    6.9102   -1.9970    0.0000 O   0  0  0  0  0  0  0  0  0  0  0  0
    1.1471   -1.3268    0.0000 O   0  0  0  0  0  0  0  0  0  0  0  0
    1.1540   -3.9941    0.0000 O   0  0  0  0  0  0  0  0  0  0  0  0
    3.4551   -5.3139    0.0000 O   0  0  0  0  0  0  0  0  0  0  0  0
    1.1471    0.0000    0.0000 C   0  0  0  0  0  0  0  0  0  0  0  0
    0.0000   -3.3307    0.0000 C   0  0  0  0  0  0  0  0  0  0  0  0
    4.6091   -5.9773    0.0000 C   0  0  0  0  0  0  0  0  0  0  0  0
  1  6  1  0  0  0  0
  1  2  2  0  0  0  0
  2  3  1  0  0  0  0
  2 12  1  0  0  0  0
  3 11  1  0  0  0  0
  3  4  2  0  0  0  0
  4  5  1  0  0  0  0
  4 10  1  0  0  0  0
  5  6  2  0  0  0  0
  6  7  1  0  0  0  0
  7  8  2  0  0  0  0
  7  9  1  0  0  0  0
 10 13  1  0  0  0  0
 11 14  1  0  0  0  0
 12 15  1  0  0  0  0
M  END
