
  ACD/Labs04281711072D

 10 10  0  0  0  0  0  0  0  0  1 V2000
    2.3062   -0.0047    0.0000 O   0  0  0  0  0  0  0  0  0  0  0  0
    0.0047    0.0000    0.0000 O   0  0  0  0  0  0  0  0  0  0  0  0
    1.1554   -1.9940    0.0000 C   0  0  0  0  0  0  0  0  0  0  0  0
    2.3015   -2.6649    0.0000 C   0  0  0  0  0  0  0  0  0  0  0  0
    1.1554   -0.6662    0.0000 C   0  0  0  0  0  0  0  0  0  0  0  0
    0.0000   -2.6649    0.0000 C   0  0  0  0  0  0  0  0  0  0  0  0
    2.3015   -3.9927    0.0000 C   0  0  0  0  0  0  0  0  0  0  0  0
    0.0000   -3.9927    0.0000 C   0  0  0  0  0  0  0  0  0  0  0  0
    1.1554   -4.6589    0.0000 C   0  0  0  0  0  0  0  0  0  0  0  0
    3.4569   -1.9940    0.0000 C   0  0  0  0  0  0  0  0  0  0  0  0
  1  5  2  0  0  0  0
  2  5  1  0  0  0  0
  3  4  2  0  0  0  0
  3  5  1  0  0  0  0
  3  6  1  0  0  0  0
  4  7  1  0  0  0  0
  4 10  1  0  0  0  0
  6  8  2  0  0  0  0
  7  9  2  0  0  0  0
  8  9  1  0  0  0  0
M  END
