
  ACD/Labs04281712082D

 11 11  0  0  0  0  0  0  0  0  2 V2000
    1.1347    0.0000    0.0000 O   0  5  0  0  0  0  0  0  0  0  0  0
    0.0000   -1.9870    0.0000 O   0  0  0  0  0  0  0  0  0  0  0  0
    1.1347   -1.3318    0.0000 N   0  3  0  0  0  0  0  0  0  0  0  0
    3.4466   -5.3270    0.0000 N   0  0  0  0  0  0  0  0  0  0  0  0
    2.2906   -1.9976    0.0000 C   0  0  0  0  0  0  0  0  0  0  0  0
    3.4466   -1.3318    0.0000 C   0  0  0  0  0  0  0  0  0  0  0  0
    2.2906   -3.3294    0.0000 C   0  0  0  0  0  0  0  0  0  0  0  0
    3.4466   -3.9953    0.0000 C   0  0  0  0  0  0  0  0  0  0  0  0
    4.5972   -1.9976    0.0000 C   0  0  0  0  0  0  0  0  0  0  0  0
    4.5972   -3.3294    0.0000 C   0  0  0  0  0  0  0  0  0  0  0  0
    3.4466    0.0000    0.0000 C   0  0  0  0  0  0  0  0  0  0  0  0
  1  3  1  0  0  0  0
  2  3  2  0  0  0  0
  3  5  1  0  0  0  0
  4  8  1  0  0  0  0
  5  6  1  0  0  0  0
  5  7  2  0  0  0  0
  6  9  2  0  0  0  0
  6 11  1  0  0  0  0
  7  8  1  0  0  0  0
  8 10  2  0  0  0  0
  9 10  1  0  0  0  0
M  CHG  2   1  -1   3   1
M  END
