8390
  Marvin  12300703363D          

 19 19  0  0  0  0            999 V2000
    2.6176   -1.9081   -0.0726 O   0  5  0  0  0  0  0  0  0  0  0  0
    1.0825   -3.0124   -0.0778 O   0  0  0  0  0  0  0  0  0  0  0  0
    1.4430   -1.9047   -0.0675 N   0  3  0  0  0  0  0  0  0  0  0  0
    1.2852    2.8237    0.1351 N   0  0  0  0  0  0  0  0  0  0  0  0
   -0.7757   -0.7831   -0.0454 C   0  0  0  0  0  0  0  0  0  0  0  0
    0.6592   -0.7997   -0.0460 C   0  0  0  0  0  0  0  0  0  0  0  0
    1.3161    0.4650   -0.0104 C   0  0  0  0  0  0  0  0  0  0  0  0
   -1.4606    0.4595   -0.0219 C   0  0  0  0  0  0  0  0  0  0  0  0
    0.6277    1.6892    0.0524 C   0  0  0  0  0  0  0  0  0  0  0  0
   -0.7746    1.6813    0.0360 C   0  0  0  0  0  0  0  0  0  0  0  0
   -1.6981   -1.9566   -0.0571 C   0  0  0  0  0  0  0  0  0  0  0  0
    2.3388    0.5183   -0.0181 H   0  0  0  0  0  0  0  0  0  0  0  0
   -2.4846    0.5075   -0.0398 H   0  0  0  0  0  0  0  0  0  0  0  0
   -1.3036    2.5567    0.0650 H   0  0  0  0  0  0  0  0  0  0  0  0
   -2.3366   -1.9322    0.8292 H   0  0  0  0  0  0  0  0  0  0  0  0
   -2.3379   -1.9227   -0.9416 H   0  0  0  0  0  0  0  0  0  0  0  0
   -1.2446   -2.9407   -0.0587 H   0  0  0  0  0  0  0  0  0  0  0  0
    2.2153    2.8351    0.0384 H   0  0  0  0  0  0  0  0  0  0  0  0
    0.8309    3.6238    0.3006 H   0  0  0  0  0  0  0  0  0  0  0  0
  1  3  1  0  0  0  0
  2  3  2  0  0  0  0
  3  6  1  0  0  0  0
  4  9  1  0  0  0  0
  4 18  1  0  0  0  0
  4 19  1  0  0  0  0
  5  6  2  0  0  0  0
  5  8  1  0  0  0  0
  5 11  1  0  0  0  0
  6  7  1  0  0  0  0
  7  9  2  0  0  0  0
  7 12  1  0  0  0  0
  8 10  2  0  0  0  0
  8 13  1  0  0  0  0
  9 10  1  0  0  0  0
 10 14  1  0  0  0  0
 11 15  1  0  0  0  0
 11 16  1  0  0  0  0
 11 17  1  0  0  0  0
M  CHG  2   1  -1   3   1
M  END
> <PUBCHEM_BONDANNOTATIONS>
5  6  8
5  8  8
6  7  8
7  9  8
8  10  8
9  10  8

$$$$
