8394
  Marvin  12300703363D          

 17 18  0  0  0  0            999 V2000
   -2.9582    0.2064    0.1612 O   0  0  0  0  0  0  0  0  0  0  0  0
   -1.6893    1.9645    0.1686 N   0  0  0  0  0  0  0  0  0  0  0  0
   -0.5743    2.5483    0.1838 N   0  0  0  0  0  0  0  0  0  0  0  0
   -0.6672   -0.1296    0.0396 C   0  0  0  0  0  0  0  0  0  0  0  0
    0.5878    0.5534    0.0275 C   0  0  0  0  0  0  0  0  0  0  0  0
   -0.6829   -1.5411   -0.0442 C   0  0  0  0  0  0  0  0  0  0  0  0
    1.7875   -0.1825   -0.0889 C   0  0  0  0  0  0  0  0  0  0  0  0
   -1.8238    0.6611    0.1267 C   0  0  0  0  0  0  0  0  0  0  0  0
    0.5682    1.9485    0.1252 C   0  0  0  0  0  0  0  0  0  0  0  0
    0.5179   -2.2626   -0.1730 C   0  0  0  0  0  0  0  0  0  0  0  0
    1.7494   -1.5843   -0.2003 C   0  0  0  0  0  0  0  0  0  0  0  0
   -1.5639   -2.0599   -0.0171 H   0  0  0  0  0  0  0  0  0  0  0  0
    2.6954    0.2888   -0.0980 H   0  0  0  0  0  0  0  0  0  0  0  0
    1.3986    2.4918    0.1491 H   0  0  0  0  0  0  0  0  0  0  0  0
    0.4968   -3.2822   -0.2479 H   0  0  0  0  0  0  0  0  0  0  0  0
    2.6193   -2.1130   -0.3004 H   0  0  0  0  0  0  0  0  0  0  0  0
   -2.4616    2.4922    0.1882 H   0  0  0  0  0  0  0  0  0  0  0  0
  1  8  2  0  0  0  0
  2  3  1  0  0  0  0
  2  8  1  0  0  0  0
  2 17  1  0  0  0  0
  3  9  2  0  0  0  0
  4  5  1  0  0  0  0
  4  6  2  0  0  0  0
  4  8  1  0  0  0  0
  5  7  2  0  0  0  0
  5  9  1  0  0  0  0
  6 10  1  0  0  0  0
  6 12  1  0  0  0  0
  7 11  1  0  0  0  0
  7 13  1  0  0  0  0
  9 14  1  0  0  0  0
 10 11  2  0  0  0  0
 10 15  1  0  0  0  0
 11 16  1  0  0  0  0
M  END
> <PUBCHEM_BONDANNOTATIONS>
10  11  8
2  3  8
2  8  8
3  9  8
4  5  8
4  6  8
4  8  8
5  7  8
5  9  8
6  10  8
7  11  8

$$$$
