
  ACD/Labs04281711492D

 11 12  0  0  0  0  0  0  0  0  1 V2000
    1.1518    0.0000    0.0000 O   0  0  0  0  0  0  0  0  0  0  0  0
    1.1518   -1.3315    0.0000 C   0  0  0  0  0  0  0  0  0  0  0  0
    0.0000   -1.9950    0.0000 N   0  0  0  0  0  0  0  0  0  0  0  0
    0.0000   -3.3265    0.0000 N   0  0  0  0  0  0  0  0  0  0  0  0
    1.1518   -3.9899    0.0000 C   0  0  0  0  0  0  0  0  0  0  0  0
    2.3037   -3.3265    0.0000 C   0  0  0  0  0  0  0  0  0  0  0  0
    3.4555   -3.9899    0.0000 C   0  0  0  0  0  0  0  0  0  0  0  0
    4.6073   -3.3265    0.0000 C   0  0  0  0  0  0  0  0  0  0  0  0
    4.6073   -1.9950    0.0000 C   0  0  0  0  0  0  0  0  0  0  0  0
    3.4555   -1.3315    0.0000 C   0  0  0  0  0  0  0  0  0  0  0  0
    2.3037   -1.9950    0.0000 C   0  0  0  0  0  0  0  0  0  0  0  0
  1  2  1  0  0  0  0
  2  3  1  0  0  0  0
  2 11  2  0  0  0  0
  3  4  2  0  0  0  0
  4  5  1  0  0  0  0
  5  6  2  0  0  0  0
  6  7  1  0  0  0  0
  6 11  1  0  0  0  0
  7  8  2  0  0  0  0
  8  9  1  0  0  0  0
  9 10  2  0  0  0  0
 10 11  1  0  0  0  0
M  END
