8407
  Marvin  12300703363D          

 26 27  0  0  0  0            999 V2000
    3.3189   -0.7327   -1.1643 O   0  5  0  0  0  0  0  0  0  0  0  0
    1.6759   -1.7144   -1.3716 O   0  0  0  0  0  0  0  0  0  0  0  0
   -0.7185   -0.4765   -0.9627 N   0  0  0  0  0  0  0  0  0  0  0  0
    2.1533   -0.6539   -1.2643 N   0  3  0  0  0  0  0  0  0  0  0  0
    0.0385    0.5772   -1.2409 C   0  0  0  0  0  0  0  0  0  0  0  0
   -0.9091   -0.9509    0.2742 C   0  0  0  0  0  0  0  0  0  0  0  0
    1.4641    0.5071   -1.2756 C   0  0  0  0  0  0  0  0  0  0  0  0
   -0.6446    1.8094   -1.3431 C   0  0  0  0  0  0  0  0  0  0  0  0
    2.1538    1.7487   -1.2897 C   0  0  0  0  0  0  0  0  0  0  0  0
   -1.5947   -2.1772    0.4228 C   0  0  0  0  0  0  0  0  0  0  0  0
   -0.4632   -0.2944    1.4527 C   0  0  0  0  0  0  0  0  0  0  0  0
    0.0788    3.0117   -1.3598 C   0  0  0  0  0  0  0  0  0  0  0  0
    1.4806    2.9833   -1.3086 C   0  0  0  0  0  0  0  0  0  0  0  0
   -1.8228   -2.7285    1.6994 C   0  0  0  0  0  0  0  0  0  0  0  0
   -0.6883   -0.8364    2.7277 C   0  0  0  0  0  0  0  0  0  0  0  0
   -1.3707   -2.0576    2.8503 C   0  0  0  0  0  0  0  0  0  0  0  0
   -1.1457   -0.9062   -1.6770 H   0  0  0  0  0  0  0  0  0  0  0  0
   -1.6681    1.8494   -1.3604 H   0  0  0  0  0  0  0  0  0  0  0  0
    3.1760    1.7791   -1.2750 H   0  0  0  0  0  0  0  0  0  0  0  0
   -1.9335   -2.6879   -0.3972 H   0  0  0  0  0  0  0  0  0  0  0  0
    0.0348    0.5976    1.4064 H   0  0  0  0  0  0  0  0  0  0  0  0
   -0.4152    3.9064   -1.3887 H   0  0  0  0  0  0  0  0  0  0  0  0
    2.0084    3.8586   -1.2850 H   0  0  0  0  0  0  0  0  0  0  0  0
   -2.3170   -3.6180    1.7941 H   0  0  0  0  0  0  0  0  0  0  0  0
   -0.3561   -0.3408    3.5584 H   0  0  0  0  0  0  0  0  0  0  0  0
   -1.5357   -2.4528    3.7781 H   0  0  0  0  0  0  0  0  0  0  0  0
  1  4  1  0  0  0  0
  2  4  2  0  0  0  0
  3  5  1  0  0  0  0
  3  6  1  0  0  0  0
  3 17  1  0  0  0  0
  4  7  1  0  0  0  0
  5  7  1  0  0  0  0
  5  8  2  0  0  0  0
  6 10  2  0  0  0  0
  6 11  1  0  0  0  0
  7  9  2  0  0  0  0
  8 12  1  0  0  0  0
  8 18  1  0  0  0  0
  9 13  1  0  0  0  0
  9 19  1  0  0  0  0
 10 14  1  0  0  0  0
 10 20  1  0  0  0  0
 11 15  2  0  0  0  0
 11 21  1  0  0  0  0
 12 13  2  0  0  0  0
 12 22  1  0  0  0  0
 13 23  1  0  0  0  0
 14 16  2  0  0  0  0
 14 24  1  0  0  0  0
 15 16  1  0  0  0  0
 15 25  1  0  0  0  0
 16 26  1  0  0  0  0
M  CHG  2   1  -1   4   1
M  END
> <PUBCHEM_BONDANNOTATIONS>
10  14  8
11  15  8
12  13  8
14  16  8
15  16  8
5  7  8
5  8  8
6  10  8
6  11  8
7  9  8
8  12  8
9  13  8

$$$$
