
  ACD/Labs06251410122D

 16 17  0  0  0  0  0  0  0  0  2 V2000
    1.9970   -4.6090    0.0000 O   0  0  0  0  0  0  0  0  0  0  0  0
    2.6604   -3.4550    0.0000 N   0  3  0  0  0  0  0  0  0  0  0  0
    1.9970   -2.3010    0.0000 C   0  0  0  0  0  0  0  0  0  0  0  0
    2.6604   -1.1540    0.0000 C   0  0  0  0  0  0  0  0  0  0  0  0
    1.9970    0.0000    0.0000 C   0  0  0  0  0  0  0  0  0  0  0  0
    0.6634    0.0000    0.0000 C   0  0  0  0  0  0  0  0  0  0  0  0
    0.0000   -1.1540    0.0000 C   0  0  0  0  0  0  0  0  0  0  0  0
    0.6634   -2.3010    0.0000 C   0  0  0  0  0  0  0  0  0  0  0  0
    0.0000   -3.4550    0.0000 N   0  0  0  0  0  0  0  0  0  0  0  0
    0.6634   -4.6090    0.0000 C   0  0  0  0  0  0  0  0  0  0  0  0
    0.0000   -5.7561    0.0000 C   0  0  0  0  0  0  0  0  0  0  0  0
    0.6634   -6.9100    0.0000 C   0  0  0  0  0  0  0  0  0  0  0  0
    1.9970   -6.9100    0.0000 C   0  0  0  0  0  0  0  0  0  0  0  0
    2.6604   -5.7561    0.0000 C   0  0  0  0  0  0  0  0  0  0  0  0
    1.9970   -4.6090    0.0000 C   0  0  0  0  0  0  0  0  0  0  0  0
    3.9871   -3.4550    0.0000 O   0  5  0  0  0  0  0  0  0  0  0  0
  1  2  2  0  0  0  0
  2  3  1  0  0  0  0
  2 16  1  0  0  0  0
  3  4  2  0  0  0  0
  3  8  1  0  0  0  0
  4  5  1  0  0  0  0
  5  6  2  0  0  0  0
  6  7  1  0  0  0  0
  7  8  2  0  0  0  0
  8  9  1  0  0  0  0
  9 10  1  0  0  0  0
 10 11  2  0  0  0  0
 10 15  1  0  0  0  0
 11 12  1  0  0  0  0
 12 13  2  0  0  0  0
 13 14  1  0  0  0  0
 14 15  2  0  0  0  0
M  CHG  2   2   1  16  -1
M  END
