8422
  Marvin  12300703363D          

 25 26  0  0  0  0            999 V2000
   -0.7178    2.1724   -0.3368 O   0  0  0  0  0  0  0  0  0  0  0  0
   -2.0863    4.4753    1.8659 O   0  0  0  0  0  0  0  0  0  0  0  0
   -2.0823    4.4795   -0.2271 O   0  0  0  0  0  0  0  0  0  0  0  0
   -0.1155   -1.3696   -0.5227 C   0  0  0  0  0  0  0  0  0  0  0  0
    1.3107   -1.3761   -0.5175 C   0  0  0  0  0  0  0  0  0  0  0  0
   -0.8040   -0.1381   -0.5236 C   0  0  0  0  0  0  0  0  0  0  0  0
   -0.0936    1.0783   -0.4835 C   0  0  0  0  0  0  0  0  0  0  0  0
    2.0118   -0.1492   -0.5341 C   0  0  0  0  0  0  0  0  0  0  0  0
   -0.8185   -2.5954   -0.5018 C   0  0  0  0  0  0  0  0  0  0  0  0
    1.3142    1.0703   -0.5247 C   0  0  0  0  0  0  0  0  0  0  0  0
    1.9974   -2.6095   -0.4858 C   0  0  0  0  0  0  0  0  0  0  0  0
   -0.1206   -3.8151   -0.4712 C   0  0  0  0  0  0  0  0  0  0  0  0
    1.2852   -3.8225   -0.4632 C   0  0  0  0  0  0  0  0  0  0  0  0
   -1.0378    2.6847    0.8630 C   0  0  0  0  0  0  0  0  0  0  0  0
   -1.7640    3.9299    0.8169 C   0  0  0  0  0  0  0  0  0  0  0  0
   -1.8283   -0.1139   -0.5244 H   0  0  0  0  0  0  0  0  0  0  0  0
    3.0349   -0.1252   -0.5376 H   0  0  0  0  0  0  0  0  0  0  0  0
    1.8352    1.9511   -0.5217 H   0  0  0  0  0  0  0  0  0  0  0  0
   -1.8420   -2.6164   -0.5006 H   0  0  0  0  0  0  0  0  0  0  0  0
    3.0202   -2.6420   -0.4741 H   0  0  0  0  0  0  0  0  0  0  0  0
   -0.6359   -4.6977   -0.4518 H   0  0  0  0  0  0  0  0  0  0  0  0
    1.7897   -4.7107   -0.4394 H   0  0  0  0  0  0  0  0  0  0  0  0
   -1.6565    1.9705    1.4179 H   0  0  0  0  0  0  0  0  0  0  0  0
   -0.1229    2.8617    1.4392 H   0  0  0  0  0  0  0  0  0  0  0  0
   -1.8732    4.1078    2.6385 H   0  0  0  0  0  0  0  0  0  0  0  0
  1  7  1  0  0  0  0
  1 14  1  0  0  0  0
  2 15  1  0  0  0  0
  2 25  1  0  0  0  0
  3 15  2  0  0  0  0
  4  5  1  0  0  0  0
  4  6  1  0  0  0  0
  4  9  2  0  0  0  0
  5  8  1  0  0  0  0
  5 11  2  0  0  0  0
  6  7  2  0  0  0  0
  6 16  1  0  0  0  0
  7 10  1  0  0  0  0
  8 10  2  0  0  0  0
  8 17  1  0  0  0  0
  9 12  1  0  0  0  0
  9 19  1  0  0  0  0
 10 18  1  0  0  0  0
 11 13  1  0  0  0  0
 11 20  1  0  0  0  0
 12 13  2  0  0  0  0
 12 21  1  0  0  0  0
 13 22  1  0  0  0  0
 14 15  1  0  0  0  0
 14 23  1  0  0  0  0
 14 24  1  0  0  0  0
M  END
> <PUBCHEM_BONDANNOTATIONS>
11  13  8
12  13  8
4  5  8
4  6  8
4  9  8
5  11  8
5  8  8
6  7  8
7  10  8
8  10  8
9  12  8

$$$$
