
  ACD/Labs04281711402D

 15 16  0  0  0  0  0  0  0  0  1 V2000
    1.1515    0.0000    0.0000 O   0  0  0  0  0  0  0  0  0  0  0  0
    1.1515   -1.3265    0.0000 C   0  0  0  0  0  0  0  0  0  0  0  0
    0.0000   -1.9898    0.0000 O   0  0  0  0  0  0  0  0  0  0  0  0
    2.3030   -1.9898    0.0000 C   0  0  0  0  0  0  0  0  0  0  0  0
    3.4545   -1.3265    0.0000 O   0  0  0  0  0  0  0  0  0  0  0  0
    4.6060   -1.9898    0.0000 C   0  0  0  0  0  0  0  0  0  0  0  0
    4.6060   -3.3255    0.0000 C   0  0  0  0  0  0  0  0  0  0  0  0
    5.7575   -3.9888    0.0000 C   0  0  0  0  0  0  0  0  0  0  0  0
    6.9090   -3.3255    0.0000 C   0  0  0  0  0  0  0  0  0  0  0  0
    6.9090   -1.9898    0.0000 C   0  0  0  0  0  0  0  0  0  0  0  0
    5.7575   -1.3265    0.0000 C   0  0  0  0  0  0  0  0  0  0  0  0
    8.0605   -1.3265    0.0000 C   0  0  0  0  0  0  0  0  0  0  0  0
    9.2120   -1.9898    0.0000 C   0  0  0  0  0  0  0  0  0  0  0  0
    9.2120   -3.3255    0.0000 C   0  0  0  0  0  0  0  0  0  0  0  0
    8.0605   -3.9888    0.0000 C   0  0  0  0  0  0  0  0  0  0  0  0
  1  2  1  0  0  0  0
  2  3  2  0  0  0  0
  2  4  1  0  0  0  0
  4  5  1  0  0  0  0
  5  6  1  0  0  0  0
  6  7  1  0  0  0  0
  6 11  2  0  0  0  0
  7  8  2  0  0  0  0
  8  9  1  0  0  0  0
  9 10  1  0  0  0  0
  9 15  2  0  0  0  0
 10 11  1  0  0  0  0
 10 12  2  0  0  0  0
 12 13  1  0  0  0  0
 13 14  2  0  0  0  0
 14 15  1  0  0  0  0
M  END
