90334
  Marvin  01040800003D          

 27 28  0  0  0  0            999 V2000
   -0.4632    0.1436    0.5476 O   0  0  0  0  0  0  0  0  0  0  0  0
   -3.8133   -1.0171    0.7862 N   0  0  0  0  0  0  0  0  0  0  0  0
   -1.8716   -2.2344    0.8589 N   0  0  0  0  0  0  0  0  0  0  0  0
    1.6526    0.1370   -0.5825 C   0  0  0  0  0  0  0  0  0  0  0  0
    0.1712    0.1476   -0.6368 C   0  0  0  0  0  0  0  0  0  0  0  0
   -1.7252    0.1434    0.6877 C   0  0  0  0  0  0  0  0  0  0  0  0
    2.3708    0.1326   -1.8029 C   0  0  0  0  0  0  0  0  0  0  0  0
    2.3869    0.1313    0.6268 C   0  0  0  0  0  0  0  0  0  0  0  0
   -2.4557   -1.0621    0.7840 C   0  0  0  0  0  0  0  0  0  0  0  0
    3.7771    0.1242   -1.8179 C   0  0  0  0  0  0  0  0  0  0  0  0
    3.7946    0.1232    0.6169 C   0  0  0  0  0  0  0  0  0  0  0  0
   -2.4325    1.3645    0.6849 C   0  0  0  0  0  0  0  0  0  0  0  0
    4.4889    0.1199   -0.6056 C   0  0  0  0  0  0  0  0  0  0  0  0
   -3.8394    1.3704    0.6984 C   0  0  0  0  0  0  0  0  0  0  0  0
   -4.5203    0.1411    0.7308 C   0  0  0  0  0  0  0  0  0  0  0  0
   -0.1277    1.0379   -1.2006 H   0  0  0  0  0  0  0  0  0  0  0  0
   -0.1381   -0.7348   -1.2080 H   0  0  0  0  0  0  0  0  0  0  0  0
    1.8762    0.1355   -2.6995 H   0  0  0  0  0  0  0  0  0  0  0  0
    1.9106    0.1333    1.5316 H   0  0  0  0  0  0  0  0  0  0  0  0
   -1.9271    2.2533    0.6539 H   0  0  0  0  0  0  0  0  0  0  0  0
    4.2792    0.1214   -2.7085 H   0  0  0  0  0  0  0  0  0  0  0  0
    4.3122    0.1199    1.4985 H   0  0  0  0  0  0  0  0  0  0  0  0
    5.5110    0.1143   -0.6143 H   0  0  0  0  0  0  0  0  0  0  0  0
   -4.3547    2.2526    0.6757 H   0  0  0  0  0  0  0  0  0  0  0  0
   -5.5405    0.1092    0.7164 H   0  0  0  0  0  0  0  0  0  0  0  0
   -2.3798   -3.0186    0.8275 H   0  0  0  0  0  0  0  0  0  0  0  0
   -0.9421   -2.2892    0.9511 H   0  0  0  0  0  0  0  0  0  0  0  0
  1  5  1  0  0  0  0
  1  6  1  0  0  0  0
  2  9  1  0  0  0  0
  2 15  2  0  0  0  0
  3  9  1  0  0  0  0
  3 26  1  0  0  0  0
  3 27  1  0  0  0  0
  4  5  1  0  0  0  0
  4  7  2  0  0  0  0
  4  8  1  0  0  0  0
  5 16  1  0  0  0  0
  5 17  1  0  0  0  0
  6  9  2  0  0  0  0
  6 12  1  0  0  0  0
  7 10  1  0  0  0  0
  7 18  1  0  0  0  0
  8 11  2  0  0  0  0
  8 19  1  0  0  0  0
 10 13  2  0  0  0  0
 10 21  1  0  0  0  0
 11 13  1  0  0  0  0
 11 22  1  0  0  0  0
 12 14  2  0  0  0  0
 12 20  1  0  0  0  0
 13 23  1  0  0  0  0
 14 15  1  0  0  0  0
 14 24  1  0  0  0  0
 15 25  1  0  0  0  0
M  END
> <PUBCHEM_BONDANNOTATIONS>
10  13  8
11  13  8
12  14  8
14  15  8
2  15  8
2  9  8
4  7  8
4  8  8
6  12  8
6  9  8
7  10  8
8  11  8

$$$$
