
  ACD/Labs04281711072D

 11 11  0  0  0  0  0  0  0  0  1 V2000
    5.3192   -3.6330    0.0000 N   0  0  0  0  0  0  0  0  0  0  0  0
    4.6543   -2.4788    0.0000 C   0  0  0  0  0  0  0  0  0  0  0  0
    5.3192   -1.3298    0.0000 C   0  0  0  0  0  0  0  0  0  0  0  0
    4.6543   -0.1755    0.0000 C   0  0  0  0  0  0  0  0  0  0  0  0
    3.3245   -0.1755    0.0000 C   0  0  0  0  0  0  0  0  0  0  0  0
    2.6596   -1.3298    0.0000 C   0  0  0  0  0  0  0  0  0  0  0  0
    3.3245   -2.4788    0.0000 C   0  0  0  0  0  0  0  0  0  0  0  0
    1.3298   -1.3298    0.0000 S   0  0  0  0  0  0  0  0  0  0  0  0
    1.3298    0.0000    0.0000 O   0  0  0  0  0  0  0  0  0  0  0  0
    1.3298   -2.6596    0.0000 O   0  0  0  0  0  0  0  0  0  0  0  0
    0.0000   -1.3298    0.0000 O   0  0  0  0  0  0  0  0  0  0  0  0
  1  2  1  0  0  0  0
  2  3  2  0  0  0  0
  2  7  1  0  0  0  0
  3  4  1  0  0  0  0
  4  5  2  0  0  0  0
  5  6  1  0  0  0  0
  6  7  2  0  0  0  0
  6  8  1  0  0  0  0
  8  9  1  0  0  0  0
  8 10  2  0  0  0  0
  8 11  2  0  0  0  0
M  END
