8479
  Marvin  12300703363D          

 18 18  0  0  0  0            999 V2000
   -1.3400   -2.2490   -0.1872 S   0  0  1  0  0  0  0  0  0  0  0  0
   -1.6002   -2.7061    1.3139 O   0  0  0  0  0  0  0  0  0  0  0  0
   -0.5191   -3.4003   -0.9153 O   0  0  0  0  0  0  0  0  0  0  0  0
   -2.7471   -2.0903   -0.9110 O   0  0  0  0  0  0  0  0  0  0  0  0
    1.6733    2.8031    0.0562 N   0  0  0  0  0  0  0  0  0  0  0  0
   -0.4541   -0.7493   -0.1570 C   0  0  0  0  0  0  0  0  0  0  0  0
    0.9566   -0.7572   -0.1576 C   0  0  0  0  0  0  0  0  0  0  0  0
   -1.1330    0.4866   -0.1098 C   0  0  0  0  0  0  0  0  0  0  0  0
    0.9967    1.6817   -0.0300 C   0  0  0  0  0  0  0  0  0  0  0  0
    1.6785    0.4495   -0.1021 C   0  0  0  0  0  0  0  0  0  0  0  0
   -0.4136    1.6950   -0.0428 C   0  0  0  0  0  0  0  0  0  0  0  0
    1.4752   -1.6378   -0.1921 H   0  0  0  0  0  0  0  0  0  0  0  0
   -2.1552    0.5223   -0.1180 H   0  0  0  0  0  0  0  0  0  0  0  0
    2.7012    0.4190   -0.1045 H   0  0  0  0  0  0  0  0  0  0  0  0
   -0.9259    2.5800   -0.0040 H   0  0  0  0  0  0  0  0  0  0  0  0
    2.6039    2.7993   -0.0398 H   0  0  0  0  0  0  0  0  0  0  0  0
    1.2304    3.6107    0.2210 H   0  0  0  0  0  0  0  0  0  0  0  0
   -2.0277   -3.4572    1.4801 H   0  0  0  0  0  0  0  0  0  0  0  0
  1  2  1  0  0  0  0
  1  3  2  0  0  0  0
  1  4  2  0  0  0  0
  1  6  1  0  0  0  0
  2 18  1  0  0  0  0
  5  9  1  0  0  0  0
  5 16  1  0  0  0  0
  5 17  1  0  0  0  0
  6  7  2  0  0  0  0
  6  8  1  0  0  0  0
  7 10  1  0  0  0  0
  7 12  1  0  0  0  0
  8 11  2  0  0  0  0
  8 13  1  0  0  0  0
  9 10  2  0  0  0  0
  9 11  1  0  0  0  0
 10 14  1  0  0  0  0
 11 15  1  0  0  0  0
M  END
> <PUBCHEM_BONDANNOTATIONS>
6  7  8
6  8  8
7  10  8
8  11  8
9  10  8
9  11  8

$$$$
