
  ACD/Labs06251410132D

 10 10  0  0  0  0  0  0  0  0  1 V2000
    4.6553   -3.4542    0.0000 O   0  0  0  0  0  0  0  0  0  0  0  0
    3.9896   -2.3044    0.0000 C   0  0  0  0  0  0  0  0  0  0  0  0
    4.6553   -1.1499    0.0000 C   0  0  0  0  0  0  0  0  0  0  0  0
    3.9896    0.0000    0.0000 C   0  0  0  0  0  0  0  0  0  0  0  0
    2.6582    0.0000    0.0000 C   0  0  0  0  0  0  0  0  0  0  0  0
    1.9971   -1.1499    0.0000 C   0  0  0  0  0  0  0  0  0  0  0  0
    0.6657   -1.1499    0.0000 C   0  0  0  0  0  0  0  0  0  0  0  0
    0.0000   -2.3044    0.0000 O   0  0  0  0  0  0  0  0  0  0  0  0
    2.6582   -2.3044    0.0000 C   0  0  0  0  0  0  0  0  0  0  0  0
    1.9971   -3.4542    0.0000 O   0  0  0  0  0  0  0  0  0  0  0  0
  1  2  1  0  0  0  0
  2  3  1  0  0  0  0
  2  9  2  0  0  0  0
  3  4  2  0  0  0  0
  4  5  1  0  0  0  0
  5  6  2  0  0  0  0
  6  7  1  0  0  0  0
  6  9  1  0  0  0  0
  7  8  2  0  0  0  0
  9 10  1  0  0  0  0
M  END
