
  ACD/Labs03221914022D

 12 13  0  0  0  0  0  0  0  0  1 V2000
    0.0000   -1.9961    0.0000 C   0  0  0  0  0  0  0  0  0  0  0  0
    0.0000   -3.3268    0.0000 C   0  0  0  0  0  0  0  0  0  0  0  0
    1.1444   -3.9922    0.0000 C   0  0  0  0  0  0  0  0  0  0  0  0
    2.2995   -3.3268    0.0000 C   0  0  0  0  0  0  0  0  0  0  0  0
    2.2995   -1.9961    0.0000 C   0  0  0  0  0  0  0  0  0  0  0  0
    1.1444   -1.3307    0.0000 C   0  0  0  0  0  0  0  0  0  0  0  0
    3.4492   -1.3307    0.0000 C   0  0  0  0  0  0  0  0  0  0  0  0
    4.6043   -1.9961    0.0000 C   0  0  0  0  0  0  0  0  0  0  0  0
    4.6043   -3.3268    0.0000 C   0  0  0  0  0  0  0  0  0  0  0  0
    3.4492   -3.9922    0.0000 C   0  0  0  0  0  0  0  0  0  0  0  0
    3.4492   -5.3229    0.0000 O   0  0  0  0  0  0  0  0  0  0  0  0
    3.4492    0.0000    0.0000 O   0  0  0  0  0  0  0  0  0  0  0  0
  1  2  2  0  0  0  0
  1  6  1  0  0  0  0
  2  3  1  0  0  0  0
  3  4  2  0  0  0  0
  4  5  1  0  0  0  0
  4 10  1  0  0  0  0
  5  6  2  0  0  0  0
  5  7  1  0  0  0  0
  7  8  1  0  0  0  0
  7 12  2  0  0  0  0
  8  9  2  0  0  0  0
  9 10  1  0  0  0  0
 10 11  2  0  0  0  0
M  END
