8530
  Marvin  12300703363D          

 18 19  0  0  0  0            999 V2000
   -1.7038    2.3758    0.0000 O   0  0  0  0  0  0  0  0  0  0  0  0
    2.9198   -0.0446   -0.0000 O   0  0  0  0  0  0  0  0  0  0  0  0
   -0.6315    0.3410    0.0000 C   0  0  0  0  0  0  0  0  0  0  0  0
    0.6371   -0.3216   -0.0000 C   0  0  0  0  0  0  0  0  0  0  0  0
   -0.6522    1.7479    0.0000 C   0  0  0  0  0  0  0  0  0  0  0  0
    1.8048    0.4624   -0.0000 C   0  0  0  0  0  0  0  0  0  0  0  0
   -1.8135   -0.4398    0.0000 C   0  0  0  0  0  0  0  0  0  0  0  0
    0.6741   -1.7373   -0.0000 C   0  0  0  0  0  0  0  0  0  0  0  0
    0.5214    2.4522   -0.0000 C   0  0  0  0  0  0  0  0  0  0  0  0
    1.7149    1.8274   -0.0000 C   0  0  0  0  0  0  0  0  0  0  0  0
   -1.7540   -1.8439    0.0000 C   0  0  0  0  0  0  0  0  0  0  0  0
   -0.5100   -2.4928   -0.0000 C   0  0  0  0  0  0  0  0  0  0  0  0
   -2.7378   -0.0019    0.0000 H   0  0  0  0  0  0  0  0  0  0  0  0
    1.5621   -2.2443   -0.0000 H   0  0  0  0  0  0  0  0  0  0  0  0
    0.5082    3.4482   -0.0000 H   0  0  0  0  0  0  0  0  0  0  0  0
    2.5417    2.3828   -0.0000 H   0  0  0  0  0  0  0  0  0  0  0  0
   -2.6137   -2.3971    0.0000 H   0  0  0  0  0  0  0  0  0  0  0  0
   -0.4677   -3.5143   -0.0000 H   0  0  0  0  0  0  0  0  0  0  0  0
  1  5  2  0  0  0  0
  2  6  2  0  0  0  0
  3  4  1  0  0  0  0
  3  5  1  0  0  0  0
  3  7  2  0  0  0  0
  4  6  1  0  0  0  0
  4  8  2  0  0  0  0
  5  9  1  0  0  0  0
  6 10  1  0  0  0  0
  7 11  1  0  0  0  0
  7 13  1  0  0  0  0
  8 12  1  0  0  0  0
  8 14  1  0  0  0  0
  9 10  2  0  0  0  0
  9 15  1  0  0  0  0
 10 16  1  0  0  0  0
 11 12  2  0  0  0  0
 11 17  1  0  0  0  0
 12 18  1  0  0  0  0
M  END
> <PUBCHEM_BONDANNOTATIONS>
11  12  8
3  4  8
3  7  8
4  8  8
7  11  8
8  12  8

$$$$
