8572
  Marvin  12300703363D          

 26 27  0  0  0  0            999 V2000
    1.5300    0.0839   -1.1240 O   0  0  0  0  0  0  0  0  0  0  0  0
   -2.3367   -0.3016   -1.0573 O   0  0  0  0  0  0  0  0  0  0  0  0
    1.3057    4.6183   -0.5518 O   0  0  0  0  0  0  0  0  0  0  0  0
   -0.5814    0.9632   -0.5760 C   0  0  0  0  0  0  0  0  0  0  0  0
   -0.8118   -1.4368    0.1690 C   0  0  0  0  0  0  0  0  0  0  0  0
   -1.2485   -0.2697   -0.4901 C   0  0  0  0  0  0  0  0  0  0  0  0
    0.8115    1.0793   -0.8435 C   0  0  0  0  0  0  0  0  0  0  0  0
   -1.3037    2.1730   -0.3958 C   0  0  0  0  0  0  0  0  0  0  0  0
    1.4577    2.3317   -0.8171 C   0  0  0  0  0  0  0  0  0  0  0  0
   -0.6700    3.4289   -0.4071 C   0  0  0  0  0  0  0  0  0  0  0  0
   -1.4448   -2.6931   -0.0462 C   0  0  0  0  0  0  0  0  0  0  0  0
    0.2666   -1.4383    1.0951 C   0  0  0  0  0  0  0  0  0  0  0  0
    0.7220    3.5074   -0.5896 C   0  0  0  0  0  0  0  0  0  0  0  0
   -1.0062   -3.8758    0.5787 C   0  0  0  0  0  0  0  0  0  0  0  0
    0.7337   -2.6158    1.7086 C   0  0  0  0  0  0  0  0  0  0  0  0
    0.0962   -3.8385    1.4466 C   0  0  0  0  0  0  0  0  0  0  0  0
   -2.3166    2.1645   -0.2412 H   0  0  0  0  0  0  0  0  0  0  0  0
    2.4691    2.3943   -0.9668 H   0  0  0  0  0  0  0  0  0  0  0  0
   -1.2236    4.2792   -0.2735 H   0  0  0  0  0  0  0  0  0  0  0  0
   -2.2490   -2.7801   -0.6727 H   0  0  0  0  0  0  0  0  0  0  0  0
    0.7489   -0.5749    1.3513 H   0  0  0  0  0  0  0  0  0  0  0  0
   -1.4851   -4.7620    0.4010 H   0  0  0  0  0  0  0  0  0  0  0  0
    1.5337   -2.5841    2.3452 H   0  0  0  0  0  0  0  0  0  0  0  0
    0.4307   -4.6973    1.8901 H   0  0  0  0  0  0  0  0  0  0  0  0
    2.3911    0.1806   -1.2842 H   0  0  0  0  0  0  0  0  0  0  0  0
    2.1806    4.6639   -0.6487 H   0  0  0  0  0  0  0  0  0  0  0  0
  1  7  1  0  0  0  0
  1 25  1  0  0  0  0
  2  6  2  0  0  0  0
  3 13  1  0  0  0  0
  3 26  1  0  0  0  0
  4  6  1  0  0  0  0
  4  7  2  0  0  0  0
  4  8  1  0  0  0  0
  5  6  1  0  0  0  0
  5 11  2  0  0  0  0
  5 12  1  0  0  0  0
  7  9  1  0  0  0  0
  8 10  2  0  0  0  0
  8 17  1  0  0  0  0
  9 13  2  0  0  0  0
  9 18  1  0  0  0  0
 10 13  1  0  0  0  0
 10 19  1  0  0  0  0
 11 14  1  0  0  0  0
 11 20  1  0  0  0  0
 12 15  2  0  0  0  0
 12 21  1  0  0  0  0
 14 16  2  0  0  0  0
 14 22  1  0  0  0  0
 15 16  1  0  0  0  0
 15 23  1  0  0  0  0
 16 24  1  0  0  0  0
M  END
> <PUBCHEM_BONDANNOTATIONS>
10  13  8
11  14  8
12  15  8
14  16  8
15  16  8
4  7  8
4  8  8
5  11  8
5  12  8
7  9  8
8  10  8
9  13  8

$$$$
