849
  Marvin  12300703363D          

 20 20  0  0  1  0            999 V2000
   -1.4316   -2.7631    0.9574 O   0  0  0  0  0  0  0  0  0  0  0  0
    0.2920   -2.2248    1.9401 O   0  0  0  0  0  0  0  0  0  0  0  0
   -1.2671   -0.1367   -0.0525 N   0  0  0  0  0  0  0  0  0  0  0  0
    1.3048   -0.5216   -0.1723 C   0  0  0  0  0  0  0  0  0  0  0  0
   -0.1471   -1.0978   -0.0967 C   0  0  1  0  0  0  0  0  0  0  0  0
    1.5124    1.0187   -0.1931 C   0  0  0  0  0  0  0  0  0  0  0  0
    0.2794    1.9588   -0.1538 C   0  0  0  0  0  0  0  0  0  0  0  0
   -1.1303    1.3216   -0.1735 C   0  0  0  0  0  0  0  0  0  0  0  0
   -0.4284   -2.0580    0.9665 C   0  0  0  0  0  0  0  0  0  0  0  0
    1.7809   -0.9315   -1.0696 H   0  0  0  0  0  0  0  0  0  0  0  0
    1.9301   -0.9213    0.6298 H   0  0  0  0  0  0  0  0  0  0  0  0
   -0.3005   -1.6490   -1.0303 H   0  0  0  0  0  0  0  0  0  0  0  0
    2.1612    1.2879    0.6469 H   0  0  0  0  0  0  0  0  0  0  0  0
    2.1077    1.2719   -1.0762 H   0  0  0  0  0  0  0  0  0  0  0  0
    0.3552    2.5978    0.7318 H   0  0  0  0  0  0  0  0  0  0  0  0
    0.3461    2.6557   -0.9958 H   0  0  0  0  0  0  0  0  0  0  0  0
   -1.7182    1.7235    0.6560 H   0  0  0  0  0  0  0  0  0  0  0  0
   -1.6602    1.6200   -1.0816 H   0  0  0  0  0  0  0  0  0  0  0  0
   -1.9691   -0.4388   -0.7348 H   0  0  0  0  0  0  0  0  0  0  0  0
   -2.0172   -2.7134    0.3016 H   0  0  0  0  0  0  0  0  0  0  0  0
  1  9  1  0  0  0  0
  1 20  1  0  0  0  0
  2  9  2  0  0  0  0
  3  5  1  0  0  0  0
  3  8  1  0  0  0  0
  3 19  1  0  0  0  0
  4  5  1  0  0  0  0
  4  6  1  0  0  0  0
  4 10  1  0  0  0  0
  4 11  1  0  0  0  0
  5  9  1  0  0  0  0
  5 12  1  0  0  0  0
  6  7  1  0  0  0  0
  6 13  1  0  0  0  0
  6 14  1  0  0  0  0
  7  8  1  0  0  0  0
  7 15  1  0  0  0  0
  7 16  1  0  0  0  0
  8 17  1  0  0  0  0
  8 18  1  0  0  0  0
M  END
> <PUBCHEM_BONDANNOTATIONS>
5  9  3

$$$$
