8601
  Marvin  12300703363D          

 20 21  0  0  0  0            999 V2000
   -2.6246    1.0167   -0.0000 O   0  0  0  0  0  0  0  0  0  0  0  0
    1.4032    3.2342    0.0000 O   0  0  0  0  0  0  0  0  0  0  0  0
   -0.6794   -0.2864   -0.0000 C   0  0  0  0  0  0  0  0  0  0  0  0
    0.7485   -0.2924    0.0000 C   0  0  0  0  0  0  0  0  0  0  0  0
   -1.3664    0.9546   -0.0000 C   0  0  0  0  0  0  0  0  0  0  0  0
    1.4530    0.9301    0.0000 C   0  0  0  0  0  0  0  0  0  0  0  0
   -1.3613   -1.5266    0.0000 C   0  0  0  0  0  0  0  0  0  0  0  0
    1.4490   -1.5205   -0.0000 C   0  0  0  0  0  0  0  0  0  0  0  0
    0.7617    2.1553   -0.0000 C   0  0  0  0  0  0  0  0  0  0  0  0
   -0.6447    2.1648    0.0000 C   0  0  0  0  0  0  0  0  0  0  0  0
   -0.6547   -2.7424    0.0000 C   0  0  0  0  0  0  0  0  0  0  0  0
    0.7499   -2.7388    0.0000 C   0  0  0  0  0  0  0  0  0  0  0  0
    2.4774    0.9408   -0.0000 H   0  0  0  0  0  0  0  0  0  0  0  0
   -2.3838   -1.5673   -0.0000 H   0  0  0  0  0  0  0  0  0  0  0  0
    2.4726   -1.5453   -0.0000 H   0  0  0  0  0  0  0  0  0  0  0  0
   -1.1437    3.0596    0.0000 H   0  0  0  0  0  0  0  0  0  0  0  0
   -1.1620   -3.6299   -0.0000 H   0  0  0  0  0  0  0  0  0  0  0  0
    1.2634   -3.6230   -0.0000 H   0  0  0  0  0  0  0  0  0  0  0  0
   -3.0423    1.7920    0.0000 H   0  0  0  0  0  0  0  0  0  0  0  0
    2.2841    3.2245    0.0000 H   0  0  0  0  0  0  0  0  0  0  0  0
  1  5  1  0  0  0  0
  1 19  1  0  0  0  0
  2  9  1  0  0  0  0
  2 20  1  0  0  0  0
  3  4  1  0  0  0  0
  3  5  1  0  0  0  0
  3  7  2  0  0  0  0
  4  6  1  0  0  0  0
  4  8  2  0  0  0  0
  5 10  2  0  0  0  0
  6  9  2  0  0  0  0
  6 13  1  0  0  0  0
  7 11  1  0  0  0  0
  7 14  1  0  0  0  0
  8 12  1  0  0  0  0
  8 15  1  0  0  0  0
  9 10  1  0  0  0  0
 10 16  1  0  0  0  0
 11 12  2  0  0  0  0
 11 17  1  0  0  0  0
 12 18  1  0  0  0  0
M  END
> <PUBCHEM_BONDANNOTATIONS>
11  12  8
3  4  8
3  5  8
3  7  8
4  6  8
4  8  8
5  10  8
6  9  8
7  11  8
8  12  8
9  10  8

$$$$
