
  ACD/Labs04281711072D

 13 14  0  0  0  0  0  0  0  0  1 V2000
    4.6127   -0.0069    0.0000 O   0  0  0  0  0  0  0  0  0  0  0  0
    6.9156   -0.0138    0.0000 O   0  0  0  0  0  0  0  0  0  0  0  0
    0.0000    0.0000    0.0000 N   0  0  0  0  0  0  0  0  0  0  0  0
    3.4509   -1.9986    0.0000 C   0  0  0  0  0  0  0  0  0  0  0  0
    3.4578   -0.6639    0.0000 C   0  0  0  0  0  0  0  0  0  0  0  0
    4.5989   -2.6694    0.0000 C   0  0  0  0  0  0  0  0  0  0  0  0
    5.7607   -0.6777    0.0000 C   0  0  0  0  0  0  0  0  0  0  0  0
    2.3098    0.0000    0.0000 C   0  0  0  0  0  0  0  0  0  0  0  0
    5.7538   -2.0055    0.0000 C   0  0  0  0  0  0  0  0  0  0  0  0
    2.3098   -2.6625    0.0000 C   0  0  0  0  0  0  0  0  0  0  0  0
    1.1549   -0.6639    0.0000 C   0  0  0  0  0  0  0  0  0  0  0  0
    1.1549   -1.9986    0.0000 C   0  0  0  0  0  0  0  0  0  0  0  0
    4.5920   -3.9972    0.0000 C   0  0  0  0  0  0  0  0  0  0  0  0
  1  5  1  0  0  0  0
  1  7  1  0  0  0  0
  2  7  2  0  0  0  0
  3 11  1  0  0  0  0
  4  5  2  0  0  0  0
  4  6  1  0  0  0  0
  4 10  1  0  0  0  0
  5  8  1  0  0  0  0
  6  9  2  0  0  0  0
  6 13  1  0  0  0  0
  7  9  1  0  0  0  0
  8 11  2  0  0  0  0
 10 12  2  0  0  0  0
 11 12  1  0  0  0  0
M  END
