8663
  Marvin  12300703363D          

 19 20  0  0  0  0            999 V2000
   -1.2234    3.3360   -0.0000 O   0  0  0  0  0  0  0  0  0  0  0  0
   -0.5861   -0.1977   -0.0000 C   0  0  0  0  0  0  0  0  0  0  0  0
    0.8409   -0.1938    0.0000 C   0  0  0  0  0  0  0  0  0  0  0  0
   -1.2846    1.0292    0.0000 C   0  0  0  0  0  0  0  0  0  0  0  0
    1.5288    1.0405    0.0000 C   0  0  0  0  0  0  0  0  0  0  0  0
   -1.2797   -1.4283    0.0000 C   0  0  0  0  0  0  0  0  0  0  0  0
    1.5346   -1.4251    0.0000 C   0  0  0  0  0  0  0  0  0  0  0  0
   -0.5878    2.2524    0.0000 C   0  0  0  0  0  0  0  0  0  0  0  0
    0.8193    2.2556   -0.0000 C   0  0  0  0  0  0  0  0  0  0  0  0
   -0.5747   -2.6445   -0.0000 C   0  0  0  0  0  0  0  0  0  0  0  0
    0.8303   -2.6429   -0.0000 C   0  0  0  0  0  0  0  0  0  0  0  0
   -2.3089    1.0419    0.0000 H   0  0  0  0  0  0  0  0  0  0  0  0
    2.5523    1.0719    0.0000 H   0  0  0  0  0  0  0  0  0  0  0  0
   -2.3031   -1.4563    0.0000 H   0  0  0  0  0  0  0  0  0  0  0  0
    2.5579   -1.4532   -0.0000 H   0  0  0  0  0  0  0  0  0  0  0  0
    1.3350    3.1399    0.0000 H   0  0  0  0  0  0  0  0  0  0  0  0
   -1.0856   -3.5305   -0.0000 H   0  0  0  0  0  0  0  0  0  0  0  0
    1.3394   -3.5299    0.0000 H   0  0  0  0  0  0  0  0  0  0  0  0
   -2.1046    3.3348   -0.0000 H   0  0  0  0  0  0  0  0  0  0  0  0
  1  8  1  0  0  0  0
  1 19  1  0  0  0  0
  2  3  1  0  0  0  0
  2  4  1  0  0  0  0
  2  6  2  0  0  0  0
  3  5  1  0  0  0  0
  3  7  2  0  0  0  0
  4  8  2  0  0  0  0
  4 12  1  0  0  0  0
  5  9  2  0  0  0  0
  5 13  1  0  0  0  0
  6 10  1  0  0  0  0
  6 14  1  0  0  0  0
  7 11  1  0  0  0  0
  7 15  1  0  0  0  0
  8  9  1  0  0  0  0
  9 16  1  0  0  0  0
 10 11  2  0  0  0  0
 10 17  1  0  0  0  0
 11 18  1  0  0  0  0
M  END
> <PUBCHEM_BONDANNOTATIONS>
10  11  8
2  3  8
2  4  8
2  6  8
3  5  8
3  7  8
4  8  8
5  9  8
6  10  8
7  11  8
8  9  8

$$$$
