
  ACD/Labs03221914022D

 11 12  0  0  0  0  0  0  0  0  1 V2000
    0.0000   -1.9926    0.0000 C   0  0  0  0  0  0  0  0  0  0  0  0
    0.0000   -0.6623    0.0000 C   0  0  0  0  0  0  0  0  0  0  0  0
    1.1518    0.0000    0.0000 C   0  0  0  0  0  0  0  0  0  0  0  0
    2.3093   -0.6623    0.0000 C   0  0  0  0  0  0  0  0  0  0  0  0
    3.4496    0.0000    0.0000 C   0  0  0  0  0  0  0  0  0  0  0  0
    4.6071   -0.6623    0.0000 C   0  0  0  0  0  0  0  0  0  0  0  0
    4.6071   -1.9926    0.0000 C   0  0  0  0  0  0  0  0  0  0  0  0
    3.4496   -2.6606    0.0000 C   0  0  0  0  0  0  0  0  0  0  0  0
    2.3093   -1.9926    0.0000 C   0  0  0  0  0  0  0  0  0  0  0  0
    1.1518   -2.6606    0.0000 C   0  0  0  0  0  0  0  0  0  0  0  0
    5.7589    0.0000    0.0000 O   0  0  0  0  0  0  0  0  0  0  0  0
  1  2  2  0  0  0  0
  1 10  1  0  0  0  0
  2  3  1  0  0  0  0
  3  4  2  0  0  0  0
  4  5  1  0  0  0  0
  4  9  1  0  0  0  0
  5  6  2  0  0  0  0
  6  7  1  0  0  0  0
  6 11  1  0  0  0  0
  7  8  2  0  0  0  0
  8  9  1  0  0  0  0
  9 10  2  0  0  0  0
M  END
