8892
  Marvin  12300703363D          

 20 19  0  0  0  0            999 V2000
   -3.3834    2.4987   -0.0000 O   0  0  0  0  0  0  0  0  0  0  0  0
   -3.5431    0.4288    0.0000 O   0  0  0  0  0  0  0  0  0  0  0  0
    0.7783   -0.1104   -0.0000 C   0  0  0  0  0  0  0  0  0  0  0  0
   -0.7679   -0.0848    0.0000 C   0  0  0  0  0  0  0  0  0  0  0  0
    1.3457   -1.5509   -0.0000 C   0  0  0  0  0  0  0  0  0  0  0  0
   -1.3709    1.3427    0.0000 C   0  0  0  0  0  0  0  0  0  0  0  0
    2.8865   -1.5824   -0.0000 C   0  0  0  0  0  0  0  0  0  0  0  0
   -2.8196    1.4126   -0.0000 C   0  0  0  0  0  0  0  0  0  0  0  0
    1.1448    0.4209    0.8833 H   0  0  0  0  0  0  0  0  0  0  0  0
    1.1448    0.4209   -0.8833 H   0  0  0  0  0  0  0  0  0  0  0  0
   -1.1264   -0.6197   -0.8846 H   0  0  0  0  0  0  0  0  0  0  0  0
   -1.1264   -0.6197    0.8846 H   0  0  0  0  0  0  0  0  0  0  0  0
    0.9842   -2.0868   -0.8823 H   0  0  0  0  0  0  0  0  0  0  0  0
    0.9842   -2.0868    0.8823 H   0  0  0  0  0  0  0  0  0  0  0  0
   -1.0045    1.8755    0.8821 H   0  0  0  0  0  0  0  0  0  0  0  0
   -1.0045    1.8755   -0.8821 H   0  0  0  0  0  0  0  0  0  0  0  0
    3.2396   -2.6145    0.0000 H   0  0  0  0  0  0  0  0  0  0  0  0
    3.2773   -1.0817   -0.8880 H   0  0  0  0  0  0  0  0  0  0  0  0
    3.2773   -1.0817    0.8880 H   0  0  0  0  0  0  0  0  0  0  0  0
   -2.9159    3.2440    0.0000 H   0  0  0  0  0  0  0  0  0  0  0  0
  1  8  1  0  0  0  0
  1 20  1  0  0  0  0
  2  8  2  0  0  0  0
  3  4  1  0  0  0  0
  3  5  1  0  0  0  0
  3  9  1  0  0  0  0
  3 10  1  0  0  0  0
  4  6  1  0  0  0  0
  4 11  1  0  0  0  0
  4 12  1  0  0  0  0
  5  7  1  0  0  0  0
  5 13  1  0  0  0  0
  5 14  1  0  0  0  0
  6  8  1  0  0  0  0
  6 15  1  0  0  0  0
  6 16  1  0  0  0  0
  7 17  1  0  0  0  0
  7 18  1  0  0  0  0
  7 19  1  0  0  0  0
M  END
$$$$
