96657
  Marvin  01040800003D          

 14 14  0  0  0  0            999 V2000
    1.9653    3.3682    0.0000 I   0  0  0  0  0  0  0  0  0  0  0  0
   -2.4004   -2.1495    0.0000 O   0  0  0  0  0  0  0  0  0  0  0  0
   -0.4930   -0.8624    0.0000 C   0  0  0  0  0  0  0  0  0  0  0  0
    0.9236   -0.8460    0.0000 C   0  0  0  0  0  0  0  0  0  0  0  0
   -1.1731    0.3807   -0.0000 C   0  0  0  0  0  0  0  0  0  0  0  0
    1.6352    0.3688    0.0000 C   0  0  0  0  0  0  0  0  0  0  0  0
   -0.4669    1.5963   -0.0000 C   0  0  0  0  0  0  0  0  0  0  0  0
    0.9386    1.5908    0.0000 C   0  0  0  0  0  0  0  0  0  0  0  0
   -1.1811   -2.0659    0.0000 C   0  0  0  0  0  0  0  0  0  0  0  0
    1.4627   -1.7175   -0.0000 H   0  0  0  0  0  0  0  0  0  0  0  0
   -2.1956    0.4243   -0.0000 H   0  0  0  0  0  0  0  0  0  0  0  0
    2.6573    0.3614   -0.0000 H   0  0  0  0  0  0  0  0  0  0  0  0
   -0.9814    2.4795    0.0000 H   0  0  0  0  0  0  0  0  0  0  0  0
   -0.6912   -2.9289   -0.0000 H   0  0  0  0  0  0  0  0  0  0  0  0
  1  8  1  0  0  0  0
  2  9  2  0  0  0  0
  3  4  2  0  0  0  0
  3  5  1  0  0  0  0
  3  9  1  0  0  0  0
  4  6  1  0  0  0  0
  4 10  1  0  0  0  0
  5  7  2  0  0  0  0
  5 11  1  0  0  0  0
  6  8  2  0  0  0  0
  6 12  1  0  0  0  0
  7  8  1  0  0  0  0
  7 13  1  0  0  0  0
  9 14  1  0  0  0  0
M  END
> <PUBCHEM_BONDANNOTATIONS>
3  4  8
3  5  8
4  6  8
5  7  8
6  8  8
7  8  8

$$$$
