9338
  Marvin  12300703363D          

 17 17  0  0  0  0            999 V2000
    1.6906   -1.5928   -0.0760 O   0  0  0  0  0  0  0  0  0  0  0  0
   -2.3890    0.7409   -0.0546 O   0  0  0  0  0  0  0  0  0  0  0  0
   -0.6993   -2.8137    0.4737 O   0  0  0  0  0  0  0  0  0  0  0  0
   -2.2363   -1.9363   -0.5584 O   0  0  0  0  0  0  0  0  0  0  0  0
   -0.4393   -0.5814   -0.0607 C   0  0  0  0  0  0  0  0  0  0  0  0
    0.9843   -0.5475   -0.0592 C   0  0  0  0  0  0  0  0  0  0  0  0
   -1.1298    0.6642   -0.0652 C   0  0  0  0  0  0  0  0  0  0  0  0
    1.6820    0.6770   -0.0538 C   0  0  0  0  0  0  0  0  0  0  0  0
   -0.4240    1.8845   -0.0607 C   0  0  0  0  0  0  0  0  0  0  0  0
    0.9792    1.8907   -0.0543 C   0  0  0  0  0  0  0  0  0  0  0  0
   -1.1325   -1.7945   -0.0512 C   0  0  0  0  0  0  0  0  0  0  0  0
    2.7059    0.6981   -0.0515 H   0  0  0  0  0  0  0  0  0  0  0  0
   -0.9211    2.7797   -0.0578 H   0  0  0  0  0  0  0  0  0  0  0  0
    1.4889    2.7772   -0.0500 H   0  0  0  0  0  0  0  0  0  0  0  0
    2.5700   -1.5544   -0.0712 H   0  0  0  0  0  0  0  0  0  0  0  0
   -2.8014    1.5189   -0.0476 H   0  0  0  0  0  0  0  0  0  0  0  0
    0.0717   -2.8104    0.8986 H   0  0  0  0  0  0  0  0  0  0  0  0
  1  6  1  0  0  0  0
  1 15  1  0  0  0  0
  2  7  1  0  0  0  0
  2 16  1  0  0  0  0
  3 11  1  0  0  0  0
  3 17  1  0  0  0  0
  4 11  2  0  0  0  0
  5  6  2  0  0  0  0
  5  7  1  0  0  0  0
  5 11  1  0  0  0  0
  6  8  1  0  0  0  0
  7  9  2  0  0  0  0
  8 10  2  0  0  0  0
  8 12  1  0  0  0  0
  9 10  1  0  0  0  0
  9 13  1  0  0  0  0
 10 14  1  0  0  0  0
M  END
> <PUBCHEM_BONDANNOTATIONS>
5  6  8
5  7  8
6  8  8
7  9  8
8  10  8
9  10  8

$$$$
