
  ACD/Labs04281711212D

 11 11  0  0  0  0  0  0  0  0  1 V2000
    1.9949   -4.6071    0.0000 O   0  0  0  0  0  0  0  0  0  0  0  0
    2.6583   -3.4553    0.0000 C   0  0  0  0  0  0  0  0  0  0  0  0
    3.9897   -3.4553    0.0000 O   0  0  0  0  0  0  0  0  0  0  0  0
    1.9949   -2.3035    0.0000 C   0  0  0  0  0  0  0  0  0  0  0  0
    2.6583   -1.1518    0.0000 C   0  0  0  0  0  0  0  0  0  0  0  0
    3.9897   -1.1518    0.0000 O   0  0  0  0  0  0  0  0  0  0  0  0
    1.9949    0.0000    0.0000 C   0  0  0  0  0  0  0  0  0  0  0  0
    0.6634    0.0000    0.0000 C   0  0  0  0  0  0  0  0  0  0  0  0
    0.0000   -1.1518    0.0000 C   0  0  0  0  0  0  0  0  0  0  0  0
    0.6634   -2.3035    0.0000 C   0  0  0  0  0  0  0  0  0  0  0  0
    0.0000   -3.4553    0.0000 O   0  0  0  0  0  0  0  0  0  0  0  0
  1  2  1  0  0  0  0
  2  3  2  0  0  0  0
  2  4  1  0  0  0  0
  4  5  1  0  0  0  0
  4 10  2  0  0  0  0
  5  6  1  0  0  0  0
  5  7  2  0  0  0  0
  7  8  1  0  0  0  0
  8  9  2  0  0  0  0
  9 10  1  0  0  0  0
 10 11  1  0  0  0  0
M  END
