
  1019              3D

 15 15  0  0  0  0  0  0  0  0999 V2000
    3.4322    0.0715   -0.0082 O   0  0  0  0  0  0  0  0  0  0  0  0
    3.4613   -1.2952   -0.0007 C   0  0  0  0  0  0  0  0  0  0  0  0
    4.6634   -2.0052   -0.0055 C   0  0  0  0  0  0  0  0  0  0  0  0
    6.3311   -1.1050   -0.0063 Br  0  0  0  0  0  0  0  0  0  0  0  0
    4.6521   -3.4030   -0.0036 C   0  0  0  0  0  0  0  0  0  0  0  0
    3.4354   -4.0901   -0.0006 C   0  0  0  0  0  0  0  0  0  0  0  0
    2.2296   -3.3877    0.0088 C   0  0  0  0  0  0  0  0  0  0  0  0
    2.2532   -1.9930    0.0142 C   0  0  0  0  0  0  0  0  0  0  0  0
    0.9820   -1.2658    0.0401 C   0  0  0  0  0  0  0  0  0  0  0  0
    0.6106   -0.6975    1.0580 O   0  0  0  0  0  0  0  0  0  0  0  0
    4.3480    0.3933    0.0524 H   0  0  0  0  0  0  0  0  0  0  0  0
    5.5787   -3.9720   -0.0040 H   0  0  0  0  0  0  0  0  0  0  0  0
    3.4295   -5.1766   -0.0022 H   0  0  0  0  0  0  0  0  0  0  0  0
    1.2910   -3.9347    0.0129 H   0  0  0  0  0  0  0  0  0  0  0  0
    0.4032   -1.2485   -0.8978 H   0  0  0  0  0  0  0  0  0  0  0  0
  1  2  1  0  0  0  0
  2  3  2  0  0  0  0
  2  8  1  0  0  0  0
  3  4  1  0  0  0  0
  3  5  1  0  0  0  0
  5  6  2  0  0  0  0
  6  7  1  0  0  0  0
  7  8  2  0  0  0  0
  8  9  1  0  0  0  0
  9 10  2  0  0  0  0
  1 11  1  0  0  0  0
  5 12  1  0  0  0  0
  6 13  1  0  0  0  0
  7 14  1  0  0  0  0
  9 15  1  0  0  0  0
M  END
>  <energy>
28.721029937079742

$$$$
