101494
  Marvin  01040808023D          

 11 11  0  0  0  0            999 V2000
    2.5891    1.5788   -0.1387 Br  0  0  0  0  0  0  0  0  0  0  0  0
   -2.4730   -1.1067    0.1236 O   0  0  0  0  0  0  0  0  0  0  0  0
   -0.2694   -1.2326    0.0607 N   0  0  0  0  0  0  0  0  0  0  0  0
   -1.3361    0.7703    0.0028 N   0  0  0  0  0  0  0  0  0  0  0  0
    0.9015   -0.6320    0.0025 C   0  0  0  0  0  0  0  0  0  0  0  0
    0.9764    0.7150   -0.0588 C   0  0  0  0  0  0  0  0  0  0  0  0
   -1.3922   -0.5433    0.0642 C   0  0  0  0  0  0  0  0  0  0  0  0
   -0.2083    1.4057   -0.0578 C   0  0  0  0  0  0  0  0  0  0  0  0
    1.7252   -1.1838    0.0046 H   0  0  0  0  0  0  0  0  0  0  0  0
   -0.2988   -2.1672    0.1004 H   0  0  0  0  0  0  0  0  0  0  0  0
   -0.2145    2.3959   -0.1034 H   0  0  0  0  0  0  0  0  0  0  0  0
  1  6  1  0  0  0  0
  2  7  2  0  0  0  0
  3  5  1  0  0  0  0
  3  7  1  0  0  0  0
  3 10  1  0  0  0  0
  4  7  1  0  0  0  0
  4  8  2  0  0  0  0
  5  6  2  0  0  0  0
  5  9  1  0  0  0  0
  6  8  1  0  0  0  0
  8 11  1  0  0  0  0
M  END
> <PUBCHEM_BONDANNOTATIONS>
3  5  8
3  7  8
4  7  8
4  8  8
5  6  8
6  8  8

$$$$
