9707
  Marvin  12300703363D          

 13 13  0  0  0  0            999 V2000
    1.5417   -2.1429   -0.0000 F   0  0  0  0  0  0  0  0  0  0  0  0
   -1.1934   -2.0837   -0.0000 O   0  0  0  0  0  0  0  0  0  0  0  0
   -0.5376   -1.0126    0.0000 C   0  0  0  0  0  0  0  0  0  0  0  0
    0.8739   -1.0194   -0.0000 C   0  0  0  0  0  0  0  0  0  0  0  0
   -1.2347    0.2118   -0.0000 C   0  0  0  0  0  0  0  0  0  0  0  0
    1.5794    0.2009    0.0000 C   0  0  0  0  0  0  0  0  0  0  0  0
   -0.5284    1.4275    0.0000 C   0  0  0  0  0  0  0  0  0  0  0  0
    0.8785    1.4226   -0.0000 C   0  0  0  0  0  0  0  0  0  0  0  0
   -2.2584    0.2257   -0.0000 H   0  0  0  0  0  0  0  0  0  0  0  0
    2.6022    0.2078   -0.0000 H   0  0  0  0  0  0  0  0  0  0  0  0
   -1.0398    2.3130   -0.0000 H   0  0  0  0  0  0  0  0  0  0  0  0
    1.3904    2.3071    0.0000 H   0  0  0  0  0  0  0  0  0  0  0  0
   -2.0738   -2.0579    0.0000 H   0  0  0  0  0  0  0  0  0  0  0  0
  1  4  1  0  0  0  0
  2  3  1  0  0  0  0
  2 13  1  0  0  0  0
  3  4  1  0  0  0  0
  3  5  2  0  0  0  0
  4  6  2  0  0  0  0
  5  7  1  0  0  0  0
  5  9  1  0  0  0  0
  6  8  1  0  0  0  0
  6 10  1  0  0  0  0
  7  8  2  0  0  0  0
  7 11  1  0  0  0  0
  8 12  1  0  0  0  0
M  END
> <PUBCHEM_BONDANNOTATIONS>
3  4  8
3  5  8
4  6  8
5  7  8
6  8  8
7  8  8

$$$$
