
  ACD/Labs04281710392D

  9  8  0  0  0  0  0  0  0  0  1 V2000
    9.2199   -0.6638    0.0000 O   0  0  0  0  0  0  0  0  0  0  0  0
    5.7624    0.0000    0.0000 C   0  0  0  0  0  0  0  0  0  0  0  0
    4.6099   -0.6638    0.0000 C   0  0  0  0  0  0  0  0  0  0  0  0
    6.9149   -0.6638    0.0000 C   0  0  0  0  0  0  0  0  0  0  0  0
    3.4575    0.0000    0.0000 C   0  0  0  0  0  0  0  0  0  0  0  0
    8.0674    0.0000    0.0000 C   0  0  0  0  0  0  0  0  0  0  0  0
    2.3050   -0.6638    0.0000 C   0  0  0  0  0  0  0  0  0  0  0  0
    1.1525    0.0000    0.0000 C   0  0  0  0  0  0  0  0  0  0  0  0
    0.0000   -0.6638    0.0000 C   0  0  0  0  0  0  0  0  0  0  0  0
  1  6  1  0  0  0  0
  2  3  1  0  0  0  0
  2  4  1  0  0  0  0
  3  5  1  0  0  0  0
  4  6  1  0  0  0  0
  5  7  1  0  0  0  0
  7  8  1  0  0  0  0
  8  9  1  0  0  0  0
M  END
