9796
  Marvin  12300703363D          

 15 15  0  0  0  0            999 V2000
    1.7111   -1.6255   -0.0954 F   0  0  0  0  0  0  0  0  0  0  0  0
   -2.4508    0.7485   -0.0540 F   0  0  0  0  0  0  0  0  0  0  0  0
   -0.7050   -2.8069    0.4683 O   0  0  0  0  0  0  0  0  0  0  0  0
   -2.2484   -1.9349   -0.5699 O   0  0  0  0  0  0  0  0  0  0  0  0
   -0.4553   -0.5834   -0.0681 C   0  0  0  0  0  0  0  0  0  0  0  0
    0.9672   -0.5485   -0.0696 C   0  0  0  0  0  0  0  0  0  0  0  0
   -1.1447    0.6605   -0.0693 C   0  0  0  0  0  0  0  0  0  0  0  0
    1.6666    0.6727   -0.0623 C   0  0  0  0  0  0  0  0  0  0  0  0
   -0.4422    1.8811   -0.0656 C   0  0  0  0  0  0  0  0  0  0  0  0
    0.9622    1.8869   -0.0611 C   0  0  0  0  0  0  0  0  0  0  0  0
   -1.1465   -1.7931   -0.0604 C   0  0  0  0  0  0  0  0  0  0  0  0
    2.6899    0.6875   -0.0609 H   0  0  0  0  0  0  0  0  0  0  0  0
   -0.9444    2.7725   -0.0624 H   0  0  0  0  0  0  0  0  0  0  0  0
    1.4719    2.7724   -0.0576 H   0  0  0  0  0  0  0  0  0  0  0  0
    0.0684   -2.7898    0.8882 H   0  0  0  0  0  0  0  0  0  0  0  0
  1  6  1  0  0  0  0
  2  7  1  0  0  0  0
  3 11  1  0  0  0  0
  3 15  1  0  0  0  0
  4 11  2  0  0  0  0
  5  6  2  0  0  0  0
  5  7  1  0  0  0  0
  5 11  1  0  0  0  0
  6  8  1  0  0  0  0
  7  9  2  0  0  0  0
  8 10  2  0  0  0  0
  8 12  1  0  0  0  0
  9 10  1  0  0  0  0
  9 13  1  0  0  0  0
 10 14  1  0  0  0  0
M  END
> <PUBCHEM_BONDANNOTATIONS>
5  6  8
5  7  8
6  8  8
7  9  8
8  10  8
9  10  8

$$$$
