
  ACD/Labs03221914022D

 11 12  0  0  0  0  0  0  0  0  1 V2000
    0.0106   -1.9268    0.0000 C   0  0  0  0  0  0  0  0  0  0  0  0
    0.0000   -3.2608    0.0000 C   0  0  0  0  0  0  0  0  0  0  0  0
    1.1540   -3.9330    0.0000 C   0  0  0  0  0  0  0  0  0  0  0  0
    2.3080   -3.2661    0.0000 C   0  0  0  0  0  0  0  0  0  0  0  0
    2.3132   -1.9374    0.0000 C   0  0  0  0  0  0  0  0  0  0  0  0
    1.1646   -1.2704    0.0000 C   0  0  0  0  0  0  0  0  0  0  0  0
    3.5731   -1.5351    0.0000 C   0  0  0  0  0  0  0  0  0  0  0  0
    4.3565   -2.6097    0.0000 C   0  0  0  0  0  0  0  0  0  0  0  0
    3.5731   -3.6843    0.0000 N   0  0  0  0  0  0  0  0  0  0  0  0
    3.9913   -0.2753    0.0000 C   0  0  0  0  0  0  0  0  0  0  0  0
    5.2935    0.0000    0.0000 O   0  0  0  0  0  0  0  0  0  0  0  0
  1  2  2  0  0  0  0
  1  6  1  0  0  0  0
  2  3  1  0  0  0  0
  3  4  2  0  0  0  0
  4  5  1  0  0  0  0
  4  9  1  0  0  0  0
  5  6  2  0  0  0  0
  5  7  1  0  0  0  0
  7  8  2  0  0  0  0
  7 10  1  0  0  0  0
  8  9  1  0  0  0  0
 10 11  2  0  0  0  0
M  END
