10256
  Marvin  12300703363D          

 18 19  0  0  0  0            999 V2000
   -2.3607    3.0350    0.0000 O   0  0  0  0  0  0  0  0  0  0  0  0
    1.4553    1.3331   -0.0000 N   0  0  0  0  0  0  0  0  0  0  0  0
   -0.3644    0.0559   -0.0000 C   0  0  0  0  0  0  0  0  0  0  0  0
    1.0347    0.0595    0.0000 C   0  0  0  0  0  0  0  0  0  0  0  0
   -0.7889    1.3859   -0.0000 C   0  0  0  0  0  0  0  0  0  0  0  0
    0.3847    2.1450   -0.0000 C   0  0  0  0  0  0  0  0  0  0  0  0
   -1.0778   -1.1594    0.0000 C   0  0  0  0  0  0  0  0  0  0  0  0
    1.7625   -1.1452   -0.0000 C   0  0  0  0  0  0  0  0  0  0  0  0
   -0.3591   -2.3713    0.0000 C   0  0  0  0  0  0  0  0  0  0  0  0
    1.0520   -2.3639   -0.0000 C   0  0  0  0  0  0  0  0  0  0  0  0
   -2.0868    1.8442    0.0000 C   0  0  0  0  0  0  0  0  0  0  0  0
    2.3806    1.6251   -0.0000 H   0  0  0  0  0  0  0  0  0  0  0  0
    0.4333    3.1661   -0.0000 H   0  0  0  0  0  0  0  0  0  0  0  0
   -2.0994   -1.1696   -0.0000 H   0  0  0  0  0  0  0  0  0  0  0  0
    2.7842   -1.1370    0.0000 H   0  0  0  0  0  0  0  0  0  0  0  0
   -0.8670   -3.2587    0.0000 H   0  0  0  0  0  0  0  0  0  0  0  0
    1.5615   -3.2500    0.0000 H   0  0  0  0  0  0  0  0  0  0  0  0
   -2.8447    1.2054    0.0000 H   0  0  0  0  0  0  0  0  0  0  0  0
  1 11  2  0  0  0  0
  2  4  1  0  0  0  0
  2  6  1  0  0  0  0
  2 12  1  0  0  0  0
  3  4  1  0  0  0  0
  3  5  1  0  0  0  0
  3  7  2  0  0  0  0
  4  8  2  0  0  0  0
  5  6  2  0  0  0  0
  5 11  1  0  0  0  0
  6 13  1  0  0  0  0
  7  9  1  0  0  0  0
  7 14  1  0  0  0  0
  8 10  1  0  0  0  0
  8 15  1  0  0  0  0
  9 10  2  0  0  0  0
  9 16  1  0  0  0  0
 10 17  1  0  0  0  0
 11 18  1  0  0  0  0
M  END
> <PUBCHEM_BONDANNOTATIONS>
2  4  8
2  6  8
3  4  8
3  5  8
3  7  8
4  8  8
5  6  8
7  9  8
8  10  8
9  10  8

$$$$
