10284
  Marvin  12300703363D          

 18 19  0  0  0  0            999 V2000
   -2.9200   -0.0180   -0.0769 O   0  0  0  0  0  0  0  0  0  0  0  0
   -1.6933    1.7616   -0.1422 N   0  0  0  0  0  0  0  0  0  0  0  0
   -0.6332   -0.3306    0.0147 C   0  0  0  0  0  0  0  0  0  0  0  0
    0.6185    0.3549   -0.0556 C   0  0  0  0  0  0  0  0  0  0  0  0
   -1.7925    0.4562   -0.0660 C   0  0  0  0  0  0  0  0  0  0  0  0
    0.6206    1.7508   -0.1590 C   0  0  0  0  0  0  0  0  0  0  0  0
   -0.6454   -1.7351    0.1696 C   0  0  0  0  0  0  0  0  0  0  0  0
    1.8208   -0.3862   -0.0044 C   0  0  0  0  0  0  0  0  0  0  0  0
   -0.5543    2.4084   -0.1892 C   0  0  0  0  0  0  0  0  0  0  0  0
    0.5600   -2.4543    0.2462 C   0  0  0  0  0  0  0  0  0  0  0  0
    1.7908   -1.7833    0.1486 C   0  0  0  0  0  0  0  0  0  0  0  0
    1.4707    2.2645   -0.2018 H   0  0  0  0  0  0  0  0  0  0  0  0
   -1.5254   -2.2526    0.2346 H   0  0  0  0  0  0  0  0  0  0  0  0
    2.7296    0.0785   -0.0715 H   0  0  0  0  0  0  0  0  0  0  0  0
   -2.4815    2.2657   -0.1663 H   0  0  0  0  0  0  0  0  0  0  0  0
   -0.5719    3.3998   -0.2473 H   0  0  0  0  0  0  0  0  0  0  0  0
    0.5418   -3.4677    0.3730 H   0  0  0  0  0  0  0  0  0  0  0  0
    2.6646   -2.3127    0.1935 H   0  0  0  0  0  0  0  0  0  0  0  0
  1  5  2  0  0  0  0
  2  5  1  0  0  0  0
  2  9  1  0  0  0  0
  2 15  1  0  0  0  0
  3  4  1  0  0  0  0
  3  5  1  0  0  0  0
  3  7  2  0  0  0  0
  4  6  1  0  0  0  0
  4  8  2  0  0  0  0
  6  9  2  0  0  0  0
  6 12  1  0  0  0  0
  7 10  1  0  0  0  0
  7 13  1  0  0  0  0
  8 11  1  0  0  0  0
  8 14  1  0  0  0  0
  9 16  1  0  0  0  0
 10 11  2  0  0  0  0
 10 17  1  0  0  0  0
 11 18  1  0  0  0  0
M  END
> <PUBCHEM_BONDANNOTATIONS>
10  11  8
2  5  8
2  9  8
3  4  8
3  5  8
3  7  8
4  6  8
4  8  8
6  9  8
7  10  8
8  11  8

$$$$
