
  ACD/Labs02211713402D

 11 12  0  0  0  0  0  0  0  0  1 V2000
    3.4575   -3.9876    0.0000 O   0  0  0  0  0  0  0  0  0  0  0  0
    3.4575   -2.6600    0.0000 C   0  0  0  0  0  0  0  0  0  0  0  0
    2.3050   -1.9915    0.0000 C   0  0  0  0  0  0  0  0  0  0  0  0
    2.3050   -0.6638    0.0000 C   0  0  0  0  0  0  0  0  0  0  0  0
    1.1525    0.0000    0.0000 C   0  0  0  0  0  0  0  0  0  0  0  0
    0.0000   -0.6638    0.0000 C   0  0  0  0  0  0  0  0  0  0  0  0
    0.0000   -1.9915    0.0000 C   0  0  0  0  0  0  0  0  0  0  0  0
    1.1525   -2.6600    0.0000 C   0  0  0  0  0  0  0  0  0  0  0  0
    3.4575    0.0000    0.0000 C   0  0  0  0  0  0  0  0  0  0  0  0
    4.6100   -0.6638    0.0000 C   0  0  0  0  0  0  0  0  0  0  0  0
    4.6100   -1.9915    0.0000 N   0  0  0  0  0  0  0  0  0  0  0  0
  1  2  1  0  0  0  0
  2  3  1  0  0  0  0
  2 11  2  0  0  0  0
  3  4  2  0  0  0  0
  3  8  1  0  0  0  0
  4  5  1  0  0  0  0
  4  9  1  0  0  0  0
  5  6  2  0  0  0  0
  6  7  1  0  0  0  0
  7  8  2  0  0  0  0
  9 10  2  0  0  0  0
 10 11  1  0  0  0  0
M  END
