10366
  Marvin  12300703363D          

 17 17  0  0  0  0            999 V2000
    3.1828   -1.4400   -0.3944 O   0  0  0  0  0  0  0  0  0  0  0  0
   -2.8385    2.0364   -0.3944 O   0  0  0  0  0  0  0  0  0  0  0  0
    3.2040    0.3842    0.5647 O   0  0  0  0  0  0  0  0  0  0  0  0
   -1.2693    2.9669    0.5647 O   0  0  0  0  0  0  0  0  0  0  0  0
   -0.9655   -1.6722    0.0989 N   0  0  0  0  0  0  0  0  0  0  0  0
    1.1423   -0.5090    0.1217 C   0  0  0  0  0  0  0  0  0  0  0  0
   -1.0119    0.7348    0.1217 C   0  0  0  0  0  0  0  0  0  0  0  0
    0.4047    0.7009    0.1477 C   0  0  0  0  0  0  0  0  0  0  0  0
    0.3880   -1.7048    0.1035 C   0  0  0  0  0  0  0  0  0  0  0  0
   -1.6704   -0.5164    0.1035 C   0  0  0  0  0  0  0  0  0  0  0  0
    2.5321   -0.5261    0.1020 C   0  0  0  0  0  0  0  0  0  0  0  0
   -1.7217    1.9298    0.1020 C   0  0  0  0  0  0  0  0  0  0  0  0
    0.9170    1.5883    0.1587 H   0  0  0  0  0  0  0  0  0  0  0  0
    0.8334   -2.6251    0.1001 H   0  0  0  0  0  0  0  0  0  0  0  0
   -2.6901   -0.5908    0.1001 H   0  0  0  0  0  0  0  0  0  0  0  0
    2.7859   -2.1130   -0.8002 H   0  0  0  0  0  0  0  0  0  0  0  0
   -3.2228    1.3562   -0.8002 H   0  0  0  0  0  0  0  0  0  0  0  0
  1 11  1  0  0  0  0
  1 16  1  0  0  0  0
  2 12  1  0  0  0  0
  2 17  1  0  0  0  0
  3 11  2  0  0  0  0
  4 12  2  0  0  0  0
  5  9  2  0  0  0  0
  5 10  1  0  0  0  0
  6  8  2  0  0  0  0
  6  9  1  0  0  0  0
  6 11  1  0  0  0  0
  7  8  1  0  0  0  0
  7 10  2  0  0  0  0
  7 12  1  0  0  0  0
  8 13  1  0  0  0  0
  9 14  1  0  0  0  0
 10 15  1  0  0  0  0
M  END
> <PUBCHEM_BONDANNOTATIONS>
5  10  8
5  9  8
6  8  8
6  9  8
7  10  8
7  8  8

$$$$
