C1CCCC1
JME 2017-11-16 Fri Mar 13 18:59:19 GMT-700 2020

  5  5  0  0  0  0  0  0  0  0999 V2000
    1.8326    0.0000    0.0000 C   0  0  0  0  0  0  0  0  0  0  0  0
    2.2652    1.3315    0.0000 C   0  0  0  0  0  0  0  0  0  0  0  0
    1.1326    2.1544    0.0000 C   0  0  0  0  0  0  0  0  0  0  0  0
    0.0000    1.3315    0.0000 C   0  0  0  0  0  0  0  0  0  0  0  0
    0.4326    0.0000    0.0000 C   0  0  0  0  0  0  0  0  0  0  0  0
  1  2  1  0  0  0  0
  2  3  1  0  0  0  0
  3  4  1  0  0  0  0
  4  5  1  0  0  0  0
  5  1  1  0  0  0  0
M  END
