10680
  Marvin  12300703363D          

 27 29  0  0  0  0            999 V2000
    0.0665   -0.6899   -0.1315 O   0  0  0  0  0  0  0  0  0  0  0  0
   -3.4196    0.9687   -0.1386 O   0  0  0  0  0  0  0  0  0  0  0  0
   -2.2332   -0.9811    0.0438 C   0  0  0  0  0  0  0  0  0  0  0  0
    0.0280    0.5789   -0.1619 C   0  0  0  0  0  0  0  0  0  0  0  0
   -0.9144   -1.5157   -0.0113 C   0  0  0  0  0  0  0  0  0  0  0  0
    1.2452    1.2749   -0.1802 C   0  0  0  0  0  0  0  0  0  0  0  0
   -2.3314    0.4116   -0.0853 C   0  0  0  0  0  0  0  0  0  0  0  0
   -1.1933    1.1737   -0.1390 C   0  0  0  0  0  0  0  0  0  0  0  0
   -3.3184   -1.8642    0.2485 C   0  0  0  0  0  0  0  0  0  0  0  0
   -0.6980   -2.9019    0.1024 C   0  0  0  0  0  0  0  0  0  0  0  0
    2.4006    0.7266    0.4380 C   0  0  0  0  0  0  0  0  0  0  0  0
    1.3908    2.5502   -0.7876 C   0  0  0  0  0  0  0  0  0  0  0  0
   -3.0946   -3.2439    0.4076 C   0  0  0  0  0  0  0  0  0  0  0  0
   -1.7876   -3.7622    0.3292 C   0  0  0  0  0  0  0  0  0  0  0  0
    3.6262    1.4190    0.4689 C   0  0  0  0  0  0  0  0  0  0  0  0
    2.6092    3.2539   -0.7576 C   0  0  0  0  0  0  0  0  0  0  0  0
    3.7282    2.6871   -0.1262 C   0  0  0  0  0  0  0  0  0  0  0  0
   -1.2808    2.1641   -0.1384 H   0  0  0  0  0  0  0  0  0  0  0  0
   -4.2776   -1.5121    0.2994 H   0  0  0  0  0  0  0  0  0  0  0  0
    0.2482   -3.2852    0.0370 H   0  0  0  0  0  0  0  0  0  0  0  0
    2.3711   -0.1894    0.8944 H   0  0  0  0  0  0  0  0  0  0  0  0
    0.6106    2.9985   -1.2732 H   0  0  0  0  0  0  0  0  0  0  0  0
   -3.8816   -3.8724    0.5844 H   0  0  0  0  0  0  0  0  0  0  0  0
   -1.6313   -4.7658    0.4452 H   0  0  0  0  0  0  0  0  0  0  0  0
    4.4412    1.0045    0.9269 H   0  0  0  0  0  0  0  0  0  0  0  0
    2.6818    4.1759   -1.1941 H   0  0  0  0  0  0  0  0  0  0  0  0
    4.6145    3.1963   -0.1008 H   0  0  0  0  0  0  0  0  0  0  0  0
  1  4  1  0  0  0  0
  1  5  1  0  0  0  0
  2  7  2  0  0  0  0
  3  5  1  0  0  0  0
  3  7  1  0  0  0  0
  3  9  2  0  0  0  0
  4  6  1  0  0  0  0
  4  8  2  0  0  0  0
  5 10  2  0  0  0  0
  6 11  2  0  0  0  0
  6 12  1  0  0  0  0
  7  8  1  0  0  0  0
  8 18  1  0  0  0  0
  9 13  1  0  0  0  0
  9 19  1  0  0  0  0
 10 14  1  0  0  0  0
 10 20  1  0  0  0  0
 11 15  1  0  0  0  0
 11 21  1  0  0  0  0
 12 16  2  0  0  0  0
 12 22  1  0  0  0  0
 13 14  2  0  0  0  0
 13 23  1  0  0  0  0
 14 24  1  0  0  0  0
 15 17  2  0  0  0  0
 15 25  1  0  0  0  0
 16 17  1  0  0  0  0
 16 26  1  0  0  0  0
 17 27  1  0  0  0  0
M  END
> <PUBCHEM_BONDANNOTATIONS>
1  4  8
1  5  8
10  14  8
11  15  8
12  16  8
13  14  8
15  17  8
16  17  8
3  5  8
3  7  8
3  9  8
4  8  8
5  10  8
6  11  8
6  12  8
7  8  8
9  13  8

$$$$
