11112
  Marvin  12300703363D          

 17 17  0  0  0  0            999 V2000
    1.9042   -1.5857   -0.0485 O   0  0  0  0  0  0  0  0  0  0  0  0
    1.9865    0.5685   -0.0520 N   0  0  0  0  0  0  0  0  0  0  0  0
   -2.2271   -1.6756   -0.0900 N   0  0  0  0  0  0  0  0  0  0  0  0
    3.1759    0.6947    0.4891 N   0  0  0  0  0  0  0  0  0  0  0  0
   -0.1074   -0.5050   -0.0972 C   0  0  0  0  0  0  0  0  0  0  0  0
   -0.8584    0.7009   -0.0913 C   0  0  0  0  0  0  0  0  0  0  0  0
    1.2913   -0.5239   -0.0717 C   0  0  0  0  0  0  0  0  0  0  0  0
   -0.8709   -1.7012   -0.0965 C   0  0  0  0  0  0  0  0  0  0  0  0
   -2.2646    0.7070   -0.0847 C   0  0  0  0  0  0  0  0  0  0  0  0
   -2.9393   -0.5235   -0.0837 C   0  0  0  0  0  0  0  0  0  0  0  0
   -0.3992    1.6149   -0.0841 H   0  0  0  0  0  0  0  0  0  0  0  0
   -0.4299   -2.6235   -0.0940 H   0  0  0  0  0  0  0  0  0  0  0  0
   -2.7845    1.5874   -0.0778 H   0  0  0  0  0  0  0  0  0  0  0  0
   -3.9596   -0.5587   -0.0770 H   0  0  0  0  0  0  0  0  0  0  0  0
    1.6018    1.3431   -0.4065 H   0  0  0  0  0  0  0  0  0  0  0  0
    3.0780    1.4261    1.1973 H   0  0  0  0  0  0  0  0  0  0  0  0
    3.8030    1.0544   -0.2315 H   0  0  0  0  0  0  0  0  0  0  0  0
  1  7  2  0  0  0  0
  2  4  1  0  0  0  0
  2  7  1  0  0  0  0
  2 15  1  0  0  0  0
  3  8  1  0  0  0  0
  3 10  2  0  0  0  0
  4 16  1  0  0  0  0
  4 17  1  0  0  0  0
  5  6  1  0  0  0  0
  5  7  1  0  0  0  0
  5  8  2  0  0  0  0
  6  9  2  0  0  0  0
  6 11  1  0  0  0  0
  8 12  1  0  0  0  0
  9 10  1  0  0  0  0
  9 13  1  0  0  0  0
 10 14  1  0  0  0  0
M  END
> <PUBCHEM_BONDANNOTATIONS>
3  10  8
3  8  8
5  6  8
5  8  8
6  9  8
9  10  8

$$$$
