
  ACD/Labs04281712362D

  7  7  0  0  0  0  0  0  0  0  1 V2000
    1.1527   -3.9886    0.0000 O   0  0  0  0  0  0  0  0  0  0  0  0
    1.1527   -2.6604    0.0000 C   0  0  0  0  0  0  0  0  0  0  0  0
    2.3054   -1.9943    0.0000 C   0  0  0  0  0  0  0  0  0  0  0  0
    2.3054   -0.6661    0.0000 C   0  0  0  0  0  0  0  0  0  0  0  0
    1.1527    0.0000    0.0000 N   0  0  0  0  0  0  0  0  0  0  0  0
    0.0000   -0.6661    0.0000 C   0  0  0  0  0  0  0  0  0  0  0  0
    0.0000   -1.9943    0.0000 C   0  0  0  0  0  0  0  0  0  0  0  0
  1  2  1  0  0  0  0
  2  3  2  0  0  0  0
  2  7  1  0  0  0  0
  3  4  1  0  0  0  0
  4  5  2  0  0  0  0
  5  6  1  0  0  0  0
  6  7  2  0  0  0  0
M  END
