
  ACD/Labs04281711142D

  9  9  0  0  0  0  0  0  0  0  1 V2000
    1.1965   -5.6704    0.0000 C   0  0  0  0  0  0  0  0  0  0  0  0
    0.7882   -4.4059    0.0000 O   0  0  0  0  0  0  0  0  0  0  0  0
    1.6784   -3.4193    0.0000 C   0  0  0  0  0  0  0  0  0  0  0  0
    2.9770   -3.6914    0.0000 O   0  0  0  0  0  0  0  0  0  0  0  0
    1.2645   -2.1548    0.0000 C   0  0  0  0  0  0  0  0  0  0  0  0
    2.0470   -1.0774    0.0000 C   0  0  0  0  0  0  0  0  0  0  0  0
    1.2645    0.0000    0.0000 C   0  0  0  0  0  0  0  0  0  0  0  0
    0.0000   -0.4083    0.0000 C   0  0  0  0  0  0  0  0  0  0  0  0
    0.0000   -1.7408    0.0000 N   0  0  0  0  0  0  0  0  0  0  0  0
  1  2  1  0  0  0  0
  2  3  1  0  0  0  0
  3  4  2  0  0  0  0
  3  5  1  0  0  0  0
  5  6  2  0  0  0  0
  5  9  1  0  0  0  0
  6  7  1  0  0  0  0
  7  8  2  0  0  0  0
  8  9  1  0  0  0  0
M  END
