136930
  Marvin  01010811133D          

 16 16  0  0  0  0            999 V2000
    0.4722   -1.6038   -0.3281 O   0  0  0  0  0  0  0  0  0  0  0  0
    2.0375   -0.4067    0.5540 O   0  0  0  0  0  0  0  0  0  0  0  0
   -1.3452    0.4248    0.2022 N   0  0  0  0  0  0  0  0  0  0  0  0
   -0.0027    0.5103    0.2754 C   0  0  0  0  0  0  0  0  0  0  0  0
    0.3043    1.8648    0.4235 C   0  0  0  0  0  0  0  0  0  0  0  0
   -1.9052    1.6417    0.2707 C   0  0  0  0  0  0  0  0  0  0  0  0
   -0.8877    2.5766    0.4029 C   0  0  0  0  0  0  0  0  0  0  0  0
    0.8776   -0.5464    0.1816 C   0  0  0  0  0  0  0  0  0  0  0  0
    1.1126   -2.7049   -0.7308 C   0  0  0  0  0  0  0  0  0  0  0  0
   -1.8421   -0.4032    0.1103 H   0  0  0  0  0  0  0  0  0  0  0  0
    1.2373    2.2732    0.5104 H   0  0  0  0  0  0  0  0  0  0  0  0
   -2.9056    1.8427    0.2284 H   0  0  0  0  0  0  0  0  0  0  0  0
   -0.9951    3.5904    0.4671 H   0  0  0  0  0  0  0  0  0  0  0  0
    0.3786   -3.3993   -1.1374 H   0  0  0  0  0  0  0  0  0  0  0  0
    1.8261   -2.4679   -1.5235 H   0  0  0  0  0  0  0  0  0  0  0  0
    1.6372   -3.1921    0.0931 H   0  0  0  0  0  0  0  0  0  0  0  0
  1  8  1  0  0  0  0
  1  9  1  0  0  0  0
  2  8  2  0  0  0  0
  3  4  1  0  0  0  0
  3  6  1  0  0  0  0
  3 10  1  0  0  0  0
  4  5  2  0  0  0  0
  4  8  1  0  0  0  0
  5  7  1  0  0  0  0
  5 11  1  0  0  0  0
  6  7  2  0  0  0  0
  6 12  1  0  0  0  0
  7 13  1  0  0  0  0
  9 14  1  0  0  0  0
  9 15  1  0  0  0  0
  9 16  1  0  0  0  0
M  END
> <PUBCHEM_BONDANNOTATIONS>
3  4  8
3  6  8
4  5  8
5  7  8
6  7  8

$$$$
