15074
  Marvin  12300703363D          

 15 15  0  0  0  0            999 V2000
    0.1329    2.6227   -0.1425 O   0  0  0  0  0  0  0  0  0  0  0  0
   -1.4584   -2.0691    0.0142 N   0  0  0  0  0  0  0  0  0  0  0  0
    1.9684    1.6322    0.0157 N   0  0  0  0  0  0  0  0  0  0  0  0
   -0.0218    0.3343   -0.0022 C   0  0  0  0  0  0  0  0  0  0  0  0
    0.6361   -0.9247    0.0076 C   0  0  0  0  0  0  0  0  0  0  0  0
   -1.4414    0.3177    0.0086 C   0  0  0  0  0  0  0  0  0  0  0  0
    0.6878    1.5367   -0.0391 C   0  0  0  0  0  0  0  0  0  0  0  0
   -0.1046   -2.1205    0.0124 C   0  0  0  0  0  0  0  0  0  0  0  0
   -2.1450   -0.9013    0.0137 C   0  0  0  0  0  0  0  0  0  0  0  0
    1.6554   -1.0021    0.0045 H   0  0  0  0  0  0  0  0  0  0  0  0
   -1.9898    1.1818    0.0102 H   0  0  0  0  0  0  0  0  0  0  0  0
    0.3645   -3.0281    0.0121 H   0  0  0  0  0  0  0  0  0  0  0  0
   -3.1663   -0.9187    0.0154 H   0  0  0  0  0  0  0  0  0  0  0  0
    2.3870    2.4576   -0.1271 H   0  0  0  0  0  0  0  0  0  0  0  0
    2.4952    0.8815    0.1967 H   0  0  0  0  0  0  0  0  0  0  0  0
  1  7  2  0  0  0  0
  2  8  2  0  0  0  0
  2  9  1  0  0  0  0
  3  7  1  0  0  0  0
  3 14  1  0  0  0  0
  3 15  1  0  0  0  0
  4  5  2  0  0  0  0
  4  6  1  0  0  0  0
  4  7  1  0  0  0  0
  5  8  1  0  0  0  0
  5 10  1  0  0  0  0
  6  9  2  0  0  0  0
  6 11  1  0  0  0  0
  8 12  1  0  0  0  0
  9 13  1  0  0  0  0
M  END
> <PUBCHEM_BONDANNOTATIONS>
2  8  8
2  9  8
4  5  8
4  6  8
5  8  8
6  9  8

$$$$
