2734334
  Marvin  12310702213D          

 16 16  0  0  0  0            999 V2000
    1.8871   -1.5485    0.0000 F   0  0  0  0  0  0  0  0  0  0  0  0
    2.1169    3.1406   -0.0000 F   0  0  0  0  0  0  0  0  0  0  0  0
   -1.6550   -2.0793    1.3276 O   0  0  0  0  0  0  0  0  0  0  0  0
   -1.6550   -2.0793   -1.3276 O   0  0  0  0  0  0  0  0  0  0  0  0
   -0.1384   -0.3156   -0.0000 C   0  0  0  0  0  0  0  0  0  0  0  0
    1.2722   -0.3958   -0.0000 C   0  0  0  0  0  0  0  0  0  0  0  0
   -0.7664    0.9453   -0.0000 C   0  0  0  0  0  0  0  0  0  0  0  0
    2.0409    0.7864   -0.0000 C   0  0  0  0  0  0  0  0  0  0  0  0
    0.0024    2.1225    0.0000 C   0  0  0  0  0  0  0  0  0  0  0  0
    1.4075    2.0453    0.0000 C   0  0  0  0  0  0  0  0  0  0  0  0
   -1.0755   -1.5840    0.0000 B   0  0  0  0  0  0  0  0  0  0  0  0
   -1.7870    1.0199    0.0000 H   0  0  0  0  0  0  0  0  0  0  0  0
    3.0632    0.7356    0.0000 H   0  0  0  0  0  0  0  0  0  0  0  0
   -0.4686    3.0301   -0.0000 H   0  0  0  0  0  0  0  0  0  0  0  0
   -2.1221   -2.9115    1.1059 H   0  0  0  0  0  0  0  0  0  0  0  0
   -2.1221   -2.9115   -1.1059 H   0  0  0  0  0  0  0  0  0  0  0  0
  1  6  1  0  0  0  0
  2 10  1  0  0  0  0
  3 11  1  0  0  0  0
  3 15  1  0  0  0  0
  4 11  1  0  0  0  0
  4 16  1  0  0  0  0
  5  6  2  0  0  0  0
  5  7  1  0  0  0  0
  5 11  1  0  0  0  0
  6  8  1  0  0  0  0
  7  9  2  0  0  0  0
  7 12  1  0  0  0  0
  8 10  2  0  0  0  0
  8 13  1  0  0  0  0
  9 10  1  0  0  0  0
  9 14  1  0  0  0  0
M  END
> <PUBCHEM_BONDANNOTATIONS>
5  6  8
5  7  8
6  8  8
7  9  8
8  10  8
9  10  8

$$$$
