
  ACD/Labs04281711052D

 14 14  0  0  0  0  0  0  0  0  2 V2000
    5.3199   -5.7552    0.0000 N   0  0  0  0  0  0  0  0  0  0  0  0
    3.9865   -5.7552    0.0000 N   0  0  0  0  0  0  0  0  0  0  0  0
    3.3232   -4.6083    0.0000 C   0  0  0  0  0  0  0  0  0  0  0  0
    3.9865   -3.4545    0.0000 C   0  0  0  0  0  0  0  0  0  0  0  0
    3.3232   -2.3007    0.0000 C   0  0  0  0  0  0  0  0  0  0  0  0
    1.9967   -2.3007    0.0000 C   0  0  0  0  0  0  0  0  0  0  0  0
    1.3265   -3.4545    0.0000 C   0  0  0  0  0  0  0  0  0  0  0  0
    1.9967   -4.6083    0.0000 C   0  0  0  0  0  0  0  0  0  0  0  0
    1.3265   -5.7552    0.0000 N   0  3  0  0  0  0  0  0  0  0  0  0
    0.0000   -5.7552    0.0000 O   0  5  0  0  0  0  0  0  0  0  0  0
    1.9967   -6.9090    0.0000 O   0  0  0  0  0  0  0  0  0  0  0  0
    1.3265   -1.1538    0.0000 N   0  3  0  0  0  0  0  0  0  0  0  0
    1.9967    0.0000    0.0000 O   0  5  0  0  0  0  0  0  0  0  0  0
    0.0000   -1.1538    0.0000 O   0  0  0  0  0  0  0  0  0  0  0  0
  1  2  1  0  0  0  0
  2  3  1  0  0  0  0
  3  4  1  0  0  0  0
  3  8  2  0  0  0  0
  4  5  2  0  0  0  0
  5  6  1  0  0  0  0
  6  7  2  0  0  0  0
  6 12  1  0  0  0  0
  7  8  1  0  0  0  0
  8  9  1  0  0  0  0
  9 10  1  0  0  0  0
  9 11  2  0  0  0  0
 12 13  1  0  0  0  0
 12 14  2  0  0  0  0
M  CHG  4   9   1  10  -1  12   1  13  -1
M  END
