68110
  Marvin  12310720203D          

 19 20  0  0  0  0            999 V2000
    1.6644    0.2531   -0.1568 O   0  0  0  0  0  0  0  0  0  0  0  0
   -1.8939    1.9966   -0.1040 O   0  0  0  0  0  0  0  0  0  0  0  0
    0.3653    2.3367   -0.1225 C   0  0  0  0  0  0  0  0  0  0  0  0
   -0.6722    0.0688   -0.0028 C   0  0  0  0  0  0  0  0  0  0  0  0
    1.7364    1.5929   -0.1412 C   0  0  0  0  0  0  0  0  0  0  0  0
    0.6333   -0.4888   -0.0753 C   0  0  0  0  0  0  0  0  0  0  0  0
   -0.7957    1.4562   -0.0771 C   0  0  0  0  0  0  0  0  0  0  0  0
   -1.7712   -0.8108    0.1552 C   0  0  0  0  0  0  0  0  0  0  0  0
    0.8209   -1.8847   -0.0312 C   0  0  0  0  0  0  0  0  0  0  0  0
   -1.5761   -2.2015    0.2507 C   0  0  0  0  0  0  0  0  0  0  0  0
   -0.2818   -2.7380    0.1457 C   0  0  0  0  0  0  0  0  0  0  0  0
    0.3262    2.9990    0.7472 H   0  0  0  0  0  0  0  0  0  0  0  0
    0.2931    2.9691   -1.0119 H   0  0  0  0  0  0  0  0  0  0  0  0
    2.3218    1.8661    0.7405 H   0  0  0  0  0  0  0  0  0  0  0  0
    2.3168    1.8980   -1.0146 H   0  0  0  0  0  0  0  0  0  0  0  0
   -2.7279   -0.4539    0.2130 H   0  0  0  0  0  0  0  0  0  0  0  0
    1.7583   -2.2871   -0.1151 H   0  0  0  0  0  0  0  0  0  0  0  0
   -2.3757   -2.8220    0.3969 H   0  0  0  0  0  0  0  0  0  0  0  0
   -0.1420   -3.7497    0.2033 H   0  0  0  0  0  0  0  0  0  0  0  0
  1  5  1  0  0  0  0
  1  6  1  0  0  0  0
  2  7  2  0  0  0  0
  3  5  1  0  0  0  0
  3  7  1  0  0  0  0
  3 12  1  0  0  0  0
  3 13  1  0  0  0  0
  4  6  1  0  0  0  0
  4  7  1  0  0  0  0
  4  8  2  0  0  0  0
  5 14  1  0  0  0  0
  5 15  1  0  0  0  0
  6  9  2  0  0  0  0
  8 10  1  0  0  0  0
  8 16  1  0  0  0  0
  9 11  1  0  0  0  0
  9 17  1  0  0  0  0
 10 11  2  0  0  0  0
 10 18  1  0  0  0  0
 11 19  1  0  0  0  0
M  END
> <PUBCHEM_BONDANNOTATIONS>
10  11  8
4  6  8
4  8  8
6  9  8
8  10  8
9  11  8

$$$$
