69687
  Marvin  12310720203D          

 19 19  0  0  0  0            999 V2000
    2.1056   -1.4416    0.1176 O   0  0  0  0  0  0  0  0  0  0  0  0
   -1.9165    0.9943    0.2532 O   0  0  0  0  0  0  0  0  0  0  0  0
   -0.2788   -2.5908    0.6721 O   0  0  0  0  0  0  0  0  0  0  0  0
   -0.0076   -0.3923    0.1412 C   0  0  0  0  0  0  0  0  0  0  0  0
    1.4182   -0.3838    0.1350 C   0  0  0  0  0  0  0  0  0  0  0  0
   -0.6644    0.8723    0.1787 C   0  0  0  0  0  0  0  0  0  0  0  0
   -0.7257   -1.5989    0.1104 C   0  0  0  0  0  0  0  0  0  0  0  0
    2.1428    0.8267    0.1297 C   0  0  0  0  0  0  0  0  0  0  0  0
    0.0641    2.0775    0.1527 C   0  0  0  0  0  0  0  0  0  0  0  0
    1.4665    2.0550    0.1269 C   0  0  0  0  0  0  0  0  0  0  0  0
   -1.9981   -1.8266   -0.5539 C   0  0  0  0  0  0  0  0  0  0  0  0
    3.1666    0.8289    0.1218 H   0  0  0  0  0  0  0  0  0  0  0  0
   -0.4150    2.9823    0.1568 H   0  0  0  0  0  0  0  0  0  0  0  0
    1.9913    2.9322    0.1095 H   0  0  0  0  0  0  0  0  0  0  0  0
   -1.9207   -2.6649   -1.2486 H   0  0  0  0  0  0  0  0  0  0  0  0
   -2.7675   -2.0538    0.1872 H   0  0  0  0  0  0  0  0  0  0  0  0
   -2.3425   -0.9833   -1.1522 H   0  0  0  0  0  0  0  0  0  0  0  0
    2.9864   -1.4177    0.1121 H   0  0  0  0  0  0  0  0  0  0  0  0
   -2.3046    1.7844    0.2495 H   0  0  0  0  0  0  0  0  0  0  0  0
  1  5  1  0  0  0  0
  1 18  1  0  0  0  0
  2  6  1  0  0  0  0
  2 19  1  0  0  0  0
  3  7  2  0  0  0  0
  4  5  2  0  0  0  0
  4  6  1  0  0  0  0
  4  7  1  0  0  0  0
  5  8  1  0  0  0  0
  6  9  2  0  0  0  0
  7 11  1  0  0  0  0
  8 10  2  0  0  0  0
  8 12  1  0  0  0  0
  9 10  1  0  0  0  0
  9 13  1  0  0  0  0
 10 14  1  0  0  0  0
 11 15  1  0  0  0  0
 11 16  1  0  0  0  0
 11 17  1  0  0  0  0
M  END
> <PUBCHEM_BONDANNOTATIONS>
4  5  8
4  6  8
5  8  8
6  9  8
8  10  8
9  10  8

$$$$
