
  ACD/Labs06251410122D

 20 22  0  0  0  0  0  0  0  0  1 V2000
    1.9903   -4.6085    0.0000 O   0  0  0  0  0  0  0  0  0  0  0  0
    2.6608   -3.4590    0.0000 C   0  0  0  0  0  0  0  0  0  0  0  0
    1.9903   -2.3096    0.0000 C   0  0  0  0  0  0  0  0  0  0  0  0
    2.6608   -1.1495    0.0000 C   0  0  0  0  0  0  0  0  0  0  0  0
    1.9903    0.0000    0.0000 C   0  0  0  0  0  0  0  0  0  0  0  0
    0.6599    0.0000    0.0000 C   0  0  0  0  0  0  0  0  0  0  0  0
    0.0000   -1.1495    0.0000 C   0  0  0  0  0  0  0  0  0  0  0  0
    0.6599   -2.3096    0.0000 C   0  0  0  0  0  0  0  0  0  0  0  0
    3.9912   -3.4590    0.0000 C   0  0  0  0  0  0  0  0  0  0  0  0
    4.6511   -4.6085    0.0000 C   0  0  0  0  0  0  0  0  0  0  0  0
    5.9815   -4.6085    0.0000 C   0  0  0  0  0  0  0  0  0  0  0  0
    6.6520   -3.4590    0.0000 C   0  0  0  0  0  0  0  0  0  0  0  0
    5.9815   -2.3096    0.0000 C   0  0  0  0  0  0  0  0  0  0  0  0
    4.6511   -2.3096    0.0000 C   0  0  0  0  0  0  0  0  0  0  0  0
    7.9824   -3.4590    0.0000 C   0  0  0  0  0  0  0  0  0  0  0  0
    8.6423   -4.6085    0.0000 C   0  0  0  0  0  0  0  0  0  0  0  0
    9.9727   -4.6085    0.0000 C   0  0  0  0  0  0  0  0  0  0  0  0
   10.6432   -3.4590    0.0000 C   0  0  0  0  0  0  0  0  0  0  0  0
    9.9727   -2.3096    0.0000 C   0  0  0  0  0  0  0  0  0  0  0  0
    8.6423   -2.3096    0.0000 C   0  0  0  0  0  0  0  0  0  0  0  0
  1  2  2  0  0  0  0
  2  3  1  0  0  0  0
  2  9  1  0  0  0  0
  3  4  1  0  0  0  0
  3  8  2  0  0  0  0
  4  5  2  0  0  0  0
  5  6  1  0  0  0  0
  6  7  2  0  0  0  0
  7  8  1  0  0  0  0
  9 10  1  0  0  0  0
  9 14  2  0  0  0  0
 10 11  2  0  0  0  0
 11 12  1  0  0  0  0
 12 13  2  0  0  0  0
 12 15  1  0  0  0  0
 13 14  1  0  0  0  0
 15 16  1  0  0  0  0
 15 20  2  0  0  0  0
 16 17  2  0  0  0  0
 17 18  1  0  0  0  0
 18 19  2  0  0  0  0
 19 20  1  0  0  0  0
M  END
