78281
  Marvin  01030820523D          

 13 13  0  0  0  0            999 V2000
   -0.9262   -1.1643    0.0000 S   0  0  0  0  0  0  0  0  0  0  0  0
    2.8166   -1.8833    0.0000 O   0  5  0  0  0  0  0  0  0  0  0  0
    1.2938   -3.1255    0.0000 O   0  0  0  0  0  0  0  0  0  0  0  0
   -2.5287    2.3612   -0.0000 O   0  0  0  0  0  0  0  0  0  0  0  0
    1.6528   -2.0153    0.0000 N   0  3  0  0  0  0  0  0  0  0  0  0
    0.8040   -0.9893   -0.0000 C   0  0  0  0  0  0  0  0  0  0  0  0
   -1.1330    0.5573   -0.0000 C   0  0  0  0  0  0  0  0  0  0  0  0
    1.1705    0.3587    0.0000 C   0  0  0  0  0  0  0  0  0  0  0  0
    0.0889    1.2265   -0.0000 C   0  0  0  0  0  0  0  0  0  0  0  0
   -2.3751    1.1493    0.0000 C   0  0  0  0  0  0  0  0  0  0  0  0
    2.1371    0.6907   -0.0000 H   0  0  0  0  0  0  0  0  0  0  0  0
    0.1935    2.2434   -0.0000 H   0  0  0  0  0  0  0  0  0  0  0  0
   -3.1944    0.5907    0.0000 H   0  0  0  0  0  0  0  0  0  0  0  0
  1  6  1  0  0  0  0
  1  7  1  0  0  0  0
  2  5  1  0  0  0  0
  3  5  2  0  0  0  0
  4 10  2  0  0  0  0
  5  6  1  0  0  0  0
  6  8  2  0  0  0  0
  7  9  2  0  0  0  0
  7 10  1  0  0  0  0
  8  9  1  0  0  0  0
  8 11  1  0  0  0  0
  9 12  1  0  0  0  0
 10 13  1  0  0  0  0
M  CHG  2   2  -1   5   1
M  END
> <PUBCHEM_BONDANNOTATIONS>
1  6  8
1  7  8
6  8  8
7  9  8
8  9  8

$$$$
