8369
  Marvin  12300703363D          

 15 15  0  0  0  0            999 V2000
    1.1346    0.7022    0.3378 O   0  0  0  0  0  0  0  0  0  0  0  0
   -1.2438   -1.4893   -0.6852 O   0  0  0  0  0  0  0  0  0  0  0  0
   -2.6887    0.5638    0.1705 O   0  0  0  0  0  0  0  0  0  0  0  0
    0.6433   -0.3699   -0.1443 C   0  0  0  0  0  0  0  0  0  0  0  0
   -0.7087   -0.4780   -0.2288 C   0  0  0  0  0  0  0  0  0  0  0  0
    1.5933   -1.3863   -0.5620 C   0  0  0  0  0  0  0  0  0  0  0  0
   -1.4655    0.5886    0.2162 C   0  0  0  0  0  0  0  0  0  0  0  0
   -0.8495    1.7060    0.7225 C   0  0  0  0  0  0  0  0  0  0  0  0
    0.4990    1.7120    0.7623 C   0  0  0  0  0  0  0  0  0  0  0  0
    2.2036   -1.6964    0.2879 H   0  0  0  0  0  0  0  0  0  0  0  0
    2.2481   -0.9868   -1.3381 H   0  0  0  0  0  0  0  0  0  0  0  0
    1.1244   -2.2852   -0.9670 H   0  0  0  0  0  0  0  0  0  0  0  0
   -1.3684    2.4886    1.0510 H   0  0  0  0  0  0  0  0  0  0  0  0
    0.9969    2.4940    1.1183 H   0  0  0  0  0  0  0  0  0  0  0  0
   -2.1185   -1.5633   -0.7411 H   0  0  0  0  0  0  0  0  0  0  0  0
  1  4  1  0  0  0  0
  1  9  1  0  0  0  0
  2  5  1  0  0  0  0
  2 15  1  0  0  0  0
  3  7  2  0  0  0  0
  4  5  2  0  0  0  0
  4  6  1  0  0  0  0
  5  7  1  0  0  0  0
  6 10  1  0  0  0  0
  6 11  1  0  0  0  0
  6 12  1  0  0  0  0
  7  8  1  0  0  0  0
  8  9  2  0  0  0  0
  8 13  1  0  0  0  0
  9 14  1  0  0  0  0
M  END
> <PUBCHEM_BONDANNOTATIONS>
1  4  8
1  9  8
4  5  8
5  7  8
7  8  8
8  9  8

$$$$
