
  ACD/Labs03221914022D

  8  8  0  0  0  0  0  0  0  0  1 V2000
    3.4560   -3.3243    0.0000 C   0  0  0  0  0  0  0  0  0  0  0  0
    2.3066   -3.9907    0.0000 C   0  0  0  0  0  0  0  0  0  0  0  0
    1.1533   -3.3243    0.0000 C   0  0  0  0  0  0  0  0  0  0  0  0
    1.1533   -1.9954    0.0000 C   0  0  0  0  0  0  0  0  0  0  0  0
    2.3066   -1.3289    0.0000 C   0  0  0  0  0  0  0  0  0  0  0  0
    3.4560   -1.9954    0.0000 C   0  0  0  0  0  0  0  0  0  0  0  0
    2.3066    0.0000    0.0000 F   0  0  0  0  0  0  0  0  0  0  0  0
    0.0000   -1.3289    0.0000 O   0  0  0  0  0  0  0  0  0  0  0  0
  1  2  2  0  0  0  0
  1  6  1  0  0  0  0
  2  3  1  0  0  0  0
  3  4  2  0  0  0  0
  4  5  1  0  0  0  0
  4  8  1  0  0  0  0
  5  6  2  0  0  0  0
  5  7  1  0  0  0  0
M  END
