9743
  Marvin  12300703363D          

 13 13  0  0  0  0            999 V2000
    2.7674    0.2588    0.0000 F   0  0  0  0  0  0  0  0  0  0  0  0
   -1.2598   -2.0670    0.0000 O   0  0  0  0  0  0  0  0  0  0  0  0
   -0.6461   -0.9721   -0.0000 C   0  0  0  0  0  0  0  0  0  0  0  0
    0.7619   -0.9635    0.0000 C   0  0  0  0  0  0  0  0  0  0  0  0
   -1.3570    0.2461    0.0000 C   0  0  0  0  0  0  0  0  0  0  0  0
    1.4628    0.2582   -0.0000 C   0  0  0  0  0  0  0  0  0  0  0  0
   -0.6565    1.4676   -0.0000 C   0  0  0  0  0  0  0  0  0  0  0  0
    0.7513    1.4739   -0.0000 C   0  0  0  0  0  0  0  0  0  0  0  0
    1.2800   -1.8466   -0.0000 H   0  0  0  0  0  0  0  0  0  0  0  0
   -2.3801    0.2517   -0.0000 H   0  0  0  0  0  0  0  0  0  0  0  0
   -1.1704    2.3518    0.0000 H   0  0  0  0  0  0  0  0  0  0  0  0
    1.2542    2.3643    0.0000 H   0  0  0  0  0  0  0  0  0  0  0  0
   -0.8078   -2.8231   -0.0000 H   0  0  0  0  0  0  0  0  0  0  0  0
  1  6  1  0  0  0  0
  2  3  1  0  0  0  0
  2 13  1  0  0  0  0
  3  4  2  0  0  0  0
  3  5  1  0  0  0  0
  4  6  1  0  0  0  0
  4  9  1  0  0  0  0
  5  7  2  0  0  0  0
  5 10  1  0  0  0  0
  6  8  2  0  0  0  0
  7  8  1  0  0  0  0
  7 11  1  0  0  0  0
  8 12  1  0  0  0  0
M  END
> <PUBCHEM_BONDANNOTATIONS>
3  4  8
3  5  8
4  6  8
5  7  8
6  8  8
7  8  8

$$$$
