
  Ketcher 08291811042D 1   1.00000     0.00000     0

 13 13  0     0  0            999 V2000
    4.4977   -3.4633    0.0000 C   0  0  0  0  0  0  0        0  0  0
    3.9985   -2.5997    0.0000 C   0  0  0  0  0  0  0        0  0  0
    4.4977   -1.7317    0.0000 O   0  0  0  0  0  0  0        0  0  0
    3.0000   -2.5997    0.0000 O   0  0  0  0  0  0  0        0  0  0
    2.5008   -1.7317    0.0000 C   0  0  0  0  0  0  0        0  0  0
    3.0000   -0.8680    0.0000 C   0  0  0  0  0  0  0        0  0  0
    2.5008    0.0000    0.0000 C   0  0  0  0  0  0  0        0  0  0
    1.4977    0.0000    0.0000 C   0  0  0  0  0  0  0        0  0  0
    0.9985   -0.8680    0.0000 C   0  0  0  0  0  0  0        0  0  0
    1.4977   -1.7317    0.0000 C   0  0  0  0  0  0  0        0  0  0
    0.9985   -2.5997    0.0000 C   0  0  0  0  0  0  0        0  0  0
    0.0000   -2.5997    0.0000 O   0  0  0  0  0  0  0        0  0  0
    1.4977   -3.4633    0.0000 O   0  0  0  0  0  0  0        0  0  0
  1  2  1  0     0  0
  2  3  2  0     0  0
  2  4  1  0     0  0
  4  5  1  0     0  0
  5  6  1  0     0  0
  5 10  2  0     0  0
  6  7  2  0     0  0
  7  8  1  0     0  0
  8  9  2  0     0  0
  9 10  1  0     0  0
 10 11  1  0     0  0
 11 12  1  0     0  0
 11 13  2  0     0  0
M  END
