1201546
  Marvin  01010805553D          

 10 10  0  0  0  0            999 V2000
   -0.6776    1.4375    0.7374 S   0  0  0  0  0  0  0  0  0  0  0  0
   -2.7616    0.4658   -1.1467 S   0  0  0  0  0  0  0  0  0  0  0  0
    1.5150   -1.4852   -0.2163 O   0  0  0  0  0  0  0  0  0  0  0  0
   -0.4850   -0.7013   -0.5941 N   0  0  0  0  0  0  0  0  0  0  0  0
    0.8942    0.5562    0.7358 C   0  0  0  0  0  0  0  0  0  0  0  0
    0.6670   -0.6224   -0.0502 C   0  0  0  0  0  0  0  0  0  0  0  0
   -1.2579    0.2881   -0.3727 C   0  0  0  0  0  0  0  0  0  0  0  0
    1.1820    0.3060    1.7585 H   0  0  0  0  0  0  0  0  0  0  0  0
    1.6621    1.1816    0.2766 H   0  0  0  0  0  0  0  0  0  0  0  0
   -0.7382   -1.4262   -1.1283 H   0  0  0  0  0  0  0  0  0  0  0  0
  1  5  1  0  0  0  0
  1  7  1  0  0  0  0
  2  7  2  0  0  0  0
  3  6  2  0  0  0  0
  4  6  1  0  0  0  0
  4  7  1  0  0  0  0
  4 10  1  0  0  0  0
  5  6  1  0  0  0  0
  5  8  1  0  0  0  0
  5  9  1  0  0  0  0
M  END
$$$$
