
  ACD/Labs03221914022D

  7  7  0  0  0  0  0  0  0  0  1 V2000
    1.4949   -1.9606    0.0000 C   0  0  0  0  0  0  0  0  0  0  0  0
    1.2155   -0.6659    0.0000 C   0  0  0  0  0  0  0  0  0  0  0  0
    2.3704    0.0000    0.0000 N   0  0  0  0  0  0  0  0  0  0  0  0
    3.3530   -0.8895    0.0000 C   0  0  0  0  0  0  0  0  0  0  0  0
    4.6569   -0.6101    0.0000 S   0  0  0  0  0  0  0  0  0  0  0  0
    2.8174   -2.1096    0.0000 S   0  0  0  0  0  0  0  0  0  0  0  0
    0.0000   -0.1257    0.0000 O   0  0  0  0  0  0  0  0  0  0  0  0
  1  2  1  0  0  0  0
  1  6  1  0  0  0  0
  2  3  2  0  0  0  0
  2  7  1  0  0  0  0
  3  4  1  0  0  0  0
  4  5  2  0  0  0  0
  4  6  1  0  0  0  0
M  END
