
  ACD/Labs03221914022D

  9  9  0  0  0  0  0  0  0  0  1 V2000
    4.6091   -0.6683    0.0000 C   0  0  0  0  0  0  0  0  0  0  0  0
    4.6091   -1.9957    0.0000 C   0  0  0  0  0  0  0  0  0  0  0  0
    3.4568   -2.6594    0.0000 N   0  0  0  0  0  0  0  0  0  0  0  0
    2.3045   -1.9957    0.0000 C   0  0  0  0  0  0  0  0  0  0  0  0
    2.3045   -0.6683    0.0000 C   0  0  0  0  0  0  0  0  0  0  0  0
    3.4568    0.0000    0.0000 N   0  0  0  0  0  0  0  0  0  0  0  0
    1.1523   -2.6594    0.0000 C   0  0  0  0  0  0  0  0  0  0  0  0
    0.0000   -1.9957    0.0000 N   0  0  0  0  0  0  0  0  0  0  0  0
    1.1523   -3.9915    0.0000 O   0  0  0  0  0  0  0  0  0  0  0  0
  1  2  2  0  0  0  0
  1  6  1  0  0  0  0
  2  3  1  0  0  0  0
  3  4  2  0  0  0  0
  4  5  1  0  0  0  0
  4  7  1  0  0  0  0
  5  6  2  0  0  0  0
  7  8  2  0  0  0  0
  7  9  1  0  0  0  0
M  END
