1046
  Marvin  12300703363D          

 14 14  0  0  0  0            999 V2000
    0.1676   -2.6109    0.5161 O   0  0  0  0  0  0  0  0  0  0  0  0
   -1.3207   -0.3483    0.1410 N   0  0  0  0  0  0  0  0  0  0  0  0
   -0.0323    2.0124    0.1003 N   0  0  0  0  0  0  0  0  0  0  0  0
    1.8669   -1.7458   -0.4224 N   0  0  0  0  0  0  0  0  0  0  0  0
    0.0418   -0.3798    0.1103 C   0  0  0  0  0  0  0  0  0  0  0  0
    0.7023    0.8715    0.0983 C   0  0  0  0  0  0  0  0  0  0  0  0
    0.6962   -1.5987    0.0803 C   0  0  0  0  0  0  0  0  0  0  0  0
   -2.0634    0.7872    0.1392 C   0  0  0  0  0  0  0  0  0  0  0  0
   -1.3880    2.0186    0.1145 C   0  0  0  0  0  0  0  0  0  0  0  0
    1.7211    0.9486    0.0945 H   0  0  0  0  0  0  0  0  0  0  0  0
   -3.0836    0.7397    0.1510 H   0  0  0  0  0  0  0  0  0  0  0  0
   -1.8978    2.9038    0.1076 H   0  0  0  0  0  0  0  0  0  0  0  0
    2.2997   -1.0196   -0.8262 H   0  0  0  0  0  0  0  0  0  0  0  0
    2.2903   -2.5787   -0.4044 H   0  0  0  0  0  0  0  0  0  0  0  0
  1  7  2  0  0  0  0
  2  5  2  0  0  0  0
  2  8  1  0  0  0  0
  3  6  2  0  0  0  0
  3  9  1  0  0  0  0
  4  7  1  0  0  0  0
  4 13  1  0  0  0  0
  4 14  1  0  0  0  0
  5  6  1  0  0  0  0
  5  7  1  0  0  0  0
  6 10  1  0  0  0  0
  8  9  2  0  0  0  0
  8 11  1  0  0  0  0
  9 12  1  0  0  0  0
M  END
> <PUBCHEM_BONDANNOTATIONS>
2  5  8
2  8  8
3  6  8
3  9  8
5  6  8
8  9  8

$$$$
