
  ACD/Labs04281711332D

 15 17  0  0  0  0  0  0  0  0  1 V2000
    3.4561   -3.9883    0.0000 O   0  0  0  0  0  0  0  0  0  0  0  0
    3.4561   -2.6612    0.0000 C   0  0  0  0  0  0  0  0  0  0  0  0
    4.6104   -1.9907    0.0000 C   0  0  0  0  0  0  0  0  0  0  0  0
    5.7578   -2.6612    0.0000 C   0  0  0  0  0  0  0  0  0  0  0  0
    6.9121   -1.9907    0.0000 C   0  0  0  0  0  0  0  0  0  0  0  0
    6.9121   -0.6636    0.0000 C   0  0  0  0  0  0  0  0  0  0  0  0
    5.7578    0.0000    0.0000 C   0  0  0  0  0  0  0  0  0  0  0  0
    4.6104   -0.6636    0.0000 C   0  0  0  0  0  0  0  0  0  0  0  0
    3.4561    0.0000    0.0000 N   0  0  0  0  0  0  0  0  0  0  0  0
    2.3017   -0.6636    0.0000 C   0  0  0  0  0  0  0  0  0  0  0  0
    1.1543    0.0000    0.0000 C   0  0  0  0  0  0  0  0  0  0  0  0
    0.0000   -0.6636    0.0000 C   0  0  0  0  0  0  0  0  0  0  0  0
    0.0000   -1.9907    0.0000 C   0  0  0  0  0  0  0  0  0  0  0  0
    1.1543   -2.6612    0.0000 C   0  0  0  0  0  0  0  0  0  0  0  0
    2.3017   -1.9907    0.0000 C   0  0  0  0  0  0  0  0  0  0  0  0
  1  2  2  0  0  0  0
  2  3  1  0  0  0  0
  2 15  1  0  0  0  0
  3  4  1  0  0  0  0
  3  8  2  0  0  0  0
  4  5  2  0  0  0  0
  5  6  1  0  0  0  0
  6  7  2  0  0  0  0
  7  8  1  0  0  0  0
  8  9  1  0  0  0  0
  9 10  1  0  0  0  0
 10 11  1  0  0  0  0
 10 15  2  0  0  0  0
 11 12  2  0  0  0  0
 12 13  1  0  0  0  0
 13 14  2  0  0  0  0
 14 15  1  0  0  0  0
M  END
