ACRIDONE
  DSViewer          3D                             0

 16 18  0  0  0  0  0  0  0  0999 V2000
    0.8914   -1.6279    2.4085 O   0  0  0  0  0  0  0  0  0  0
    0.3909   -1.4024    1.3015 C   0  0  0  0  0  0  0  0  0  1
   -0.4942   -2.3030    0.7290 C   0  0  0  0  0  0  0  0  0  2
   -0.8318   -3.4756    1.3943 C   0  0  0  0  0  0  0  0  0  3
   -1.7203   -4.3706    0.8098 C   0  0  0  0  0  0  0  0  0  4
   -2.2686   -4.0912   -0.4372 C   0  0  0  0  0  0  0  0  0  5
   -1.9291   -2.9173   -1.1005 C   0  0  0  0  0  0  0  0  0  6
   -1.0407   -2.0207   -0.5180 C   0  0  0  0  0  0  0  0  0  7
   -0.7221   -0.9007   -1.1600 N   0  0  0  0  0  0  0  0  0  8
   -1.1244   -0.7194   -2.0497 H   0  0  0  0  0  0  0  0  0  9
    0.1235   -0.0183   -0.6364 C   0  0  0  0  0  0  0  0  0 10
    0.4302    1.1404   -1.3403 C   0  0  0  0  0  0  0  0  0 11
    1.3134    2.0693   -0.8013 C   0  0  0  0  0  0  0  0  0 12
    1.8914    1.8411    0.4426 C   0  0  0  0  0  0  0  0  0 13
    1.5863    0.6831    1.1485 C   0  0  0  0  0  0  0  0  0 14
    0.7032   -0.2436    0.6073 C   0  0  0  0  0  0  0  0  0 15
 16 11  4  0  0  0
 16  2  4  0  0  0
 15 16  4  0  0  0
 14 15  4  0  0  0
 13 14  4  0  0  0
 12 13  4  0  0  0
 11 12  4  0  0  0
  9 11  4  0  0  0
  9 10  1  0  0  0
  8  9  4  0  0  0
  8  3  4  0  0  0
  7  8  4  0  0  0
  6  7  4  0  0  0
  5  6  4  0  0  0
  4  5  4  0  0  0
  3  4  4  0  0  0
  2  3  4  0  0  0
  1  2  2  0  0  0
M  END
