
  ACD/Labs04281713412D

  8  7  0  0  0  0  0  0  0  0  1 V2000
    0.0000   -4.6103    0.0000 O   0  0  0  0  0  0  0  0  0  0  0  0
    1.3312   -4.6103    0.0000 C   0  0  0  0  0  0  0  0  0  0  0  0
    1.9939   -5.7628    0.0000 O   0  0  0  0  0  0  0  0  0  0  0  0
    1.9939   -3.4577    0.0000 C   0  0  0  0  0  0  0  0  0  0  0  0
    1.3312   -2.3051    0.0000 C   0  0  0  0  0  0  0  0  0  0  0  0
    1.9939   -1.1526    0.0000 C   0  0  0  0  0  0  0  0  0  0  0  0
    3.3252   -1.1526    0.0000 O   0  0  0  0  0  0  0  0  0  0  0  0
    1.3312    0.0000    0.0000 O   0  0  0  0  0  0  0  0  0  0  0  0
  1  2  1  0  0  0  0
  2  3  2  0  0  0  0
  2  4  1  0  0  0  0
  4  5  2  0  0  0  0
  5  6  1  0  0  0  0
  6  7  2  0  0  0  0
  6  8  1  0  0  0  0
M  END
