
  Marvin  01010805553D          

 10  9  0  0  0  0            999 V2000
    2.6000   -1.1973   -0.0000 O   0  0  0  0  0  0  0  0  0  0  0  0
    1.3775   -1.2094    0.0000 C   0  0  0  0  0  0  0  0  0  0  0  0
    0.8630   -2.3224    0.0000 O   0  0  0  0  0  0  0  0  0  0  0  0
    0.6710   -0.0530   -0.0000 C   0  0  0  0  0  0  0  0  0  0  0  0
   -0.6710    0.0530   -0.0000 C   0  0  0  0  0  0  0  0  0  0  0  0
   -1.3775    1.2094    0.0000 C   0  0  0  0  0  0  0  0  0  0  0  0
   -2.6000    1.1973   -0.0000 O   0  0  0  0  0  0  0  0  0  0  0  0
   -0.8630    2.3224   -0.0000 O   0  0  0  0  0  0  0  0  0  0  0  0
    1.2048    0.7897    0.0000 H   0  0  0  0  0  0  0  0  0  0  0  0
   -1.2048   -0.7897    0.0000 H   0  0  0  0  0  0  0  0  0  0  0  0
  1  2  2  0  0  0  0
  2  3  1  0  0  0  0
  2  4  1  0  0  0  0
  4  5  2  0  0  0  0
  4  9  1  0  0  0  0
  5  6  1  0  0  0  0
  5 10  1  0  0  0  0
  6  8  1  0  0  0  0
  6  7  2  0  0  0  0
M  END
$$$$
