
  ACD/Labs03221914022D

 17 19  0  0  0  0  0  0  0  0  1 V2000
    8.0591   -0.6608    0.0000 C   0  0  0  0  0  0  0  0  0  0  0  0
    6.9067    0.0000    0.0000 C   0  0  0  0  0  0  0  0  0  0  0  0
    5.7542   -0.6608    0.0000 C   0  0  0  0  0  0  0  0  0  0  0  0
    5.7542   -1.9906    0.0000 C   0  0  0  0  0  0  0  0  0  0  0  0
    6.9067   -2.6595    0.0000 C   0  0  0  0  0  0  0  0  0  0  0  0
    8.0591   -1.9906    0.0000 C   0  0  0  0  0  0  0  0  0  0  0  0
    4.6098   -2.6595    0.0000 C   0  0  0  0  0  0  0  0  0  0  0  0
    4.6098   -3.9893    0.0000 C   0  0  0  0  0  0  0  0  0  0  0  0
    3.4574   -4.6501    0.0000 C   0  0  0  0  0  0  0  0  0  0  0  0
    2.3049   -3.9893    0.0000 C   0  0  0  0  0  0  0  0  0  0  0  0
    1.1525   -4.6501    0.0000 C   0  0  0  0  0  0  0  0  0  0  0  0
    0.0000   -3.9893    0.0000 C   0  0  0  0  0  0  0  0  0  0  0  0
    0.0000   -2.6595    0.0000 C   0  0  0  0  0  0  0  0  0  0  0  0
    1.1525   -1.9906    0.0000 C   0  0  0  0  0  0  0  0  0  0  0  0
    2.3049   -2.6595    0.0000 C   0  0  0  0  0  0  0  0  0  0  0  0
    3.4574   -1.9906    0.0000 O   0  0  0  0  0  0  0  0  0  0  0  0
    3.4574   -5.9799    0.0000 O   0  0  0  0  0  0  0  0  0  0  0  0
  1  2  2  0  0  0  0
  1  6  1  0  0  0  0
  2  3  1  0  0  0  0
  3  4  2  0  0  0  0
  4  5  1  0  0  0  0
  4  7  1  0  0  0  0
  5  6  2  0  0  0  0
  7  8  2  0  0  0  0
  7 16  1  0  0  0  0
  8  9  1  0  0  0  0
  9 10  1  0  0  0  0
  9 17  2  0  0  0  0
 10 11  2  0  0  0  0
 10 15  1  0  0  0  0
 11 12  1  0  0  0  0
 12 13  2  0  0  0  0
 13 14  1  0  0  0  0
 14 15  2  0  0  0  0
 15 16  1  0  0  0  0
M  END
