10709
  Marvin  12300703363D          

 19 19  0  0  0  0            999 V2000
   -2.1839    2.7668    0.4576 O   0  0  0  0  0  0  0  0  0  0  0  0
   -2.3697   -2.1357   -0.0455 O   0  5  0  0  0  0  0  0  0  0  0  0
   -0.8932   -3.2765   -0.0475 O   0  0  0  0  0  0  0  0  0  0  0  0
    3.0693   -2.1253   -0.0467 O   0  5  0  0  0  0  0  0  0  0  0  0
    1.5931   -3.2730   -0.0460 O   0  0  0  0  0  0  0  0  0  0  0  0
   -0.6117    3.6836   -0.5094 O   0  0  0  0  0  0  0  0  0  0  0  0
   -1.1941   -2.1531   -0.0468 N   0  3  0  0  0  0  0  0  0  0  0  0
    1.8941   -2.1488   -0.0475 N   0  3  0  0  0  0  0  0  0  0  0  0
   -0.3724   -1.0675   -0.0477 C   0  0  0  0  0  0  0  0  0  0  0  0
    1.0698   -1.0677   -0.0502 C   0  0  0  0  0  0  0  0  0  0  0  0
   -0.3694    1.4479   -0.0507 C   0  0  0  0  0  0  0  0  0  0  0  0
   -1.0290    0.1988   -0.0472 C   0  0  0  0  0  0  0  0  0  0  0  0
    1.7244    0.1976   -0.0574 C   0  0  0  0  0  0  0  0  0  0  0  0
    1.0365    1.4178   -0.0633 C   0  0  0  0  0  0  0  0  0  0  0  0
   -1.0671    2.6514   -0.0373 C   0  0  0  0  0  0  0  0  0  0  0  0
   -2.0522    0.2350   -0.0553 H   0  0  0  0  0  0  0  0  0  0  0  0
    2.7453    0.2772   -0.0560 H   0  0  0  0  0  0  0  0  0  0  0  0
    1.5820    2.2848   -0.0641 H   0  0  0  0  0  0  0  0  0  0  0  0
   -2.5718    2.0869    0.8610 H   0  0  0  0  0  0  0  0  0  0  0  0
  1 15  1  0  0  0  0
  1 19  1  0  0  0  0
  2  7  1  0  0  0  0
  3  7  2  0  0  0  0
  4  8  1  0  0  0  0
  5  8  2  0  0  0  0
  6 15  2  0  0  0  0
  7  9  1  0  0  0  0
  8 10  1  0  0  0  0
  9 10  2  0  0  0  0
  9 12  1  0  0  0  0
 10 13  1  0  0  0  0
 11 12  2  0  0  0  0
 11 14  1  0  0  0  0
 11 15  1  0  0  0  0
 12 16  1  0  0  0  0
 13 14  2  0  0  0  0
 13 17  1  0  0  0  0
 14 18  1  0  0  0  0
M  CHG  4   2  -1   4  -1   7   1   8   1
M  END
> <PUBCHEM_BONDANNOTATIONS>
10  13  8
11  12  8
11  14  8
13  14  8
9  10  8
9  12  8

$$$$
