114681
  Marvin  01010805553D          

 21 21  0  0  0  0            999 V2000
    2.4636    0.8019    0.2815 O   0  0  0  0  0  0  0  0  0  0  0  0
   -0.8705   -0.3983    0.3013 N   0  0  0  0  0  0  0  0  0  0  0  0
    0.4906   -0.4500    0.3008 C   0  0  0  0  0  0  0  0  0  0  0  0
    1.1554   -1.7756    0.2662 C   0  0  0  0  0  0  0  0  0  0  0  0
    1.2051    0.7698    0.2920 C   0  0  0  0  0  0  0  0  0  0  0  0
   -1.6053    0.7478    0.2913 C   0  0  0  0  0  0  0  0  0  0  0  0
    1.4358   -2.2266   -1.1834 C   0  0  0  0  0  0  0  0  0  0  0  0
    0.4899    1.9820    0.2844 C   0  0  0  0  0  0  0  0  0  0  0  0
   -0.9148    1.9785    0.2825 C   0  0  0  0  0  0  0  0  0  0  0  0
   -3.0774    0.6625    0.2808 C   0  0  0  0  0  0  0  0  0  0  0  0
    0.5385   -2.5287    0.7639 H   0  0  0  0  0  0  0  0  0  0  0  0
    2.0979   -1.7477    0.8200 H   0  0  0  0  0  0  0  0  0  0  0  0
    1.9756   -3.1751   -1.1869 H   0  0  0  0  0  0  0  0  0  0  0  0
    0.5009   -2.3636   -1.7307 H   0  0  0  0  0  0  0  0  0  0  0  0
    2.0447   -1.4901   -1.7127 H   0  0  0  0  0  0  0  0  0  0  0  0
    0.9861    2.8768    0.2757 H   0  0  0  0  0  0  0  0  0  0  0  0
   -1.4191    2.8679    0.2719 H   0  0  0  0  0  0  0  0  0  0  0  0
   -3.4116    0.1264   -0.6092 H   0  0  0  0  0  0  0  0  0  0  0  0
   -3.4261    0.1285    1.1661 H   0  0  0  0  0  0  0  0  0  0  0  0
   -3.5550    1.6448    0.2748 H   0  0  0  0  0  0  0  0  0  0  0  0
    2.8956    1.5688    0.2695 H   0  0  0  0  0  0  0  0  0  0  0  0
  1  5  1  0  0  0  0
  1 21  1  0  0  0  0
  2  3  1  0  0  0  0
  2  6  2  0  0  0  0
  3  4  1  0  0  0  0
  3  5  2  0  0  0  0
  4  7  1  0  0  0  0
  4 11  1  0  0  0  0
  4 12  1  0  0  0  0
  5  8  1  0  0  0  0
  6  9  1  0  0  0  0
  6 10  1  0  0  0  0
  7 13  1  0  0  0  0
  7 14  1  0  0  0  0
  7 15  1  0  0  0  0
  8  9  2  0  0  0  0
  8 16  1  0  0  0  0
  9 17  1  0  0  0  0
 10 18  1  0  0  0  0
 10 19  1  0  0  0  0
 10 20  1  0  0  0  0
M  END
> <PUBCHEM_BONDANNOTATIONS>
2  3  8
2  6  8
3  5  8
5  8  8
6  9  8
8  9  8

$$$$
