
  ACD/Labs03221914022D

  7  7  0  0  0  0  0  0  0  0  1 V2000
    1.6741   -2.0482    0.0000 C   0  0  0  0  0  0  0  0  0  0  0  0
    3.0022   -2.0482    0.0000 C   0  0  0  0  0  0  0  0  0  0  0  0
    3.4137   -0.7809    0.0000 C   0  0  0  0  0  0  0  0  0  0  0  0
    2.3381    0.0000    0.0000 N   0  0  0  0  0  0  0  0  0  0  0  0
    1.2626   -0.7809    0.0000 C   0  0  0  0  0  0  0  0  0  0  0  0
    0.0000   -0.3647    0.0000 O   0  0  0  0  0  0  0  0  0  0  0  0
    4.6763   -0.3647    0.0000 O   0  0  0  0  0  0  0  0  0  0  0  0
  1  2  2  0  0  0  0
  1  5  1  0  0  0  0
  2  3  1  0  0  0  0
  3  4  1  0  0  0  0
  3  7  2  0  0  0  0
  4  5  2  0  0  0  0
  5  6  1  0  0  0  0
M  END
