10935
  Marvin  12300703363D          

 10 10  0  0  0  0            999 V2000
    1.3012   -1.8074   -0.6673 O   0  0  0  0  0  0  0  0  0  0  0  0
   -2.1242    0.9086   -0.2593 O   0  0  0  0  0  0  0  0  0  0  0  0
   -0.6021   -0.6700   -0.5954 N   0  0  0  0  0  0  0  0  0  0  0  0
    0.6274   -0.8584   -0.2978 C   0  0  0  0  0  0  0  0  0  0  0  0
   -1.0082    0.4384   -0.1030 C   0  0  0  0  0  0  0  0  0  0  0  0
    1.0321    0.1562    0.4666 C   0  0  0  0  0  0  0  0  0  0  0  0
   -0.0059    0.9792    0.5902 C   0  0  0  0  0  0  0  0  0  0  0  0
   -1.1272   -1.2563   -1.1005 H   0  0  0  0  0  0  0  0  0  0  0  0
    1.9329    0.2782    0.8666 H   0  0  0  0  0  0  0  0  0  0  0  0
   -0.0260    1.8314    1.0999 H   0  0  0  0  0  0  0  0  0  0  0  0
  1  4  2  0  0  0  0
  2  5  2  0  0  0  0
  3  4  1  0  0  0  0
  3  5  1  0  0  0  0
  3  8  1  0  0  0  0
  4  6  1  0  0  0  0
  5  7  1  0  0  0  0
  6  7  2  0  0  0  0
  6  9  1  0  0  0  0
  7 10  1  0  0  0  0
M  END
$$$$
