118946
  Marvin  01010805553D          

 20 20  0  0  0  0            999 V2000
    0.7796   -2.3259   -0.5032 O   0  0  0  0  0  0  0  0  0  0  0  0
    0.8086    2.3022   -0.5390 O   0  0  0  0  0  0  0  0  0  0  0  0
   -1.1676   -1.1689   -0.5740 N   0  0  0  0  0  0  0  0  0  0  0  0
   -1.1516    1.1712   -0.6048 N   0  0  0  0  0  0  0  0  0  0  0  0
   -3.1516    0.0231   -0.5510 N   0  0  0  0  0  0  0  0  0  0  0  0
    0.1900   -1.2125   -0.5976 C   0  0  0  0  0  0  0  0  0  0  0  0
    0.2072    1.1946   -0.6246 C   0  0  0  0  0  0  0  0  0  0  0  0
    0.9279   -0.0139   -0.6668 C   0  0  0  0  0  0  0  0  0  0  0  0
   -1.8456    0.0071   -0.5876 C   0  0  0  0  0  0  0  0  0  0  0  0
    1.1401   -2.8999    0.6498 C   0  0  0  0  0  0  0  0  0  0  0  0
    1.1274    2.8933    0.6180 C   0  0  0  0  0  0  0  0  0  0  0  0
    1.9501   -0.0212   -0.7066 H   0  0  0  0  0  0  0  0  0  0  0  0
    1.6515   -3.8363    0.4300 H   0  0  0  0  0  0  0  0  0  0  0  0
    0.2701   -3.1246    1.2723 H   0  0  0  0  0  0  0  0  0  0  0  0
    1.8269   -2.2673    1.2195 H   0  0  0  0  0  0  0  0  0  0  0  0
    1.6379    3.8317    0.4056 H   0  0  0  0  0  0  0  0  0  0  0  0
    0.2381    3.1173    1.2135 H   0  0  0  0  0  0  0  0  0  0  0  0
    1.8010    2.2707    1.2138 H   0  0  0  0  0  0  0  0  0  0  0  0
   -3.6104    0.8375   -0.5799 H   0  0  0  0  0  0  0  0  0  0  0  0
   -3.6297   -0.7778   -0.4874 H   0  0  0  0  0  0  0  0  0  0  0  0
  1  6  1  0  0  0  0
  1 10  1  0  0  0  0
  2  7  1  0  0  0  0
  2 11  1  0  0  0  0
  3  6  2  0  0  0  0
  3  9  1  0  0  0  0
  4  7  1  0  0  0  0
  4  9  2  0  0  0  0
  5  9  1  0  0  0  0
  5 19  1  0  0  0  0
  5 20  1  0  0  0  0
  6  8  1  0  0  0  0
  7  8  2  0  0  0  0
  8 12  1  0  0  0  0
 10 13  1  0  0  0  0
 10 14  1  0  0  0  0
 10 15  1  0  0  0  0
 11 16  1  0  0  0  0
 11 17  1  0  0  0  0
 11 18  1  0  0  0  0
M  END
> <PUBCHEM_BONDANNOTATIONS>
3  6  8
3  9  8
4  7  8
4  9  8
6  8  8
7  8  8

$$$$
