
  ACD/Labs04281711072D

 11 11  0  0  0  0  0  0  0  0  1 V2000
    1.1544    0.0000    0.0000 C   0  0  0  0  0  0  0  0  0  0  0  0
    2.3029   -0.6639    0.0000 O   0  0  0  0  0  0  0  0  0  0  0  0
    2.3029   -1.9918    0.0000 C   0  0  0  0  0  0  0  0  0  0  0  0
    3.4573   -2.6558    0.0000 C   0  0  0  0  0  0  0  0  0  0  0  0
    3.4573   -3.9896    0.0000 C   0  0  0  0  0  0  0  0  0  0  0  0
    4.6057   -4.6536    0.0000 O   0  0  0  0  0  0  0  0  0  0  0  0
    4.6057   -5.9814    0.0000 C   0  0  0  0  0  0  0  0  0  0  0  0
    2.3029   -4.6536    0.0000 N   0  0  0  0  0  0  0  0  0  0  0  0
    1.1484   -3.9896    0.0000 C   0  0  0  0  0  0  0  0  0  0  0  0
    0.0000   -4.6536    0.0000 N   0  0  0  0  0  0  0  0  0  0  0  0
    1.1484   -2.6558    0.0000 N   0  0  0  0  0  0  0  0  0  0  0  0
  1  2  1  0  0  0  0
  2  3  1  0  0  0  0
  3  4  2  0  0  0  0
  3 11  1  0  0  0  0
  4  5  1  0  0  0  0
  5  6  1  0  0  0  0
  5  8  2  0  0  0  0
  6  7  1  0  0  0  0
  8  9  1  0  0  0  0
  9 10  1  0  0  0  0
  9 11  2  0  0  0  0
M  END
