119607
  Marvin  01010805553D          

 36 38  0  0  0  0            999 V2000
   -3.4065   -3.0551    0.1058 S   0  0  2  0  0  0  0  0  0  0  0  0
    1.0862    3.8825    0.1005 O   0  0  0  0  0  0  0  0  0  0  0  0
   -2.5250   -4.3654    0.2970 O   0  0  0  0  0  0  0  0  0  0  0  0
   -4.4062   -2.9653    1.3400 O   0  0  0  0  0  0  0  0  0  0  0  0
    2.0823    3.0613    0.1858 N   0  0  0  0  0  0  0  0  0  0  0  0
   -4.2686   -3.2598   -1.2800 N   0  0  0  0  0  0  0  0  0  0  0  0
    0.2158    1.8040    0.0561 C   0  0  0  0  0  0  0  0  0  0  0  0
   -0.6749    0.6770   -0.0105 C   0  0  0  0  0  0  0  0  0  0  0  0
    1.6207    1.8028    0.1622 C   0  0  0  0  0  0  0  0  0  0  0  0
   -0.0658    3.1835    0.0129 C   0  0  0  0  0  0  0  0  0  0  0  0
   -2.4013   -1.6352    0.0072 C   0  0  0  0  0  0  0  0  0  0  0  0
   -2.0360    0.7492    0.3834 C   0  0  0  0  0  0  0  0  0  0  0  0
   -0.2428   -0.5974   -0.4642 C   0  0  0  0  0  0  0  0  0  0  0  0
    2.5659    0.7590    0.2459 C   0  0  0  0  0  0  0  0  0  0  0  0
   -2.8900   -0.3702    0.3850 C   0  0  0  0  0  0  0  0  0  0  0  0
   -1.0708   -1.7337   -0.4410 C   0  0  0  0  0  0  0  0  0  0  0  0
   -1.3172    3.9461   -0.1409 C   0  0  0  0  0  0  0  0  0  0  0  0
    3.5473    0.6301   -0.7652 C   0  0  0  0  0  0  0  0  0  0  0  0
    2.5644   -0.1648    1.3164 C   0  0  0  0  0  0  0  0  0  0  0  0
    4.4995   -0.4035   -0.7156 C   0  0  0  0  0  0  0  0  0  0  0  0
    3.5217   -1.1960    1.3698 C   0  0  0  0  0  0  0  0  0  0  0  0
    4.4871   -1.3175    0.3531 C   0  0  0  0  0  0  0  0  0  0  0  0
   -2.4531    1.6175    0.7061 H   0  0  0  0  0  0  0  0  0  0  0  0
    0.6972   -0.7432   -0.8305 H   0  0  0  0  0  0  0  0  0  0  0  0
   -3.8640   -0.2547    0.6779 H   0  0  0  0  0  0  0  0  0  0  0  0
   -0.6915   -2.6325   -0.7492 H   0  0  0  0  0  0  0  0  0  0  0  0
   -1.8208    3.6516   -1.0623 H   0  0  0  0  0  0  0  0  0  0  0  0
   -1.1126    5.0172   -0.1982 H   0  0  0  0  0  0  0  0  0  0  0  0
   -1.9773    3.8070    0.7133 H   0  0  0  0  0  0  0  0  0  0  0  0
    3.5768    1.2805   -1.5559 H   0  0  0  0  0  0  0  0  0  0  0  0
    1.8729   -0.0942    2.0675 H   0  0  0  0  0  0  0  0  0  0  0  0
    5.1992   -0.4905   -1.4565 H   0  0  0  0  0  0  0  0  0  0  0  0
    3.5189   -1.8589    2.1483 H   0  0  0  0  0  0  0  0  0  0  0  0
    5.1802   -2.0681    0.3892 H   0  0  0  0  0  0  0  0  0  0  0  0
   -3.9292   -2.9431   -2.0913 H   0  0  0  0  0  0  0  0  0  0  0  0
   -5.0824   -3.7204   -1.2619 H   0  0  0  0  0  0  0  0  0  0  0  0
  1  3  2  0  0  0  0
  1  4  2  0  0  0  0
  1  6  1  0  0  0  0
  1 11  1  0  0  0  0
  2  5  1  0  0  0  0
  2 10  1  0  0  0  0
  5  9  2  0  0  0  0
  6 35  1  0  0  0  0
  6 36  1  0  0  0  0
  7  8  1  0  0  0  0
  7  9  1  0  0  0  0
  7 10  2  0  0  0  0
  8 12  2  0  0  0  0
  8 13  1  0  0  0  0
  9 14  1  0  0  0  0
 10 17  1  0  0  0  0
 11 15  2  0  0  0  0
 11 16  1  0  0  0  0
 12 15  1  0  0  0  0
 12 23  1  0  0  0  0
 13 16  2  0  0  0  0
 13 24  1  0  0  0  0
 14 18  2  0  0  0  0
 14 19  1  0  0  0  0
 15 25  1  0  0  0  0
 16 26  1  0  0  0  0
 17 27  1  0  0  0  0
 17 28  1  0  0  0  0
 17 29  1  0  0  0  0
 18 20  1  0  0  0  0
 18 30  1  0  0  0  0
 19 21  2  0  0  0  0
 19 31  1  0  0  0  0
 20 22  2  0  0  0  0
 20 32  1  0  0  0  0
 21 22  1  0  0  0  0
 21 33  1  0  0  0  0
 22 34  1  0  0  0  0
M  END
> <PUBCHEM_BONDANNOTATIONS>
11  15  8
11  16  8
12  15  8
13  16  8
14  18  8
14  19  8
18  20  8
19  21  8
2  10  8
2  5  8
20  22  8
21  22  8
5  9  8
7  10  8
7  9  8
8  12  8
8  13  8

$$$$
