
  ACD/Labs06251410132D

 14 15  0  0  0  0  0  0  0  0  1 V2000
    5.6101   -6.7591    0.0000 O   0  0  0  0  0  0  0  0  0  0  0  0
    5.4749   -5.4343    0.0000 C   0  0  0  0  0  0  0  0  0  0  0  0
    6.5496   -4.6570    0.0000 O   0  0  0  0  0  0  0  0  0  0  0  0
    4.2582   -4.8936    0.0000 C   0  0  0  0  0  0  0  0  0  0  0  0
    3.9811   -3.5959    0.0000 C   0  0  0  0  0  0  0  0  0  0  0  0
    2.6631   -3.4539    0.0000 C   0  0  0  0  0  0  0  0  0  0  0  0
    2.1224   -4.6706    0.0000 N   0  0  0  0  0  0  0  0  0  0  0  0
    3.1092   -5.5628    0.0000 N   0  0  0  0  0  0  0  0  0  0  0  0
    1.9939   -2.3049    0.0000 C   0  0  0  0  0  0  0  0  0  0  0  0
    2.6631   -1.1491    0.0000 C   0  0  0  0  0  0  0  0  0  0  0  0
    1.9939    0.0000    0.0000 C   0  0  0  0  0  0  0  0  0  0  0  0
    0.6624    0.0000    0.0000 C   0  0  0  0  0  0  0  0  0  0  0  0
    0.0000   -1.1491    0.0000 C   0  0  0  0  0  0  0  0  0  0  0  0
    0.6624   -2.3049    0.0000 C   0  0  0  0  0  0  0  0  0  0  0  0
  1  2  1  0  0  0  0
  2  3  2  0  0  0  0
  2  4  1  0  0  0  0
  4  5  1  0  0  0  0
  4  8  2  0  0  0  0
  5  6  2  0  0  0  0
  6  7  1  0  0  0  0
  6  9  1  0  0  0  0
  7  8  1  0  0  0  0
  9 10  1  0  0  0  0
  9 14  2  0  0  0  0
 10 11  2  0  0  0  0
 11 12  1  0  0  0  0
 12 13  2  0  0  0  0
 13 14  1  0  0  0  0
M  END
