11325
  Marvin  12300703363D          

 22 23  0  0  0  0            999 V2000
   -2.1428    3.1598    3.5086 Br  0  0  0  0  0  0  0  0  0  0  0  0
   -2.2843    0.2073   -0.5937 O   0  0  0  0  0  0  0  0  0  0  0  0
    1.7747    1.2551    0.9423 O   0  0  0  0  0  0  0  0  0  0  0  0
   -0.4080    1.0287    0.3761 N   0  0  0  0  0  0  0  0  0  0  0  0
   -0.2329   -0.7233   -0.9150 C   0  0  0  0  0  0  0  0  0  0  0  0
    1.0329   -0.3969   -0.4355 C   0  0  0  0  0  0  0  0  0  0  0  0
   -0.9615    2.1019    1.1067 C   0  0  0  0  0  0  0  0  0  0  0  0
   -1.0804    0.1970   -0.3750 C   0  0  0  0  0  0  0  0  0  0  0  0
    0.8559    0.6967    0.3580 C   0  0  0  0  0  0  0  0  0  0  0  0
   -0.4198   -1.8161   -1.7839 C   0  0  0  0  0  0  0  0  0  0  0  0
    2.1647   -1.1498   -0.8044 C   0  0  0  0  0  0  0  0  0  0  0  0
   -1.3899    1.6779    2.5290 C   0  0  0  0  0  0  0  0  0  0  0  0
    0.7100   -2.5603   -2.1825 C   0  0  0  0  0  0  0  0  0  0  0  0
    1.9939   -2.2294   -1.6958 C   0  0  0  0  0  0  0  0  0  0  0  0
   -0.2537    2.9328    1.1876 H   0  0  0  0  0  0  0  0  0  0  0  0
   -1.8292    2.5260    0.5918 H   0  0  0  0  0  0  0  0  0  0  0  0
   -1.3520   -2.0627   -2.1236 H   0  0  0  0  0  0  0  0  0  0  0  0
    3.0911   -0.9174   -0.4396 H   0  0  0  0  0  0  0  0  0  0  0  0
   -0.5313    1.3038    3.0903 H   0  0  0  0  0  0  0  0  0  0  0  0
   -2.1421    0.8881    2.4811 H   0  0  0  0  0  0  0  0  0  0  0  0
    0.5985   -3.3439   -2.8298 H   0  0  0  0  0  0  0  0  0  0  0  0
    2.8060   -2.7751   -1.9929 H   0  0  0  0  0  0  0  0  0  0  0  0
  1 12  1  0  0  0  0
  2  8  2  0  0  0  0
  3  9  2  0  0  0  0
  4  7  1  0  0  0  0
  4  8  1  0  0  0  0
  4  9  1  0  0  0  0
  5  6  1  0  0  0  0
  5  8  1  0  0  0  0
  5 10  2  0  0  0  0
  6  9  1  0  0  0  0
  6 11  2  0  0  0  0
  7 12  1  0  0  0  0
  7 15  1  0  0  0  0
  7 16  1  0  0  0  0
 10 13  1  0  0  0  0
 10 17  1  0  0  0  0
 11 14  1  0  0  0  0
 11 18  1  0  0  0  0
 12 19  1  0  0  0  0
 12 20  1  0  0  0  0
 13 14  2  0  0  0  0
 13 21  1  0  0  0  0
 14 22  1  0  0  0  0
M  END
> <PUBCHEM_BONDANNOTATIONS>
10  13  8
11  14  8
13  14  8
5  10  8
5  6  8
6  11  8

$$$$
