
  ACD/Labs03221914022D

 12 13  0  0  0  0  0  0  0  0  1 V2000
    4.6097    0.0000    0.0000 C   0  0  0  0  0  0  0  0  0  0  0  0
    5.7569   -0.6635    0.0000 C   0  0  0  0  0  0  0  0  0  0  0  0
    5.7569   -1.9973    0.0000 C   0  0  0  0  0  0  0  0  0  0  0  0
    4.6097   -2.6607    0.0000 C   0  0  0  0  0  0  0  0  0  0  0  0
    3.4555   -1.9973    0.0000 C   0  0  0  0  0  0  0  0  0  0  0  0
    2.3014   -2.6607    0.0000 C   0  0  0  0  0  0  0  0  0  0  0  0
    1.1541   -1.9973    0.0000 C   0  0  0  0  0  0  0  0  0  0  0  0
    1.1541   -0.6635    0.0000 C   0  0  0  0  0  0  0  0  0  0  0  0
    2.3014    0.0000    0.0000 C   0  0  0  0  0  0  0  0  0  0  0  0
    3.4555   -0.6635    0.0000 C   0  0  0  0  0  0  0  0  0  0  0  0
    0.0000   -2.6607    0.0000 O   0  0  0  0  0  0  0  0  0  0  0  0
    6.9110   -2.6607    0.0000 O   0  0  0  0  0  0  0  0  0  0  0  0
  1  2  2  0  0  0  0
  1 10  1  0  0  0  0
  2  3  1  0  0  0  0
  3  4  2  0  0  0  0
  3 12  1  0  0  0  0
  4  5  1  0  0  0  0
  5  6  2  0  0  0  0
  5 10  1  0  0  0  0
  6  7  1  0  0  0  0
  7  8  2  0  0  0  0
  7 11  1  0  0  0  0
  8  9  1  0  0  0  0
  9 10  2  0  0  0  0
M  END
