
  ACD/Labs04281711562D

  7  6  0  0  0  0  0  0  0  0  1 V2000
    0.0000   -2.4811    0.0000 N   0  0  0  0  0  0  0  0  0  0  0  0
    1.3313   -2.4811    0.0000 C   0  0  0  0  0  0  0  0  0  0  0  0
    1.9970   -1.3267    0.0000 C   0  0  0  0  0  0  0  0  0  0  0  0
    3.3237   -1.3267    0.0000 S   0  0  0  0  0  0  0  0  0  0  0  0
    3.3237   -2.6580    0.0000 O   0  0  0  0  0  0  0  0  0  0  0  0
    3.3237    0.0000    0.0000 O   0  0  0  0  0  0  0  0  0  0  0  0
    4.6550   -1.3267    0.0000 O   0  0  0  0  0  0  0  0  0  0  0  0
  1  2  1  0  0  0  0
  2  3  1  0  0  0  0
  3  4  1  0  0  0  0
  4  5  2  0  0  0  0
  4  6  2  0  0  0  0
  4  7  1  0  0  0  0
M  END
