
  ACD/Labs03221914022D

 22 25  0  0  0  0  0  0  0  0  1 V2000
    0.0000   -5.9856    0.0000 C   0  0  0  0  0  0  0  0  0  0  0  0
    0.0000   -4.6586    0.0000 C   0  0  0  0  0  0  0  0  0  0  0  0
    1.1543   -3.9881    0.0000 C   0  0  0  0  0  0  0  0  0  0  0  0
    2.3016   -4.6586    0.0000 C   0  0  0  0  0  0  0  0  0  0  0  0
    2.3016   -5.9856    0.0000 C   0  0  0  0  0  0  0  0  0  0  0  0
    1.1543   -6.6492    0.0000 C   0  0  0  0  0  0  0  0  0  0  0  0
    3.4559   -6.6492    0.0000 C   0  0  0  0  0  0  0  0  0  0  0  0
    4.6102   -5.9856    0.0000 C   0  0  0  0  0  0  0  0  0  0  0  0
    4.6102   -4.6586    0.0000 C   0  0  0  0  0  0  0  0  0  0  0  0
    3.4559   -3.9881    0.0000 C   0  0  0  0  0  0  0  0  0  0  0  0
    3.4559   -2.6611    0.0000 C   0  0  0  0  0  0  0  0  0  0  0  0
    4.6102   -1.9975    0.0000 C   0  0  0  0  0  0  0  0  0  0  0  0
    5.7576   -2.6611    0.0000 C   0  0  0  0  0  0  0  0  0  0  0  0
    6.9118   -1.9975    0.0000 C   0  0  0  0  0  0  0  0  0  0  0  0
    6.9118   -0.6704    0.0000 C   0  0  0  0  0  0  0  0  0  0  0  0
    5.7576    0.0000    0.0000 C   0  0  0  0  0  0  0  0  0  0  0  0
    4.6102   -0.6704    0.0000 C   0  0  0  0  0  0  0  0  0  0  0  0
    3.4559    0.0000    0.0000 C   0  0  0  0  0  0  0  0  0  0  0  0
    2.3016   -0.6704    0.0000 C   0  0  0  0  0  0  0  0  0  0  0  0
    2.3016   -1.9975    0.0000 C   0  0  0  0  0  0  0  0  0  0  0  0
    1.1543   -2.6611    0.0000 O   0  0  0  0  0  0  0  0  0  0  0  0
    5.7576   -3.9881    0.0000 O   0  0  0  0  0  0  0  0  0  0  0  0
  1  2  2  0  0  0  0
  1  6  1  0  0  0  0
  2  3  1  0  0  0  0
  3  4  2  0  0  0  0
  4  5  1  0  0  0  0
  4 10  1  0  0  0  0
  5  6  2  0  0  0  0
  5  7  1  0  0  0  0
  7  8  2  0  0  0  0
  8  9  1  0  0  0  0
  9 10  2  0  0  0  0
  9 22  1  0  0  0  0
 10 11  1  0  0  0  0
 11 12  2  0  0  0  0
 11 20  1  0  0  0  0
 12 13  1  0  0  0  0
 12 17  1  0  0  0  0
 13 14  2  0  0  0  0
 14 15  1  0  0  0  0
 15 16  2  0  0  0  0
 16 17  1  0  0  0  0
 17 18  2  0  0  0  0
 18 19  1  0  0  0  0
 19 20  2  0  0  0  0
 20 21  1  0  0  0  0
M  END
