11762
  Marvin  12300703363D          

 36 39  0  0  0  0            999 V2000
    1.8720    1.9015   -0.8836 O   0  0  0  0  0  0  0  0  0  0  0  0
   -0.8737   -0.7325   -2.6326 O   0  0  0  0  0  0  0  0  0  0  0  0
   -0.1592    0.8075   -0.3823 C   0  0  0  0  0  0  0  0  0  0  0  0
    0.4148   -0.4799   -0.6740 C   0  0  0  0  0  0  0  0  0  0  0  0
   -1.5243    0.9988    0.0055 C   0  0  0  0  0  0  0  0  0  0  0  0
    1.4347   -1.0702    0.1413 C   0  0  0  0  0  0  0  0  0  0  0  0
   -1.9733    2.2977    0.4067 C   0  0  0  0  0  0  0  0  0  0  0  0
    1.9576   -2.3605   -0.1909 C   0  0  0  0  0  0  0  0  0  0  0  0
    0.6847    1.9494   -0.4645 C   0  0  0  0  0  0  0  0  0  0  0  0
   -0.0258   -1.1916   -1.8228 C   0  0  0  0  0  0  0  0  0  0  0  0
   -2.4920   -0.0412    0.0238 C   0  0  0  0  0  0  0  0  0  0  0  0
    1.9834   -0.4408    1.2917 C   0  0  0  0  0  0  0  0  0  0  0  0
   -1.0812    3.3886    0.3869 C   0  0  0  0  0  0  0  0  0  0  0  0
    1.4562   -3.0533   -1.3108 C   0  0  0  0  0  0  0  0  0  0  0  0
    0.2335    3.2192   -0.0638 C   0  0  0  0  0  0  0  0  0  0  0  0
    0.4748   -2.4714   -2.1231 C   0  0  0  0  0  0  0  0  0  0  0  0
   -3.3067    2.5140    0.8261 C   0  0  0  0  0  0  0  0  0  0  0  0
    2.9780   -2.9585    0.5857 C   0  0  0  0  0  0  0  0  0  0  0  0
   -3.8264    0.1817    0.4083 C   0  0  0  0  0  0  0  0  0  0  0  0
    3.0106   -1.0263    2.0522 C   0  0  0  0  0  0  0  0  0  0  0  0
   -4.2318    1.4589    0.8225 C   0  0  0  0  0  0  0  0  0  0  0  0
    3.5081   -2.2891    1.6997 C   0  0  0  0  0  0  0  0  0  0  0  0
   -2.2581   -0.9952   -0.2524 H   0  0  0  0  0  0  0  0  0  0  0  0
    1.6562    0.4719    1.6108 H   0  0  0  0  0  0  0  0  0  0  0  0
   -1.3743    4.3228    0.6882 H   0  0  0  0  0  0  0  0  0  0  0  0
    1.8007   -3.9864   -1.5570 H   0  0  0  0  0  0  0  0  0  0  0  0
    0.8540    4.0330   -0.0918 H   0  0  0  0  0  0  0  0  0  0  0  0
    0.1362   -2.9935   -2.9361 H   0  0  0  0  0  0  0  0  0  0  0  0
   -3.6289    3.4360    1.1349 H   0  0  0  0  0  0  0  0  0  0  0  0
    3.3553   -3.8823    0.3554 H   0  0  0  0  0  0  0  0  0  0  0  0
   -4.5053   -0.5830    0.3901 H   0  0  0  0  0  0  0  0  0  0  0  0
    3.3979   -0.5366    2.8624 H   0  0  0  0  0  0  0  0  0  0  0  0
   -5.1970    1.6214    1.1190 H   0  0  0  0  0  0  0  0  0  0  0  0
    4.2525   -2.7200    2.2527 H   0  0  0  0  0  0  0  0  0  0  0  0
    2.2260    1.1461   -1.1626 H   0  0  0  0  0  0  0  0  0  0  0  0
   -1.2291    0.0635   -2.5158 H   0  0  0  0  0  0  0  0  0  0  0  0
  1  9  1  0  0  0  0
  1 35  1  0  0  0  0
  2 10  1  0  0  0  0
  2 36  1  0  0  0  0
  3  4  1  0  0  0  0
  3  5  1  0  0  0  0
  3  9  2  0  0  0  0
  4  6  1  0  0  0  0
  4 10  2  0  0  0  0
  5  7  1  0  0  0  0
  5 11  2  0  0  0  0
  6  8  1  0  0  0  0
  6 12  2  0  0  0  0
  7 13  1  0  0  0  0
  7 17  2  0  0  0  0
  8 14  1  0  0  0  0
  8 18  2  0  0  0  0
  9 15  1  0  0  0  0
 10 16  1  0  0  0  0
 11 19  1  0  0  0  0
 11 23  1  0  0  0  0
 12 20  1  0  0  0  0
 12 24  1  0  0  0  0
 13 15  2  0  0  0  0
 13 25  1  0  0  0  0
 14 16  2  0  0  0  0
 14 26  1  0  0  0  0
 15 27  1  0  0  0  0
 16 28  1  0  0  0  0
 17 21  1  0  0  0  0
 17 29  1  0  0  0  0
 18 22  1  0  0  0  0
 18 30  1  0  0  0  0
 19 21  2  0  0  0  0
 19 31  1  0  0  0  0
 20 22  2  0  0  0  0
 20 32  1  0  0  0  0
 21 33  1  0  0  0  0
 22 34  1  0  0  0  0
M  END
> <PUBCHEM_BONDANNOTATIONS>
10  16  8
11  19  8
12  20  8
13  15  8
14  16  8
17  21  8
18  22  8
19  21  8
20  22  8
3  5  8
3  9  8
4  10  8
4  6  8
5  11  8
5  7  8
6  12  8
6  8  8
7  13  8
7  17  8
8  14  8
8  18  8
9  15  8

$$$$
