
  ACD/Labs04281711072D

 13 14  0  0  0  0  0  0  0  0  2 V2000
    0.0000   -4.6545    0.0000 O   0  0  0  0  0  0  0  0  0  0  0  0
    1.1543   -3.9889    0.0000 N   0  3  0  0  0  0  0  0  0  0  0  0
    2.3040   -4.6545    0.0000 O   0  5  0  0  0  0  0  0  0  0  0  0
    1.1543   -2.6577    0.0000 C   0  0  0  0  0  0  0  0  0  0  0  0
    2.3040   -1.9968    0.0000 C   0  0  0  0  0  0  0  0  0  0  0  0
    2.3040   -0.6656    0.0000 C   0  0  0  0  0  0  0  0  0  0  0  0
    3.4583    0.0000    0.0000 C   0  0  0  0  0  0  0  0  0  0  0  0
    4.6080   -0.6656    0.0000 C   0  0  0  0  0  0  0  0  0  0  0  0
    4.6080   -1.9968    0.0000 C   0  0  0  0  0  0  0  0  0  0  0  0
    3.4583   -2.6577    0.0000 N   0  0  0  0  0  0  0  0  0  0  0  0
    1.1543    0.0000    0.0000 C   0  0  0  0  0  0  0  0  0  0  0  0
    0.0000   -0.6656    0.0000 C   0  0  0  0  0  0  0  0  0  0  0  0
    0.0000   -1.9968    0.0000 C   0  0  0  0  0  0  0  0  0  0  0  0
  1  2  2  0  0  0  0
  2  3  1  0  0  0  0
  2  4  1  0  0  0  0
  4  5  1  0  0  0  0
  4 13  2  0  0  0  0
  5  6  2  0  0  0  0
  5 10  1  0  0  0  0
  6  7  1  0  0  0  0
  6 11  1  0  0  0  0
  7  8  2  0  0  0  0
  8  9  1  0  0  0  0
  9 10  2  0  0  0  0
 11 12  2  0  0  0  0
 12 13  1  0  0  0  0
M  CHG  2   2   1   3  -1
M  END
