
  ACD/Labs04281711332D

  9  9  0  0  0  0  0  0  0  0  1 V2000
    3.3258   -3.4548    0.0000 O   0  0  0  0  0  0  0  0  0  0  0  0
    2.6579   -2.3032    0.0000 C   0  0  0  0  0  0  0  0  0  0  0  0
    3.3258   -1.1516    0.0000 C   0  0  0  0  0  0  0  0  0  0  0  0
    2.6579    0.0000    0.0000 C   0  0  0  0  0  0  0  0  0  0  0  0
    1.3313    0.0000    0.0000 C   0  0  0  0  0  0  0  0  0  0  0  0
    0.6633   -1.1516    0.0000 C   0  0  0  0  0  0  0  0  0  0  0  0
    1.3313   -2.3032    0.0000 C   0  0  0  0  0  0  0  0  0  0  0  0
    0.6633   -3.4548    0.0000 C   0  0  0  0  0  0  0  0  0  0  0  0
    0.0000   -4.6064    0.0000 N   0  0  0  0  0  0  0  0  0  0  0  0
  1  2  1  0  0  0  0
  2  3  1  0  0  0  0
  2  7  2  0  0  0  0
  3  4  2  0  0  0  0
  4  5  1  0  0  0  0
  5  6  2  0  0  0  0
  6  7  1  0  0  0  0
  7  8  1  0  0  0  0
  8  9  3  0  0  0  0
M  END
