
  ACD/Labs03221914022D

 11 11  0  0  0  0  0  0  0  0  1 V2000
    0.0000   -0.6682    0.0000 C   0  0  0  0  0  0  0  0  0  0  0  0
    0.0000   -1.9987    0.0000 C   0  0  0  0  0  0  0  0  0  0  0  0
    1.1520   -2.6611    0.0000 C   0  0  0  0  0  0  0  0  0  0  0  0
    2.3040   -1.9987    0.0000 C   0  0  0  0  0  0  0  0  0  0  0  0
    2.3040   -0.6682    0.0000 C   0  0  0  0  0  0  0  0  0  0  0  0
    1.1520    0.0000    0.0000 C   0  0  0  0  0  0  0  0  0  0  0  0
    3.4560   -2.6611    0.0000 C   0  0  0  0  0  0  0  0  0  0  0  0
    4.6080   -1.9987    0.0000 C   0  0  0  0  0  0  0  0  0  0  0  0
    5.7600   -2.6611    0.0000 O   0  0  0  0  0  0  0  0  0  0  0  0
    4.6080   -0.6682    0.0000 O   0  0  0  0  0  0  0  0  0  0  0  0
    3.4560   -3.9917    0.0000 O   0  0  0  0  0  0  0  0  0  0  0  0
  1  2  2  0  0  0  0
  1  6  1  0  0  0  0
  2  3  1  0  0  0  0
  3  4  2  0  0  0  0
  4  5  1  0  0  0  0
  4  7  1  0  0  0  0
  5  6  2  0  0  0  0
  7  8  1  0  0  0  0
  7 11  2  0  0  0  0
  8  9  1  0  0  0  0
  8 10  2  0  0  0  0
M  END
