
  ACD/Labs03221914022D

  8  7  0  0  0  0  0  0  0  0  1 V2000
    0.0000   -1.3313    0.0000 C   0  0  0  0  0  0  0  0  0  0  0  0
    1.1516   -1.9946    0.0000 C   0  0  0  0  0  0  0  0  0  0  0  0
    1.1516   -3.3259    0.0000 C   0  0  0  0  0  0  0  0  0  0  0  0
    2.3033   -1.3313    0.0000 C   0  0  0  0  0  0  0  0  0  0  0  0
    3.4549   -1.9946    0.0000 C   0  0  0  0  0  0  0  0  0  0  0  0
    3.4549   -3.3259    0.0000 O   0  0  0  0  0  0  0  0  0  0  0  0
    4.6066   -1.3313    0.0000 O   0  0  0  0  0  0  0  0  0  0  0  0
    2.3033    0.0000    0.0000 N   0  0  0  0  0  0  0  0  0  0  0  0
  1  2  1  0  0  0  0
  2  3  1  0  0  0  0
  2  4  1  0  0  0  0
  4  5  1  0  0  0  0
  4  8  1  0  0  0  0
  5  6  2  0  0  0  0
  5  7  1  0  0  0  0
M  END
