12032
  Marvin  12300703363D          

 19 19  0  0  0  0            999 V2000
   -2.2144   -2.1530    0.4291 O   0  0  0  0  0  0  0  0  0  0  0  0
   -0.6619   -3.0806   -0.5307 O   0  0  0  0  0  0  0  0  0  0  0  0
   -0.5467    3.8656   -0.1099 O   0  5  0  0  0  0  0  0  0  0  0  0
   -2.2193    2.8891   -0.1020 O   0  0  0  0  0  0  0  0  0  0  0  0
    1.8167   -1.9043    0.0927 N   0  0  0  0  0  0  0  0  0  0  0  0
   -1.0533    2.8082   -0.1061 N   0  3  0  0  0  0  0  0  0  0  0  0
   -0.3522   -0.8569   -0.0373 C   0  0  0  0  0  0  0  0  0  0  0  0
    1.0684   -0.8232   -0.0146 C   0  0  0  0  0  0  0  0  0  0  0  0
   -0.3759    1.6450   -0.0980 C   0  0  0  0  0  0  0  0  0  0  0  0
   -1.0341    0.3881   -0.0726 C   0  0  0  0  0  0  0  0  0  0  0  0
    1.7548    0.4047   -0.0766 C   0  0  0  0  0  0  0  0  0  0  0  0
    1.0397    1.6126   -0.1150 C   0  0  0  0  0  0  0  0  0  0  0  0
   -1.0856   -2.0456   -0.0406 C   0  0  0  0  0  0  0  0  0  0  0  0
   -2.0576    0.3877   -0.0907 H   0  0  0  0  0  0  0  0  0  0  0  0
    2.7788    0.4405   -0.0814 H   0  0  0  0  0  0  0  0  0  0  0  0
    1.5811    2.4796   -0.1496 H   0  0  0  0  0  0  0  0  0  0  0  0
    2.7452   -1.8491   -0.0079 H   0  0  0  0  0  0  0  0  0  0  0  0
    1.4275   -2.7321    0.2836 H   0  0  0  0  0  0  0  0  0  0  0  0
   -2.6113   -1.4763    0.8275 H   0  0  0  0  0  0  0  0  0  0  0  0
  1 13  1  0  0  0  0
  1 19  1  0  0  0  0
  2 13  2  0  0  0  0
  3  6  1  0  0  0  0
  4  6  2  0  0  0  0
  5  8  1  0  0  0  0
  5 17  1  0  0  0  0
  5 18  1  0  0  0  0
  6  9  1  0  0  0  0
  7  8  2  0  0  0  0
  7 10  1  0  0  0  0
  7 13  1  0  0  0  0
  8 11  1  0  0  0  0
  9 10  2  0  0  0  0
  9 12  1  0  0  0  0
 10 14  1  0  0  0  0
 11 12  2  0  0  0  0
 11 15  1  0  0  0  0
 12 16  1  0  0  0  0
M  CHG  2   3  -1   6   1
M  END
> <PUBCHEM_BONDANNOTATIONS>
11  12  8
7  10  8
7  8  8
8  11  8
9  10  8
9  12  8

$$$$
