
  ACD/Labs03221913572D

 11 11  0  0  0  0  0  0  0  0  1 V2000
    0.0000   -1.3272    0.0000 C   0  0  0  0  0  0  0  0  0  0  0  0
    1.1544   -1.9908    0.0000 O   0  0  0  0  0  0  0  0  0  0  0  0
    2.3019   -1.3272    0.0000 C   0  0  0  0  0  0  0  0  0  0  0  0
    3.4563   -1.9908    0.0000 C   0  0  0  0  0  0  0  0  0  0  0  0
    3.4563   -3.3250    0.0000 C   0  0  0  0  0  0  0  0  0  0  0  0
    4.6107   -3.9886    0.0000 C   0  0  0  0  0  0  0  0  0  0  0  0
    5.7582   -3.3250    0.0000 C   0  0  0  0  0  0  0  0  0  0  0  0
    5.7582   -1.9908    0.0000 C   0  0  0  0  0  0  0  0  0  0  0  0
    4.6107   -1.3272    0.0000 C   0  0  0  0  0  0  0  0  0  0  0  0
    6.9126   -3.9886    0.0000 N   0  0  0  0  0  0  0  0  0  0  0  0
    2.3019    0.0000    0.0000 O   0  0  0  0  0  0  0  0  0  0  0  0
  1  2  1  0  0  0  0
  2  3  1  0  0  0  0
  3  4  1  0  0  0  0
  3 11  2  0  0  0  0
  4  5  2  0  0  0  0
  4  9  1  0  0  0  0
  5  6  1  0  0  0  0
  6  7  2  0  0  0  0
  7  8  1  0  0  0  0
  7 10  1  0  0  0  0
  8  9  2  0  0  0  0
M  END
