12085
  Marvin  12300703363D          

 15 15  0  0  0  0            999 V2000
    1.9482    3.6005   -0.0583 I   0  0  0  0  0  0  0  0  0  0  0  0
   -0.7285   -2.8900    0.4334 O   0  0  0  0  0  0  0  0  0  0  0  0
   -2.3133   -1.9744   -0.5068 O   0  0  0  0  0  0  0  0  0  0  0  0
   -0.4960   -0.6495   -0.0608 C   0  0  0  0  0  0  0  0  0  0  0  0
    0.9215   -0.6145   -0.0537 C   0  0  0  0  0  0  0  0  0  0  0  0
   -1.1811    0.5915   -0.0788 C   0  0  0  0  0  0  0  0  0  0  0  0
    1.6251    0.6052   -0.0573 C   0  0  0  0  0  0  0  0  0  0  0  0
   -0.4833    1.8148   -0.0736 C   0  0  0  0  0  0  0  0  0  0  0  0
    0.9224    1.8215   -0.0637 C   0  0  0  0  0  0  0  0  0  0  0  0
   -1.1854   -1.8578   -0.0468 C   0  0  0  0  0  0  0  0  0  0  0  0
    1.4712   -1.4774   -0.0553 H   0  0  0  0  0  0  0  0  0  0  0  0
   -2.2040    0.6288   -0.0837 H   0  0  0  0  0  0  0  0  0  0  0  0
    2.6470    0.6046   -0.0556 H   0  0  0  0  0  0  0  0  0  0  0  0
   -0.9982    2.6974   -0.0744 H   0  0  0  0  0  0  0  0  0  0  0  0
    0.0541   -2.9007    0.8354 H   0  0  0  0  0  0  0  0  0  0  0  0
  1  9  1  0  0  0  0
  2 10  1  0  0  0  0
  2 15  1  0  0  0  0
  3 10  2  0  0  0  0
  4  5  2  0  0  0  0
  4  6  1  0  0  0  0
  4 10  1  0  0  0  0
  5  7  1  0  0  0  0
  5 11  1  0  0  0  0
  6  8  2  0  0  0  0
  6 12  1  0  0  0  0
  7  9  2  0  0  0  0
  7 13  1  0  0  0  0
  8  9  1  0  0  0  0
  8 14  1  0  0  0  0
M  END
> <PUBCHEM_BONDANNOTATIONS>
4  5  8
4  6  8
5  7  8
6  8  8
7  9  8
8  9  8

$$$$
