
  ACD/Labs04281711492D

 11 11  0  0  0  0  0  0  0  0  1 V2000
    2.6614   -6.9126    0.0000 C   0  0  0  0  0  0  0  0  0  0  0  0
    1.9978   -5.7582    0.0000 O   0  0  0  0  0  0  0  0  0  0  0  0
    2.6614   -4.6107    0.0000 C   0  0  0  0  0  0  0  0  0  0  0  0
    3.9886   -4.6107    0.0000 O   0  0  0  0  0  0  0  0  0  0  0  0
    1.9978   -3.4563    0.0000 C   0  0  0  0  0  0  0  0  0  0  0  0
    2.6614   -2.3019    0.0000 C   0  0  0  0  0  0  0  0  0  0  0  0
    1.9978   -1.1544    0.0000 C   0  0  0  0  0  0  0  0  0  0  0  0
    0.6636   -1.1544    0.0000 C   0  0  0  0  0  0  0  0  0  0  0  0
    0.0000    0.0000    0.0000 Br  0  0  0  0  0  0  0  0  0  0  0  0
    0.0000   -2.3019    0.0000 C   0  0  0  0  0  0  0  0  0  0  0  0
    0.6636   -3.4563    0.0000 C   0  0  0  0  0  0  0  0  0  0  0  0
  1  2  1  0  0  0  0
  2  3  1  0  0  0  0
  3  4  2  0  0  0  0
  3  5  1  0  0  0  0
  5  6  1  0  0  0  0
  5 11  2  0  0  0  0
  6  7  2  0  0  0  0
  7  8  1  0  0  0  0
  8  9  1  0  0  0  0
  8 10  2  0  0  0  0
 10 11  1  0  0  0  0
M  END
