12081
  Marvin  12300703363D          

 18 18  0  0  0  0            999 V2000
    2.2867    4.1461   -0.2412 Br  0  0  0  0  0  0  0  0  0  0  0  0
   -0.4701   -2.0473    0.3582 O   0  0  0  0  0  0  0  0  0  0  0  0
   -1.9962   -1.0978   -0.8091 O   0  0  0  0  0  0  0  0  0  0  0  0
   -0.1538    0.1184   -0.2927 C   0  0  0  0  0  0  0  0  0  0  0  0
    1.2644    0.1140   -0.2704 C   0  0  0  0  0  0  0  0  0  0  0  0
   -0.8038    1.3783   -0.3130 C   0  0  0  0  0  0  0  0  0  0  0  0
    1.9988    1.3156   -0.2617 C   0  0  0  0  0  0  0  0  0  0  0  0
   -0.0772    2.5816   -0.2936 C   0  0  0  0  0  0  0  0  0  0  0  0
    1.3281    2.5516   -0.2683 C   0  0  0  0  0  0  0  0  0  0  0  0
   -0.8996   -1.0561   -0.2617 C   0  0  0  0  0  0  0  0  0  0  0  0
   -1.0960   -3.1310    0.8342 C   0  0  0  0  0  0  0  0  0  0  0  0
    1.7876   -0.7660   -0.2642 H   0  0  0  0  0  0  0  0  0  0  0  0
   -1.8258    1.4447   -0.3245 H   0  0  0  0  0  0  0  0  0  0  0  0
    3.0211    1.2894   -0.2485 H   0  0  0  0  0  0  0  0  0  0  0  0
   -0.5748    3.4746   -0.2929 H   0  0  0  0  0  0  0  0  0  0  0  0
   -0.3527   -3.8137    1.2463 H   0  0  0  0  0  0  0  0  0  0  0  0
   -1.7760   -2.8420    1.6401 H   0  0  0  0  0  0  0  0  0  0  0  0
   -1.6607   -3.6605    0.0629 H   0  0  0  0  0  0  0  0  0  0  0  0
  1  9  1  0  0  0  0
  2 10  1  0  0  0  0
  2 11  1  0  0  0  0
  3 10  2  0  0  0  0
  4  5  2  0  0  0  0
  4  6  1  0  0  0  0
  4 10  1  0  0  0  0
  5  7  1  0  0  0  0
  5 12  1  0  0  0  0
  6  8  2  0  0  0  0
  6 13  1  0  0  0  0
  7  9  2  0  0  0  0
  7 14  1  0  0  0  0
  8  9  1  0  0  0  0
  8 15  1  0  0  0  0
 11 16  1  0  0  0  0
 11 17  1  0  0  0  0
 11 18  1  0  0  0  0
M  END
> <PUBCHEM_BONDANNOTATIONS>
4  5  8
4  6  8
5  7  8
6  8  8
7  9  8
8  9  8

$$$$
