12124
  Marvin  12300703363D          

 20 20  0  0  0  0            999 V2000
    2.6235    1.4773    0.6762 O   0  0  0  0  0  0  0  0  0  0  0  0
   -1.5767   -3.2845   -0.0276 O   0  0  0  0  0  0  0  0  0  0  0  0
   -1.2598   -1.1948    0.2314 N   0  0  0  0  0  0  0  0  0  0  0  0
   -0.6281   -0.0281    0.3451 C   0  0  0  0  0  0  0  0  0  0  0  0
    0.7670    0.1138    0.5428 C   0  0  0  0  0  0  0  0  0  0  0  0
   -1.4144    1.1423    0.2574 C   0  0  0  0  0  0  0  0  0  0  0  0
    1.3765    1.3840    0.5492 C   0  0  0  0  0  0  0  0  0  0  0  0
   -0.8158    2.4156    0.2763 C   0  0  0  0  0  0  0  0  0  0  0  0
    0.5803    2.5354    0.4028 C   0  0  0  0  0  0  0  0  0  0  0  0
   -0.8792   -2.3184   -0.3027 C   0  0  0  0  0  0  0  0  0  0  0  0
    0.2285   -2.5466   -1.2118 C   0  0  0  0  0  0  0  0  0  0  0  0
    1.3516   -0.7146    0.6784 H   0  0  0  0  0  0  0  0  0  0  0  0
   -2.4321    1.0834    0.1587 H   0  0  0  0  0  0  0  0  0  0  0  0
   -2.1350   -1.1985    0.5647 H   0  0  0  0  0  0  0  0  0  0  0  0
   -1.3935    3.2546    0.1894 H   0  0  0  0  0  0  0  0  0  0  0  0
    1.0095    3.4638    0.3903 H   0  0  0  0  0  0  0  0  0  0  0  0
   -0.1044   -3.0956   -2.0946 H   0  0  0  0  0  0  0  0  0  0  0  0
    1.0025   -3.1282   -0.7083 H   0  0  0  0  0  0  0  0  0  0  0  0
    0.6763   -1.6227   -1.5793 H   0  0  0  0  0  0  0  0  0  0  0  0
    3.0233    2.2617    0.6617 H   0  0  0  0  0  0  0  0  0  0  0  0
  1  7  1  0  0  0  0
  1 20  1  0  0  0  0
  2 10  2  0  0  0  0
  3  4  1  0  0  0  0
  3 10  1  0  0  0  0
  3 14  1  0  0  0  0
  4  5  2  0  0  0  0
  4  6  1  0  0  0  0
  5  7  1  0  0  0  0
  5 12  1  0  0  0  0
  6  8  2  0  0  0  0
  6 13  1  0  0  0  0
  7  9  2  0  0  0  0
  8  9  1  0  0  0  0
  8 15  1  0  0  0  0
  9 16  1  0  0  0  0
 10 11  1  0  0  0  0
 11 17  1  0  0  0  0
 11 18  1  0  0  0  0
 11 19  1  0  0  0  0
M  END
> <PUBCHEM_BONDANNOTATIONS>
4  5  8
4  6  8
5  7  8
6  8  8
7  9  8
8  9  8

$$$$
