
  ACD/Labs04281712172D

 11 11  0  0  0  0  0  0  0  0  1 V2000
    3.9927   -5.7585    0.0000 N   0  0  0  0  0  0  0  0  0  0  0  0
    4.6571   -4.6092    0.0000 C   0  0  0  0  0  0  0  0  0  0  0  0
    5.9860   -4.6092    0.0000 O   0  0  0  0  0  0  0  0  0  0  0  0
    3.9927   -3.4539    0.0000 O   0  0  0  0  0  0  0  0  0  0  0  0
    2.6578   -3.4539    0.0000 C   0  0  0  0  0  0  0  0  0  0  0  0
    1.9933   -2.3046    0.0000 C   0  0  0  0  0  0  0  0  0  0  0  0
    2.6578   -1.1493    0.0000 C   0  0  0  0  0  0  0  0  0  0  0  0
    1.9933    0.0000    0.0000 C   0  0  0  0  0  0  0  0  0  0  0  0
    0.6644    0.0000    0.0000 C   0  0  0  0  0  0  0  0  0  0  0  0
    0.0000   -1.1493    0.0000 C   0  0  0  0  0  0  0  0  0  0  0  0
    0.6644   -2.3046    0.0000 C   0  0  0  0  0  0  0  0  0  0  0  0
  1  2  1  0  0  0  0
  2  3  2  0  0  0  0
  2  4  1  0  0  0  0
  4  5  1  0  0  0  0
  5  6  1  0  0  0  0
  6  7  1  0  0  0  0
  6 11  2  0  0  0  0
  7  8  2  0  0  0  0
  8  9  1  0  0  0  0
  9 10  2  0  0  0  0
 10 11  1  0  0  0  0
M  END
