
  1019              3D

 18 16  0  0  0  0  0  0  0  0999 V2000
    2.0250   -1.1308    0.0035 C   0  0  0  0  0  0  0  0  0  0  0  0
    0.0022   -0.3661    1.0407 N   0  0  0  0  0  0  0  0  0  0  0  0
    0.5210   -1.1650   -0.0563 C   0  0  0  0  0  0  0  0  0  0  0  0
    2.6989   -0.1074    0.0014 O   0  0  0  0  0  0  0  0  0  0  0  0
    2.5555   -2.3832    0.0731 O   0  0  0  0  0  0  0  0  0  0  0  0
    2.5472   -3.0854   -1.1782 C   0  0  0  0  0  0  0  0  0  0  0  0
    3.3458   -4.3619   -1.0280 C   0  0  0  0  0  0  0  0  0  0  0  0
    6.2161   -1.5897   -0.0083 Cl  0  0  0  0  0  0  0  0  0  0  0  0
    0.2047   -0.7493   -1.0171 H   0  0  0  0  0  0  0  0  0  0  0  0
    0.1475   -2.1899    0.0268 H   0  0  0  0  0  0  0  0  0  0  0  0
   -1.0167   -0.3746    0.9946 H   0  0  0  0  0  0  0  0  0  0  0  0
    0.2413   -0.8086    1.9277 H   0  0  0  0  0  0  0  0  0  0  0  0
    1.5146   -3.3406   -1.4412 H   0  0  0  0  0  0  0  0  0  0  0  0
    2.9742   -2.4578   -1.9687 H   0  0  0  0  0  0  0  0  0  0  0  0
    2.8004   -5.0863   -0.4146 H   0  0  0  0  0  0  0  0  0  0  0  0
    3.5201   -4.8119   -2.0098 H   0  0  0  0  0  0  0  0  0  0  0  0
    4.3176   -4.1721   -0.5625 H   0  0  0  0  0  0  0  0  0  0  0  0
    6.1917   -1.6160    1.2788 H   0  0  0  0  0  0  0  0  0  0  0  0
  1  3  1  0  0  0  0
  1  4  2  0  0  0  0
  1  5  1  0  0  0  0
  2  3  1  0  0  0  0
  5  6  1  0  0  0  0
  6  7  1  0  0  0  0
  3  9  1  0  0  0  0
  3 10  1  0  0  0  0
  2 11  1  0  0  0  0
  2 12  1  0  0  0  0
  6 13  1  0  0  0  0
  6 14  1  0  0  0  0
  7 15  1  0  0  0  0
  7 16  1  0  0  0  0
  7 17  1  0  0  0  0
  8 18  1  0  0  0  0
M  END
>  <energy>
13.657503812364094

$$$$
