
  ACD/Labs03221913572D

  8  6  0  0  0  0  0  0  0  0  1 V2000
    0.0000   -1.9211    0.0000 C   0  0  0  0  0  0  0  0  0  0  0  0
    1.3304   -1.9211    0.0000 C   0  0  0  0  0  0  0  0  0  0  0  0
    1.9956   -3.0706    0.0000 O   0  0  0  0  0  0  0  0  0  0  0  0
    3.3260   -3.0706    0.0000 C   0  0  0  0  0  0  0  0  0  0  0  0
    3.9912   -1.9211    0.0000 C   0  0  0  0  0  0  0  0  0  0  0  0
    5.3216   -1.9211    0.0000 N   0  0  0  0  0  0  0  0  0  0  0  0
    3.9912   -4.2253    0.0000 O   0  0  0  0  0  0  0  0  0  0  0  0
    3.1185    0.0000    0.0000 Cl  0  0  0  0  0  0  0  0  0  0  0  0
  1  2  1  0  0  0  0
  2  3  1  0  0  0  0
  3  4  1  0  0  0  0
  4  5  1  0  0  0  0
  4  7  2  0  0  0  0
  5  6  1  0  0  0  0
M  END
