
  ACD/Labs06251410132D

  8  8  0  0  0  0  0  0  0  0  1 V2000
    3.9907   -3.4560    0.0000 O   0  0  0  0  0  0  0  0  0  0  0  0
    3.3243   -2.3027    0.0000 C   0  0  0  0  0  0  0  0  0  0  0  0
    3.9907   -1.1533    0.0000 C   0  0  0  0  0  0  0  0  0  0  0  0
    3.3243    0.0000    0.0000 C   0  0  0  0  0  0  0  0  0  0  0  0
    1.9954    0.0000    0.0000 N   0  0  0  0  0  0  0  0  0  0  0  0
    1.3289   -1.1533    0.0000 C   0  0  0  0  0  0  0  0  0  0  0  0
    0.0000   -1.1533    0.0000 O   0  0  0  0  0  0  0  0  0  0  0  0
    1.9954   -2.3027    0.0000 C   0  0  0  0  0  0  0  0  0  0  0  0
  1  2  1  0  0  0  0
  2  3  1  0  0  0  0
  2  8  2  0  0  0  0
  3  4  2  0  0  0  0
  4  5  1  0  0  0  0
  5  6  2  0  0  0  0
  6  7  1  0  0  0  0
  6  8  1  0  0  0  0
M  END
