12290
  Marvin  12300703363D          

 12 12  0  0  0  0            999 V2000
   -2.4075   -0.8622   -0.1198 O   0  0  0  0  0  0  0  0  0  0  0  0
    1.2470    0.4466    0.1137 N   0  0  0  0  0  0  0  0  0  0  0  0
   -1.2560   -0.4498   -0.0838 C   0  0  0  0  0  0  0  0  0  0  0  0
   -0.2087   -1.3389   -0.0590 C   0  0  0  0  0  0  0  0  0  0  0  0
   -1.0110    0.9021   -0.0590 C   0  0  0  0  0  0  0  0  0  0  0  0
    1.0483   -0.8543    0.0434 C   0  0  0  0  0  0  0  0  0  0  0  0
    0.2675    1.3255    0.0434 C   0  0  0  0  0  0  0  0  0  0  0  0
   -0.3616   -2.3197   -0.1145 H   0  0  0  0  0  0  0  0  0  0  0  0
   -1.7521    1.5628   -0.1144 H   0  0  0  0  0  0  0  0  0  0  0  0
    1.8293   -1.4661    0.0660 H   0  0  0  0  0  0  0  0  0  0  0  0
    0.4827    2.2941    0.0660 H   0  0  0  0  0  0  0  0  0  0  0  0
    2.1221    0.7600    0.2182 H   0  0  0  0  0  0  0  0  0  0  0  0
  1  3  2  0  0  0  0
  2  6  1  0  0  0  0
  2  7  1  0  0  0  0
  2 12  1  0  0  0  0
  3  4  1  0  0  0  0
  3  5  1  0  0  0  0
  4  6  2  0  0  0  0
  4  8  1  0  0  0  0
  5  7  2  0  0  0  0
  5  9  1  0  0  0  0
  6 10  1  0  0  0  0
  7 11  1  0  0  0  0
M  END
> <PUBCHEM_BONDANNOTATIONS>
2  6  8
2  7  8
3  4  8
3  5  8
4  6  8
5  7  8

$$$$
