12473
  Marvin  12300703363D          

 13 13  0  0  0  0            999 V2000
    0.7439   -2.4800   -0.3858 O   0  0  0  0  0  0  0  0  0  0  0  0
    2.3050   -1.3969    0.4650 O   0  0  0  0  0  0  0  0  0  0  0  0
   -0.9750   -0.2642    0.0323 N   0  0  0  0  0  0  0  0  0  0  0  0
    0.3707   -0.2804    0.0622 C   0  0  0  0  0  0  0  0  0  0  0  0
    0.7922    1.0500    0.1050 C   0  0  0  0  0  0  0  0  0  0  0  0
   -1.4338    0.9964    0.0523 C   0  0  0  0  0  0  0  0  0  0  0  0
   -0.3412    1.8528    0.0888 C   0  0  0  0  0  0  0  0  0  0  0  0
    1.1559   -1.4117    0.0500 C   0  0  0  0  0  0  0  0  0  0  0  0
   -1.5381   -1.0539    0.0093 H   0  0  0  0  0  0  0  0  0  0  0  0
    1.7574    1.3852    0.1304 H   0  0  0  0  0  0  0  0  0  0  0  0
   -2.4162    1.2743    0.0425 H   0  0  0  0  0  0  0  0  0  0  0  0
   -0.3667    2.8738    0.1003 H   0  0  0  0  0  0  0  0  0  0  0  0
   -0.0541   -2.5455   -0.7523 H   0  0  0  0  0  0  0  0  0  0  0  0
  1  8  1  0  0  0  0
  1 13  1  0  0  0  0
  2  8  2  0  0  0  0
  3  4  1  0  0  0  0
  3  6  1  0  0  0  0
  3  9  1  0  0  0  0
  4  5  2  0  0  0  0
  4  8  1  0  0  0  0
  5  7  1  0  0  0  0
  5 10  1  0  0  0  0
  6  7  2  0  0  0  0
  6 11  1  0  0  0  0
  7 12  1  0  0  0  0
M  END
> <PUBCHEM_BONDANNOTATIONS>
3  4  8
3  6  8
4  5  8
5  7  8
6  7  8

$$$$
