
  ACD/Labs06251410132D

  8  8  0  0  0  0  0  0  0  0  1 V2000
    0.7842   -4.4056    0.0000 O   0  0  0  0  0  0  0  0  0  0  0  0
    1.6741   -3.4187    0.0000 C   0  0  0  0  0  0  0  0  0  0  0  0
    2.9782   -3.6919    0.0000 O   0  0  0  0  0  0  0  0  0  0  0  0
    1.2644   -2.1543    0.0000 C   0  0  0  0  0  0  0  0  0  0  0  0
    2.0442   -1.0750    0.0000 C   0  0  0  0  0  0  0  0  0  0  0  0
    1.2644    0.0000    0.0000 C   0  0  0  0  0  0  0  0  0  0  0  0
    0.0000   -0.4097    0.0000 C   0  0  0  0  0  0  0  0  0  0  0  0
    0.0000   -1.7402    0.0000 N   0  0  0  0  0  0  0  0  0  0  0  0
  1  2  1  0  0  0  0
  2  3  2  0  0  0  0
  2  4  1  0  0  0  0
  4  5  2  0  0  0  0
  4  8  1  0  0  0  0
  5  6  1  0  0  0  0
  6  7  2  0  0  0  0
  7  8  1  0  0  0  0
M  END
