
  ACD/Labs04281711282D

 12 13  0  0  0  0  0  0  0  0  1 V2000
    1.3433   -5.0060    0.0000 C   0  0  0  0  0  0  0  0  0  0  0  0
    2.6099   -4.5948    0.0000 C   0  0  0  0  0  0  0  0  0  0  0  0
    3.5969   -5.4831    0.0000 O   0  0  0  0  0  0  0  0  0  0  0  0
    2.8841   -3.2898    0.0000 C   0  0  0  0  0  0  0  0  0  0  0  0
    4.1013   -2.7525    0.0000 C   0  0  0  0  0  0  0  0  0  0  0  0
    3.9588   -1.4311    0.0000 N   0  0  0  0  0  0  0  0  0  0  0  0
    2.6593   -1.1514    0.0000 C   0  0  0  0  0  0  0  0  0  0  0  0
    1.9958    0.0000    0.0000 C   0  0  0  0  0  0  0  0  0  0  0  0
    0.6634    0.0000    0.0000 C   0  0  0  0  0  0  0  0  0  0  0  0
    0.0000   -1.1514    0.0000 C   0  0  0  0  0  0  0  0  0  0  0  0
    0.6634   -2.3029    0.0000 C   0  0  0  0  0  0  0  0  0  0  0  0
    1.9958   -2.3029    0.0000 C   0  0  0  0  0  0  0  0  0  0  0  0
  1  2  1  0  0  0  0
  2  3  2  0  0  0  0
  2  4  1  0  0  0  0
  4  5  2  0  0  0  0
  4 12  1  0  0  0  0
  5  6  1  0  0  0  0
  6  7  1  0  0  0  0
  7  8  1  0  0  0  0
  7 12  2  0  0  0  0
  8  9  2  0  0  0  0
  9 10  1  0  0  0  0
 10 11  2  0  0  0  0
 11 12  1  0  0  0  0
M  END
