12802
  Marvin  12300703363D          

 21 22  0  0  0  0            999 V2000
   -1.7169    2.9683   -0.0000 O   0  0  0  0  0  0  0  0  0  0  0  0
    1.9430    1.2017    0.0000 N   0  0  0  0  0  0  0  0  0  0  0  0
    0.1519   -0.1365   -0.0000 C   0  0  0  0  0  0  0  0  0  0  0  0
    1.5552   -0.0757   -0.0000 C   0  0  0  0  0  0  0  0  0  0  0  0
   -0.3266    1.1886   -0.0000 C   0  0  0  0  0  0  0  0  0  0  0  0
    0.8440    1.9649   -0.0000 C   0  0  0  0  0  0  0  0  0  0  0  0
   -0.4503   -1.4165   -0.0000 C   0  0  0  0  0  0  0  0  0  0  0  0
    2.3685   -1.2231    0.0000 C   0  0  0  0  0  0  0  0  0  0  0  0
   -1.6108    1.7478   -0.0000 C   0  0  0  0  0  0  0  0  0  0  0  0
    0.3418   -2.5823   -0.0000 C   0  0  0  0  0  0  0  0  0  0  0  0
    1.7453   -2.4853   -0.0000 C   0  0  0  0  0  0  0  0  0  0  0  0
   -2.9053    1.0944    0.0000 C   0  0  0  0  0  0  0  0  0  0  0  0
    2.8592    1.5215   -0.0000 H   0  0  0  0  0  0  0  0  0  0  0  0
    0.8901    2.9867   -0.0000 H   0  0  0  0  0  0  0  0  0  0  0  0
   -1.4539   -1.5575   -0.0000 H   0  0  0  0  0  0  0  0  0  0  0  0
    3.3871   -1.1442    0.0000 H   0  0  0  0  0  0  0  0  0  0  0  0
   -0.1064   -3.5017   -0.0000 H   0  0  0  0  0  0  0  0  0  0  0  0
    2.3126   -3.3356    0.0000 H   0  0  0  0  0  0  0  0  0  0  0  0
   -3.4720    1.3846    0.8873 H   0  0  0  0  0  0  0  0  0  0  0  0
   -3.4720    1.3846   -0.8873 H   0  0  0  0  0  0  0  0  0  0  0  0
   -2.8844    0.0156    0.0000 H   0  0  0  0  0  0  0  0  0  0  0  0
  1  9  2  0  0  0  0
  2  4  1  0  0  0  0
  2  6  1  0  0  0  0
  2 13  1  0  0  0  0
  3  4  1  0  0  0  0
  3  5  1  0  0  0  0
  3  7  2  0  0  0  0
  4  8  2  0  0  0  0
  5  6  2  0  0  0  0
  5  9  1  0  0  0  0
  6 14  1  0  0  0  0
  7 10  1  0  0  0  0
  7 15  1  0  0  0  0
  8 11  1  0  0  0  0
  8 16  1  0  0  0  0
  9 12  1  0  0  0  0
 10 11  2  0  0  0  0
 10 17  1  0  0  0  0
 11 18  1  0  0  0  0
 12 19  1  0  0  0  0
 12 20  1  0  0  0  0
 12 21  1  0  0  0  0
M  END
> <PUBCHEM_BONDANNOTATIONS>
10  11  8
2  4  8
2  6  8
3  4  8
3  5  8
3  7  8
4  8  8
5  6  8
7  10  8
8  11  8

$$$$
