
  ACD/Labs03221913572D

  9  9  0  0  0  0  0  0  0  0  1 V2000
    1.1595   -0.6698    0.0000 C   0  0  0  0  0  0  0  0  0  0  0  0
    2.2821   -0.0092    0.0000 C   0  0  0  0  0  0  0  0  0  0  0  0
    3.4739   -0.6698    0.0000 C   0  0  0  0  0  0  0  0  0  0  0  0
    3.4739   -1.9957    0.0000 C   0  0  0  0  0  0  0  0  0  0  0  0
    2.2821   -2.6609    0.0000 C   0  0  0  0  0  0  0  0  0  0  0  0
    1.1595   -1.9957    0.0000 C   0  0  0  0  0  0  0  0  0  0  0  0
    0.0046   -2.6563    0.0000 C   0  0  0  0  0  0  0  0  0  0  0  0
    0.0000   -3.9821    0.0000 O   0  0  0  0  0  0  0  0  0  0  0  0
    4.6196    0.0000    0.0000 O   0  0  0  0  0  0  0  0  0  0  0  0
  1  2  2  0  0  0  0
  1  6  1  0  0  0  0
  2  3  1  0  0  0  0
  3  4  2  0  0  0  0
  3  9  1  0  0  0  0
  4  5  1  0  0  0  0
  5  6  2  0  0  0  0
  6  7  1  0  0  0  0
  7  8  1  0  0  0  0
M  END
