
  ACD/Labs02211713302D

 15 16  0  0  0  0  0  0  0  0  1 V2000
   10.6191   -1.0301    0.0000 N   0  0  0  0  0  0  0  0  0  0  0  0
    9.2811   -1.0725    0.0000 C   0  0  0  0  0  0  0  0  0  0  0  0
    7.9537   -1.1150    0.0000 C   0  0  0  0  0  0  0  0  0  0  0  0
    7.2847   -0.0106    0.0000 C   0  0  0  0  0  0  0  0  0  0  0  0
    5.9679    0.0000    0.0000 C   0  0  0  0  0  0  0  0  0  0  0  0
    5.3520   -1.1893    0.0000 C   0  0  0  0  0  0  0  0  0  0  0  0
    6.0210   -2.2937    0.0000 C   0  0  0  0  0  0  0  0  0  0  0  0
    7.3378   -2.3043    0.0000 C   0  0  0  0  0  0  0  0  0  0  0  0
    4.0140   -1.2318    0.0000 C   0  0  0  0  0  0  0  0  0  0  0  0
    3.3981   -2.4105    0.0000 C   0  0  0  0  0  0  0  0  0  0  0  0
    2.0813   -2.4743    0.0000 C   0  0  0  0  0  0  0  0  0  0  0  0
    1.3380   -1.3274    0.0000 C   0  0  0  0  0  0  0  0  0  0  0  0
    0.0000   -1.3805    0.0000 O   0  0  0  0  0  0  0  0  0  0  0  0
    1.9539   -0.1380    0.0000 C   0  0  0  0  0  0  0  0  0  0  0  0
    3.3344   -0.1168    0.0000 C   0  0  0  0  0  0  0  0  0  0  0  0
  1  2  3  0  0  0  0
  2  3  1  0  0  0  0
  3  4  2  0  0  0  0
  3  8  1  0  0  0  0
  4  5  1  0  0  0  0
  5  6  2  0  0  0  0
  6  7  1  0  0  0  0
  6  9  1  0  0  0  0
  7  8  2  0  0  0  0
  9 10  2  0  0  0  0
  9 15  1  0  0  0  0
 10 11  1  0  0  0  0
 11 12  2  0  0  0  0
 12 13  1  0  0  0  0
 12 14  1  0  0  0  0
 14 15  2  0  0  0  0
M  END
