140610
  Marvin  01010811133D          

 24 25  0  0  0  0            999 V2000
    2.4451    4.2464   -0.0000 O   0  0  0  0  0  0  0  0  0  0  0  0
   -3.0476   -5.2098   -0.0000 N   0  0  0  0  0  0  0  0  0  0  0  0
    0.3457    0.6770   -0.0000 C   0  0  0  0  0  0  0  0  0  0  0  0
   -0.3785   -0.5803    0.0000 C   0  0  0  0  0  0  0  0  0  0  0  0
    1.7686    0.7422   -0.0000 C   0  0  0  0  0  0  0  0  0  0  0  0
   -0.2994    1.9482   -0.0000 C   0  0  0  0  0  0  0  0  0  0  0  0
   -1.8005   -0.6525    0.0000 C   0  0  0  0  0  0  0  0  0  0  0  0
    0.2708   -1.8484   -0.0000 C   0  0  0  0  0  0  0  0  0  0  0  0
    2.4890    1.9484    0.0000 C   0  0  0  0  0  0  0  0  0  0  0  0
    0.3975    3.1709    0.0000 C   0  0  0  0  0  0  0  0  0  0  0  0
   -2.5166   -1.8634   -0.0000 C   0  0  0  0  0  0  0  0  0  0  0  0
   -0.4177   -3.0748   -0.0000 C   0  0  0  0  0  0  0  0  0  0  0  0
    1.8011    3.1707    0.0000 C   0  0  0  0  0  0  0  0  0  0  0  0
   -1.8240   -3.0878    0.0000 C   0  0  0  0  0  0  0  0  0  0  0  0
   -2.4745   -4.2160   -0.0000 C   0  0  0  0  0  0  0  0  0  0  0  0
    2.3608   -0.0856   -0.0000 H   0  0  0  0  0  0  0  0  0  0  0  0
   -1.3128    2.0504    0.0000 H   0  0  0  0  0  0  0  0  0  0  0  0
   -2.3914    0.1769   -0.0000 H   0  0  0  0  0  0  0  0  0  0  0  0
    1.2842   -1.9478    0.0000 H   0  0  0  0  0  0  0  0  0  0  0  0
    3.5124    1.9304    0.0000 H   0  0  0  0  0  0  0  0  0  0  0  0
   -0.1207    4.0539    0.0000 H   0  0  0  0  0  0  0  0  0  0  0  0
   -3.5415   -1.8308    0.0000 H   0  0  0  0  0  0  0  0  0  0  0  0
    0.1243   -3.9456    0.0000 H   0  0  0  0  0  0  0  0  0  0  0  0
    3.3257    4.2274    0.0000 H   0  0  0  0  0  0  0  0  0  0  0  0
  1 13  1  0  0  0  0
  1 24  1  0  0  0  0
  2 15  3  0  0  0  0
  3  4  1  0  0  0  0
  3  5  2  0  0  0  0
  3  6  1  0  0  0  0
  4  7  2  0  0  0  0
  4  8  1  0  0  0  0
  5  9  1  0  0  0  0
  5 16  1  0  0  0  0
  6 10  2  0  0  0  0
  6 17  1  0  0  0  0
  7 11  1  0  0  0  0
  7 18  1  0  0  0  0
  8 12  2  0  0  0  0
  8 19  1  0  0  0  0
  9 13  2  0  0  0  0
  9 20  1  0  0  0  0
 10 13  1  0  0  0  0
 10 21  1  0  0  0  0
 11 14  2  0  0  0  0
 11 22  1  0  0  0  0
 12 14  1  0  0  0  0
 12 23  1  0  0  0  0
 14 15  1  0  0  0  0
M  END
> <PUBCHEM_BONDANNOTATIONS>
10  13  8
11  14  8
12  14  8
3  5  8
3  6  8
4  7  8
4  8  8
5  9  8
6  10  8
7  11  8
8  12  8
9  13  8

$$$$
