
  ACD/Labs03221913572D

 12 12  0  0  0  0  0  0  0  0  1 V2000
    3.4580   -3.3250    0.0000 C   0  0  0  0  0  0  0  0  0  0  0  0
    2.3036   -3.9901    0.0000 C   0  0  0  0  0  0  0  0  0  0  0  0
    1.1491   -3.3250    0.0000 C   0  0  0  0  0  0  0  0  0  0  0  0
    1.1491   -1.9950    0.0000 C   0  0  0  0  0  0  0  0  0  0  0  0
    2.3036   -1.3300    0.0000 C   0  0  0  0  0  0  0  0  0  0  0  0
    3.4580   -1.9950    0.0000 C   0  0  0  0  0  0  0  0  0  0  0  0
    4.6072   -1.3300    0.0000 F   0  0  0  0  0  0  0  0  0  0  0  0
    2.3036    0.0000    0.0000 F   0  0  0  0  0  0  0  0  0  0  0  0
    0.0000   -1.3300    0.0000 O   0  0  0  0  0  0  0  0  0  0  0  0
    0.0000   -3.9901    0.0000 F   0  0  0  0  0  0  0  0  0  0  0  0
    2.3036   -5.3201    0.0000 F   0  0  0  0  0  0  0  0  0  0  0  0
    4.6072   -3.9901    0.0000 F   0  0  0  0  0  0  0  0  0  0  0  0
  1  2  2  0  0  0  0
  1  6  1  0  0  0  0
  1 12  1  0  0  0  0
  2  3  1  0  0  0  0
  2 11  1  0  0  0  0
  3  4  2  0  0  0  0
  3 10  1  0  0  0  0
  4  5  1  0  0  0  0
  4  9  1  0  0  0  0
  5  6  2  0  0  0  0
  5  8  1  0  0  0  0
  6  7  1  0  0  0  0
M  END
