
  ACD/Labs06251410132D

 11 11  0  0  0  0  0  0  0  0  1 V2000
    1.9971   -4.6086    0.0000 O   0  0  0  0  0  0  0  0  0  0  0  0
    2.6581   -3.4588    0.0000 C   0  0  0  0  0  0  0  0  0  0  0  0
    1.9971   -2.3043    0.0000 C   0  0  0  0  0  0  0  0  0  0  0  0
    2.6581   -1.1545    0.0000 C   0  0  0  0  0  0  0  0  0  0  0  0
    1.9971    0.0000    0.0000 C   0  0  0  0  0  0  0  0  0  0  0  0
    0.6657    0.0000    0.0000 C   0  0  0  0  0  0  0  0  0  0  0  0
    0.0000   -1.1545    0.0000 C   0  0  0  0  0  0  0  0  0  0  0  0
    0.6657   -2.3043    0.0000 C   0  0  0  0  0  0  0  0  0  0  0  0
    3.9895   -3.4588    0.0000 C   0  0  0  0  0  0  0  0  0  0  0  0
    4.6552   -4.6086    0.0000 O   0  0  0  0  0  0  0  0  0  0  0  0
    4.6552   -2.3043    0.0000 O   0  0  0  0  0  0  0  0  0  0  0  0
  1  2  1  0  0  0  0
  2  3  1  0  0  0  0
  2  9  1  0  0  0  0
  3  4  1  0  0  0  0
  3  8  2  0  0  0  0
  4  5  2  0  0  0  0
  5  6  1  0  0  0  0
  6  7  2  0  0  0  0
  7  8  1  0  0  0  0
  9 10  2  0  0  0  0
  9 11  1  0  0  0  0
M  END
