
  ACD/Labs03221913572D

 17 16  0  0  0  0  0  0  0  0  1 V2000
   17.3283   -0.6585    0.0000 C   0  0  0  0  0  0  0  0  0  0  0  0
   16.1673    0.0000    0.0000 C   0  0  0  0  0  0  0  0  0  0  0  0
   15.0236   -0.6585    0.0000 C   0  0  0  0  0  0  0  0  0  0  0  0
   13.8626    0.0000    0.0000 C   0  0  0  0  0  0  0  0  0  0  0  0
   12.7017   -0.6585    0.0000 C   0  0  0  0  0  0  0  0  0  0  0  0
   11.5580    0.0000    0.0000 C   0  0  0  0  0  0  0  0  0  0  0  0
   10.3970   -0.6585    0.0000 C   0  0  0  0  0  0  0  0  0  0  0  0
    9.2360    0.0000    0.0000 C   0  0  0  0  0  0  0  0  0  0  0  0
    8.0923   -0.6585    0.0000 C   0  0  0  0  0  0  0  0  0  0  0  0
    6.9313    0.0000    0.0000 C   0  0  0  0  0  0  0  0  0  0  0  0
    5.7703   -0.6585    0.0000 C   0  0  0  0  0  0  0  0  0  0  0  0
    4.6267    0.0000    0.0000 C   0  0  0  0  0  0  0  0  0  0  0  0
    3.4657   -0.6585    0.0000 C   0  0  0  0  0  0  0  0  0  0  0  0
    2.3047    0.0000    0.0000 C   0  0  0  0  0  0  0  0  0  0  0  0
    1.1610   -0.6585    0.0000 C   0  0  0  0  0  0  0  0  0  0  0  0
    1.1610   -1.9928    0.0000 O   0  0  0  0  0  0  0  0  0  0  0  0
    0.0000    0.0000    0.0000 O   0  0  0  0  0  0  0  0  0  0  0  0
  1  2  1  0  0  0  0
  2  3  1  0  0  0  0
  3  4  1  0  0  0  0
  4  5  1  0  0  0  0
  5  6  1  0  0  0  0
  6  7  1  0  0  0  0
  7  8  1  0  0  0  0
  8  9  1  0  0  0  0
  9 10  1  0  0  0  0
 10 11  1  0  0  0  0
 11 12  1  0  0  0  0
 12 13  1  0  0  0  0
 13 14  1  0  0  0  0
 14 15  1  0  0  0  0
 15 16  2  0  0  0  0
 15 17  1  0  0  0  0
M  END
