14080
  Marvin  12300703363D          

 12 12  0  0  0  0            999 V2000
    0.7239   -2.2482   -0.3678 O   0  0  0  0  0  0  0  0  0  0  0  0
    2.2941   -1.1313    0.4241 O   0  0  0  0  0  0  0  0  0  0  0  0
   -1.0074   -0.0315    0.0215 N   0  0  0  0  0  0  0  0  0  0  0  0
   -0.3738    2.0678    0.1286 N   0  0  0  0  0  0  0  0  0  0  0  0
    0.3339   -0.0497    0.0629 C   0  0  0  0  0  0  0  0  0  0  0  0
    0.7184    1.2890    0.1316 C   0  0  0  0  0  0  0  0  0  0  0  0
   -1.4280    1.2403    0.0634 C   0  0  0  0  0  0  0  0  0  0  0  0
    1.1342   -1.1691    0.0413 C   0  0  0  0  0  0  0  0  0  0  0  0
   -1.5821   -0.8121   -0.0216 H   0  0  0  0  0  0  0  0  0  0  0  0
    1.6781    1.6381    0.1691 H   0  0  0  0  0  0  0  0  0  0  0  0
   -2.4049    1.5362    0.0497 H   0  0  0  0  0  0  0  0  0  0  0  0
   -0.0865   -2.3296   -0.7029 H   0  0  0  0  0  0  0  0  0  0  0  0
  1  8  1  0  0  0  0
  1 12  1  0  0  0  0
  2  8  2  0  0  0  0
  3  5  1  0  0  0  0
  3  7  1  0  0  0  0
  3  9  1  0  0  0  0
  4  6  1  0  0  0  0
  4  7  2  0  0  0  0
  5  6  2  0  0  0  0
  5  8  1  0  0  0  0
  6 10  1  0  0  0  0
  7 11  1  0  0  0  0
M  END
> <PUBCHEM_BONDANNOTATIONS>
3  5  8
3  7  8
4  6  8
4  7  8
5  6  8

$$$$
