
  ACD/Labs04281712482D

  8  8  0  0  0  0  0  0  0  0  1 V2000
    3.5385    0.0000    0.0000 O   0  0  0  0  0  0  0  0  0  0  0  0
    3.3702   -1.3242    0.0000 C   0  0  0  0  0  0  0  0  0  0  0  0
    4.4287   -2.1302    0.0000 O   0  0  0  0  0  0  0  0  0  0  0  0
    2.1435   -1.8379    0.0000 C   0  0  0  0  0  0  0  0  0  0  0  0
    1.0097   -1.1515    0.0000 N   0  0  0  0  0  0  0  0  0  0  0  0
    0.0000   -2.0150    0.0000 C   0  0  0  0  0  0  0  0  0  0  0  0
    0.5093   -3.2418    0.0000 N   0  0  0  0  0  0  0  0  0  0  0  0
    1.8335   -3.1355    0.0000 C   0  0  0  0  0  0  0  0  0  0  0  0
  1  2  1  0  0  0  0
  2  3  2  0  0  0  0
  2  4  1  0  0  0  0
  4  5  1  0  0  0  0
  4  8  2  0  0  0  0
  5  6  2  0  0  0  0
  6  7  1  0  0  0  0
  7  8  1  0  0  0  0
M  END
