14106
  Marvin  12300703363D          

 24 24  0  0  0  0            999 V2000
   -3.5675   -0.8762    0.6711 O   0  0  0  0  0  0  0  0  0  0  0  0
    3.1329    1.9005    0.6801 O   0  0  0  0  0  0  0  0  0  0  0  0
   -2.0216   -1.4775    1.9071 O   0  0  0  0  0  0  0  0  0  0  0  0
    2.4692    0.3687    1.9058 O   0  0  0  0  0  0  0  0  0  0  0  0
   -1.4039   -0.6985   -0.2345 C   0  0  2  0  0  0  0  0  0  0  0  0
    1.4912    0.4943   -0.2395 C   0  0  1  0  0  0  0  0  0  0  0  0
   -0.1588   -1.6457   -0.3143 C   0  0  0  0  0  0  0  0  0  0  0  0
   -1.1882    0.8509   -0.2651 C   0  0  0  0  0  0  0  0  0  0  0  0
    1.2768   -1.0543   -0.3316 C   0  0  0  0  0  0  0  0  0  0  0  0
    0.2464    1.4412   -0.2791 C   0  0  0  0  0  0  0  0  0  0  0  0
   -2.3629   -1.0564    0.8107 C   0  0  0  0  0  0  0  0  0  0  0  0
    2.4147    0.9157    0.8137 C   0  0  0  0  0  0  0  0  0  0  0  0
   -1.9371   -0.9157   -1.1702 H   0  0  0  0  0  0  0  0  0  0  0  0
    2.0332    0.7185   -1.1685 H   0  0  0  0  0  0  0  0  0  0  0  0
   -0.2597   -2.2907   -1.1955 H   0  0  0  0  0  0  0  0  0  0  0  0
   -0.1843   -2.3820    0.4952 H   0  0  0  0  0  0  0  0  0  0  0  0
   -1.7220    1.2599   -1.1312 H   0  0  0  0  0  0  0  0  0  0  0  0
   -1.7139    1.3312    0.5694 H   0  0  0  0  0  0  0  0  0  0  0  0
    1.7777   -1.4323   -1.2309 H   0  0  0  0  0  0  0  0  0  0  0  0
    1.8393   -1.5651    0.4566 H   0  0  0  0  0  0  0  0  0  0  0  0
    0.3307    2.0901   -1.1588 H   0  0  0  0  0  0  0  0  0  0  0  0
    0.2872    2.1695    0.5407 H   0  0  0  0  0  0  0  0  0  0  0  0
   -3.8817   -0.5214   -0.0705 H   0  0  0  0  0  0  0  0  0  0  0  0
    3.1020    2.3753   -0.0609 H   0  0  0  0  0  0  0  0  0  0  0  0
  1 11  1  0  0  0  0
  1 23  1  0  0  0  0
  2 12  1  0  0  0  0
  2 24  1  0  0  0  0
  3 11  2  0  0  0  0
  4 12  2  0  0  0  0
  5  7  1  0  0  0  0
  5  8  1  0  0  0  0
  5 11  1  0  0  0  0
  5 13  1  0  0  0  0
  6  9  1  0  0  0  0
  6 10  1  0  0  0  0
  6 12  1  0  0  0  0
  6 14  1  0  0  0  0
  7  9  1  0  0  0  0
  7 15  1  0  0  0  0
  7 16  1  0  0  0  0
  8 10  1  0  0  0  0
  8 17  1  0  0  0  0
  8 18  1  0  0  0  0
  9 19  1  0  0  0  0
  9 20  1  0  0  0  0
 10 21  1  0  0  0  0
 10 22  1  0  0  0  0
M  END
$$$$
