
  ACD/Labs03221913572D

  7  7  0  0  0  0  0  0  0  0  1 V2000
    3.0384   -1.8664    0.0000 C   0  0  0  0  0  0  0  0  0  0  0  0
    3.1849   -0.5414    0.0000 C   0  0  0  0  0  0  0  0  0  0  0  0
    1.9651   -0.0064    0.0000 O   0  0  0  0  0  0  0  0  0  0  0  0
    1.0765   -0.9905    0.0000 S   0  0  0  0  0  0  0  0  0  0  0  0
    1.7422   -2.1435    0.0000 C   0  0  0  0  0  0  0  0  0  0  0  0
    0.1879    0.0000    0.0000 O   0  0  0  0  0  0  0  0  0  0  0  0
    0.0000   -1.7740    0.0000 O   0  0  0  0  0  0  0  0  0  0  0  0
  1  2  1  0  0  0  0
  1  5  1  0  0  0  0
  2  3  1  0  0  0  0
  3  4  1  0  0  0  0
  4  5  1  0  0  0  0
  4  6  2  0  0  0  0
  4  7  2  0  0  0  0
M  END
