14264
  Marvin  12300703363D          

 13 13  0  0  0  0            999 V2000
   -0.5672    0.6930    1.2033 S   0  0  2  0  0  0  0  0  0  0  0  0
    0.9980    0.5568    0.9701 O   0  0  0  0  0  0  0  0  0  0  0  0
   -1.0288    2.2153    1.1721 O   0  0  0  0  0  0  0  0  0  0  0  0
   -1.0294   -0.0909    2.5069 O   0  0  0  0  0  0  0  0  0  0  0  0
   -1.1138   -0.1663   -0.2729 C   0  0  0  0  0  0  0  0  0  0  0  0
    0.2040   -0.5584   -0.9675 C   0  0  0  0  0  0  0  0  0  0  0  0
    1.4068   -0.0643   -0.1288 C   0  0  0  0  0  0  0  0  0  0  0  0
   -1.7032   -1.0428    0.0036 H   0  0  0  0  0  0  0  0  0  0  0  0
   -1.7221    0.5010   -0.8871 H   0  0  0  0  0  0  0  0  0  0  0  0
    0.2375   -0.1229   -1.9698 H   0  0  0  0  0  0  0  0  0  0  0  0
    0.2530   -1.6444   -1.0845 H   0  0  0  0  0  0  0  0  0  0  0  0
    2.0220    0.6264   -0.7101 H   0  0  0  0  0  0  0  0  0  0  0  0
    2.0433   -0.9026    0.1646 H   0  0  0  0  0  0  0  0  0  0  0  0
  1  2  1  0  0  0  0
  1  3  2  0  0  0  0
  1  4  2  0  0  0  0
  1  5  1  0  0  0  0
  2  7  1  0  0  0  0
  5  6  1  0  0  0  0
  5  8  1  0  0  0  0
  5  9  1  0  0  0  0
  6  7  1  0  0  0  0
  6 10  1  0  0  0  0
  6 11  1  0  0  0  0
  7 12  1  0  0  0  0
  7 13  1  0  0  0  0
M  END
$$$$
