
  ACD/Labs04281710402D

 17 18  0  0  1  0  0  0  0  0  1 V2000
    8.0549   -1.3291    0.0000 O   0  0  0  0  0  0  0  0  0  0  0  0
    2.3037   -5.9848    0.0000 O   0  0  0  0  0  0  0  0  0  0  0  0
    0.0000   -5.9848    0.0000 O   0  0  0  0  0  0  0  0  0  0  0  0
    4.5994   -3.3267    0.0000 C   0  0  0  0  0  0  0  0  0  0  0  0
    4.5994   -1.9976    0.0000 C   0  0  0  0  0  0  0  0  0  0  0  0
    2.2957   -3.3267    0.0000 C   0  0  0  0  0  0  0  0  0  0  0  0
    3.4475   -3.9872    0.0000 C   0  0  0  0  0  0  0  0  0  0  0  0
    1.1519   -3.9952    0.0000 C   0  0  0  0  0  0  0  0  0  0  0  0
    5.7512   -1.3210    0.0000 C   0  0  0  0  0  0  0  0  0  0  0  0
    3.4475   -1.3210    0.0000 C   0  0  0  0  0  0  0  0  0  0  0  0
    2.2957   -1.9976    0.0000 C   0  0  0  0  0  0  0  0  0  0  0  0
    6.9031   -1.9896    0.0000 C   0  0  0  0  0  0  0  0  0  0  0  0
    5.7512   -3.9872    0.0000 C   0  0  0  0  0  0  0  0  0  0  0  0
    6.9031   -3.3267    0.0000 C   0  0  0  0  0  0  0  0  0  0  0  0
    1.1519   -5.3162    0.0000 C   0  0  0  0  0  0  0  0  0  0  0  0
    0.0000   -3.3347    0.0000 C   0  0  0  0  0  0  0  0  0  0  0  0
    8.0549    0.0000    0.0000 C   0  0  0  0  0  0  0  0  0  0  0  0
  1 12  1  0  0  0  0
  1 17  1  0  0  0  0
  2 15  2  0  0  0  0
  3 15  1  0  0  0  0
  4  5  2  0  0  0  0
  4  7  1  0  0  0  0
  4 13  1  0  0  0  0
  5  9  1  0  0  0  0
  5 10  1  0  0  0  0
  6  7  2  0  0  0  0
  6  8  1  0  0  0  0
  6 11  1  0  0  0  0
  8 15  1  0  0  0  0
  8 16  1  1  0  0  0
  9 12  2  0  0  0  0
 10 11  2  0  0  0  0
 12 14  1  0  0  0  0
 13 14  2  0  0  0  0
M  END
