
  Marvin  01010815293D          

  8  8  0  0  0  0            999 V2000
   -0.8530   -2.2427    0.0000 C   0  0  0  0  0  0  0  0  0  0  0  0
   -0.1984   -0.9272    0.0000 C   0  0  0  0  0  0  0  0  0  0  0  0
    1.2286   -0.9514   -0.0000 C   0  0  0  0  0  0  0  0  0  0  0  0
    1.9156    0.2963    0.0000 C   0  0  0  0  0  0  0  0  0  0  0  0
    1.2044    1.5316   -0.0000 C   0  0  0  0  0  0  0  0  0  0  0  0
   -0.2187    1.5680    0.0000 C   0  0  0  0  0  0  0  0  0  0  0  0
   -0.9125    0.3213   -0.0000 C   0  0  0  0  0  0  0  0  0  0  0  0
   -2.1661    0.4042    0.0000 O   0  0  0  0  0  0  0  0  0  0  0  0
  1  2  1  0  0  0  0
  2  3  1  0  0  0  0
  2  7  2  0  0  0  0
  3  4  2  0  0  0  0
  4  5  1  0  0  0  0
  5  6  2  0  0  0  0
  6  7  1  0  0  0  0
  7  8  1  0  0  0  0
M  END
$$$$
