
  ACD/Labs04281710392D

 12 12  0  0  0  0  0  0  0  0  1 V2000
    5.7557   -2.0072    0.0000 O   0  0  0  0  0  0  0  0  0  0  0  0
    4.6110   -3.9983    0.0000 O   0  0  0  0  0  0  0  0  0  0  0  0
    0.0000   -0.0081    0.0000 N   0  0  0  0  0  0  0  0  0  0  0  0
    3.4582   -2.0072    0.0000 C   0  0  0  0  0  0  0  0  0  0  0  0
    4.6110   -2.6683    0.0000 C   0  0  0  0  0  0  0  0  0  0  0  0
    2.3055   -2.6683    0.0000 C   0  0  0  0  0  0  0  0  0  0  0  0
    3.4582   -0.6691    0.0000 C   0  0  0  0  0  0  0  0  0  0  0  0
    1.1527   -0.6691    0.0000 C   0  0  0  0  0  0  0  0  0  0  0  0
    1.1608   -2.0153    0.0000 C   0  0  0  0  0  0  0  0  0  0  0  0
    2.3055    0.0000    0.0000 C   0  0  0  0  0  0  0  0  0  0  0  0
    6.9084   -2.6602    0.0000 C   0  0  0  0  0  0  0  0  0  0  0  0
    8.0612   -1.9992    0.0000 C   0  0  0  0  0  0  0  0  0  0  0  0
  1  5  1  0  0  0  0
  1 11  1  0  0  0  0
  2  5  2  0  0  0  0
  3  8  1  0  0  0  0
  4  5  1  0  0  0  0
  4  6  2  0  0  0  0
  4  7  1  0  0  0  0
  6  9  1  0  0  0  0
  7 10  2  0  0  0  0
  8  9  2  0  0  0  0
  8 10  1  0  0  0  0
 11 12  1  0  0  0  0
M  END
