
  Marvin  01010816033D          

 12 12  0  0  0  0            999 V2000
   -0.1377   -4.0880    1.5375 C   0  0  0  0  0  0  0  0  0  0  0  0
   -1.0975   -3.2634    0.6764 C   0  0  0  0  0  0  0  0  0  0  0  0
   -0.5898   -2.0496    0.4381 O   0  0  0  0  0  0  0  0  0  0  0  0
   -0.9965   -1.0571   -0.2132 C   0  0  0  0  0  0  0  0  0  0  0  0
   -2.0535   -1.1214   -0.8427 O   0  0  0  0  0  0  0  0  0  0  0  0
   -0.2517    0.1317   -0.2227 C   0  0  0  0  0  0  0  0  0  0  0  0
    1.1873    0.0687   -0.1996 C   0  0  0  0  0  0  0  0  0  0  0  0
    1.9504    1.2690   -0.2050 C   0  0  0  0  0  0  0  0  0  0  0  0
    1.2217    2.4965   -0.2310 C   0  0  0  0  0  0  0  0  0  0  0  0
   -0.2008    2.6102   -0.2541 C   0  0  0  0  0  0  0  0  0  0  0  0
   -0.9408    1.3963   -0.2506 C   0  0  0  0  0  0  0  0  0  0  0  0
    1.9090    3.6070   -0.2330 N   0  0  0  0  0  0  0  0  0  0  0  0
  1  2  1  0  0  0  0
  2  3  1  0  0  0  0
  3  4  1  0  0  0  0
  4  5  2  0  0  0  0
  4  6  1  0  0  0  0
  6  7  1  0  0  0  0
  6 11  2  0  0  0  0
  7  8  2  0  0  0  0
  8  9  1  0  0  0  0
  9 10  2  0  0  0  0
  9 12  1  0  0  0  0
 10 11  1  0  0  0  0
M  END
$$$$
