
  ACD/Labs04281711052D

  9  9  0  0  0  0  0  0  0  0  1 V2000
    3.9901   -3.4554    0.0000 O   0  0  0  0  0  0  0  0  0  0  0  0
    2.6614   -3.4554    0.0000 C   0  0  0  0  0  0  0  0  0  0  0  0
    1.9950   -2.3023    0.0000 C   0  0  0  0  0  0  0  0  0  0  0  0
    2.6614   -1.1531    0.0000 C   0  0  0  0  0  0  0  0  0  0  0  0
    1.9950    0.0000    0.0000 C   0  0  0  0  0  0  0  0  0  0  0  0
    0.6663    0.0000    0.0000 C   0  0  0  0  0  0  0  0  0  0  0  0
    0.0000   -1.1531    0.0000 C   0  0  0  0  0  0  0  0  0  0  0  0
    0.6663   -2.3023    0.0000 C   0  0  0  0  0  0  0  0  0  0  0  0
    0.0000   -3.4554    0.0000 O   0  0  0  0  0  0  0  0  0  0  0  0
  1  2  2  0  0  0  0
  2  3  1  0  0  0  0
  3  4  1  0  0  0  0
  3  8  2  0  0  0  0
  4  5  2  0  0  0  0
  5  6  1  0  0  0  0
  6  7  2  0  0  0  0
  7  8  1  0  0  0  0
  8  9  1  0  0  0  0
M  END
