
  Marvin  01010816043D          

  9  9  0  0  0  0            999 V2000
   -0.3740   -2.0501   -0.0000 C   0  0  0  0  0  0  0  0  0  0  0  0
    1.0500   -2.0097    0.0000 C   0  0  0  0  0  0  0  0  0  0  0  0
    1.7604   -0.7761   -0.0000 C   0  0  0  0  0  0  0  0  0  0  0  0
    0.9910    0.4235   -0.0000 C   0  0  0  0  0  0  0  0  0  0  0  0
   -0.4481    0.4025    0.0000 C   0  0  0  0  0  0  0  0  0  0  0  0
   -1.1403   -0.8515    0.0000 C   0  0  0  0  0  0  0  0  0  0  0  0
   -1.1440    1.5952   -0.0000 C   0  0  0  0  0  0  0  0  0  0  0  0
   -2.3535    1.7792   -0.0000 O   0  0  0  0  0  0  0  0  0  0  0  0
    1.6584    1.4870    0.0000 O   0  0  0  0  0  0  0  0  0  0  0  0
  1  2  1  0  0  0  0
  1  6  2  0  0  0  0
  2  3  2  0  0  0  0
  3  4  1  0  0  0  0
  4  5  2  0  0  0  0
  4  9  1  0  0  0  0
  5  6  1  0  0  0  0
  5  7  1  0  0  0  0
  7  8  2  0  0  0  0
M  END
$$$$
