
  ACD/Labs04281710322D

  8  8  0  0  0  0  0  0  0  0  1 V2000
    2.6588   -4.6080    0.0000 O   0  0  0  0  0  0  0  0  0  0  0  0
    1.9953   -3.4560    0.0000 C   0  0  0  0  0  0  0  0  0  0  0  0
    2.6588   -2.3040    0.0000 C   0  0  0  0  0  0  0  0  0  0  0  0
    1.9953   -1.1520    0.0000 C   0  0  0  0  0  0  0  0  0  0  0  0
    0.6635   -1.1520    0.0000 C   0  0  0  0  0  0  0  0  0  0  0  0
    0.0000   -2.3040    0.0000 C   0  0  0  0  0  0  0  0  0  0  0  0
    0.6635   -3.4560    0.0000 C   0  0  0  0  0  0  0  0  0  0  0  0
    0.0000    0.0000    0.0000 Cl  0  0  0  0  0  0  0  0  0  0  0  0
  1  2  1  0  0  0  0
  2  3  1  0  0  0  0
  2  7  2  0  0  0  0
  3  4  2  0  0  0  0
  4  5  1  0  0  0  0
  5  6  2  0  0  0  0
  5  8  1  0  0  0  0
  6  7  1  0  0  0  0
M  END
