
  Marvin  01010816123D          

  8  8  0  0  0  0            999 V2000
   -0.8676   -1.5966    0.0000 C   0  0  0  0  0  0  0  0  0  0  0  0
    0.5565   -1.5607   -0.0000 C   0  0  0  0  0  0  0  0  0  0  0  0
    1.2725   -0.3251    0.0000 C   0  0  0  0  0  0  0  0  0  0  0  0
    0.5886    0.9243   -0.0000 C   0  0  0  0  0  0  0  0  0  0  0  0
   -0.8356    0.8921    0.0000 C   0  0  0  0  0  0  0  0  0  0  0  0
   -1.5483   -0.3453    0.0000 C   0  0  0  0  0  0  0  0  0  0  0  0
   -1.6883    2.3471   -0.0000 Cl  0  0  0  0  0  0  0  0  0  0  0  0
    2.5222   -0.3357    0.0000 O   0  0  0  0  0  0  0  0  0  0  0  0
  1  2  1  0  0  0  0
  1  6  2  0  0  0  0
  2  3  2  0  0  0  0
  3  4  1  0  0  0  0
  3  8  1  0  0  0  0
  4  5  2  0  0  0  0
  5  6  1  0  0  0  0
  5  7  1  0  0  0  0
M  END
$$$$
