15303
  Marvin  12300703363D          

 22 22  0  0  0  0            999 V2000
   -0.8190   -2.0958    0.1651 S   0  0  1  0  0  0  0  0  0  0  0  0
   -1.2140   -2.5118    1.6487 O   0  0  0  0  0  0  0  0  0  0  0  0
    0.1292   -3.2320   -0.4209 O   0  0  0  0  0  0  0  0  0  0  0  0
   -2.1653   -2.0494   -0.7841 N   0  0  0  0  0  0  0  0  0  0  0  0
   -2.9107   -3.1149   -0.9241 N   0  0  0  0  0  0  0  0  0  0  0  0
    0.0092   -0.5641    0.1933 C   0  0  0  0  0  0  0  0  0  0  0  0
    1.4217    1.9093    0.2001 C   0  0  0  0  0  0  0  0  0  0  0  0
    1.4189   -0.5415    0.2056 C   0  0  0  0  0  0  0  0  0  0  0  0
   -0.6930    0.6603    0.2028 C   0  0  0  0  0  0  0  0  0  0  0  0
    2.1152    0.6791    0.2031 C   0  0  0  0  0  0  0  0  0  0  0  0
    0.0077    1.8823    0.2021 C   0  0  0  0  0  0  0  0  0  0  0  0
    2.1442    3.2020    0.1972 C   0  0  0  0  0  0  0  0  0  0  0  0
    1.9566   -1.4107    0.2142 H   0  0  0  0  0  0  0  0  0  0  0  0
   -1.7160    0.6764    0.2083 H   0  0  0  0  0  0  0  0  0  0  0  0
    3.1380    0.6527    0.2023 H   0  0  0  0  0  0  0  0  0  0  0  0
   -0.5258    2.7560    0.2015 H   0  0  0  0  0  0  0  0  0  0  0  0
   -2.3865   -1.2661   -1.2446 H   0  0  0  0  0  0  0  0  0  0  0  0
    1.8764    3.7778   -0.6903 H   0  0  0  0  0  0  0  0  0  0  0  0
    1.8774    3.7790    1.0842 H   0  0  0  0  0  0  0  0  0  0  0  0
    3.2301    3.0851    0.1969 H   0  0  0  0  0  0  0  0  0  0  0  0
   -3.8144   -2.7965   -1.2777 H   0  0  0  0  0  0  0  0  0  0  0  0
   -3.0799   -3.4772    0.0162 H   0  0  0  0  0  0  0  0  0  0  0  0
  1  2  2  0  0  0  0
  1  3  2  0  0  0  0
  1  4  1  0  0  0  0
  1  6  1  0  0  0  0
  4  5  1  0  0  0  0
  4 17  1  0  0  0  0
  5 21  1  0  0  0  0
  5 22  1  0  0  0  0
  6  8  2  0  0  0  0
  6  9  1  0  0  0  0
  7 10  2  0  0  0  0
  7 11  1  0  0  0  0
  7 12  1  0  0  0  0
  8 10  1  0  0  0  0
  8 13  1  0  0  0  0
  9 11  2  0  0  0  0
  9 14  1  0  0  0  0
 10 15  1  0  0  0  0
 11 16  1  0  0  0  0
 12 18  1  0  0  0  0
 12 19  1  0  0  0  0
 12 20  1  0  0  0  0
M  END
> <PUBCHEM_BONDANNOTATIONS>
6  8  8
6  9  8
7  10  8
7  11  8
8  10  8
9  11  8

$$$$
