
  ACD/Labs04281711452D

 12 12  0  0  0  0  0  0  0  0  1 V2000
    5.7527   -0.0115    0.0000 C   0  0  0  0  0  0  0  0  0  0  0  0
    4.6021   -0.6731    0.0000 C   0  0  0  0  0  0  0  0  0  0  0  0
    4.6021   -2.0077    0.0000 C   0  0  0  0  0  0  0  0  0  0  0  0
    3.4516   -2.6692    0.0000 C   0  0  0  0  0  0  0  0  0  0  0  0
    2.2953   -2.0077    0.0000 C   0  0  0  0  0  0  0  0  0  0  0  0
    2.2953   -0.6731    0.0000 C   0  0  0  0  0  0  0  0  0  0  0  0
    3.4516    0.0000    0.0000 C   0  0  0  0  0  0  0  0  0  0  0  0
    1.1505   -2.6750    0.0000 S   0  0  0  0  0  0  0  0  0  0  0  0
    1.8121   -3.8198    0.0000 O   0  0  0  0  0  0  0  0  0  0  0  0
    0.4832   -1.5245    0.0000 O   0  0  0  0  0  0  0  0  0  0  0  0
    0.0000   -3.3366    0.0000 N   0  0  0  0  0  0  0  0  0  0  0  0
    0.0000   -4.6654    0.0000 N   0  0  0  0  0  0  0  0  0  0  0  0
  1  2  1  0  0  0  0
  2  3  2  0  0  0  0
  2  7  1  0  0  0  0
  3  4  1  0  0  0  0
  4  5  2  0  0  0  0
  5  6  1  0  0  0  0
  5  8  1  0  0  0  0
  6  7  2  0  0  0  0
  8  9  2  0  0  0  0
  8 10  2  0  0  0  0
  8 11  1  0  0  0  0
 11 12  1  0  0  0  0
M  END
