
  ACD/Labs04281711072D

 12 13  0  0  0  0  0  0  0  0  1 V2000
    0.0000   -0.6627    0.0000 C   0  0  0  0  0  0  0  0  0  0  0  0
    1.1497    0.0000    0.0000 O   0  0  0  0  0  0  0  0  0  0  0  0
    2.2994   -0.6627    0.0000 C   0  0  0  0  0  0  0  0  0  0  0  0
    2.2994   -1.9960    0.0000 C   0  0  0  0  0  0  0  0  0  0  0  0
    3.4570   -2.6587    0.0000 C   0  0  0  0  0  0  0  0  0  0  0  0
    4.6067   -1.9960    0.0000 C   0  0  0  0  0  0  0  0  0  0  0  0
    5.8762   -2.4032    0.0000 N   0  0  0  0  0  0  0  0  0  0  0  0
    6.6506   -1.3253    0.0000 C   0  0  0  0  0  0  0  0  0  0  0  0
    7.9839   -1.3253    0.0000 N   0  0  0  0  0  0  0  0  0  0  0  0
    5.8762   -0.2555    0.0000 S   0  0  0  0  0  0  0  0  0  0  0  0
    4.6067   -0.6627    0.0000 C   0  0  0  0  0  0  0  0  0  0  0  0
    3.4570    0.0000    0.0000 C   0  0  0  0  0  0  0  0  0  0  0  0
  1  2  1  0  0  0  0
  2  3  1  0  0  0  0
  3  4  1  0  0  0  0
  3 12  2  0  0  0  0
  4  5  2  0  0  0  0
  5  6  1  0  0  0  0
  6  7  1  0  0  0  0
  6 11  2  0  0  0  0
  7  8  2  0  0  0  0
  8  9  1  0  0  0  0
  8 10  1  0  0  0  0
 10 11  1  0  0  0  0
 11 12  1  0  0  0  0
M  END
