15630
  Marvin  12300703363D          

 20 21  0  0  0  0            999 V2000
    2.6720   -0.4499    0.2885 S   0  0  0  0  0  0  0  0  0  0  0  0
   -2.2879   -1.7296    0.1688 O   0  0  0  0  0  0  0  0  0  0  0  0
    1.6548    1.9638    0.3635 N   0  0  0  0  0  0  0  0  0  0  0  0
    3.9624    1.8762    0.1802 N   0  0  0  0  0  0  0  0  0  0  0  0
    0.9586   -0.2072    0.3328 C   0  0  0  0  0  0  0  0  0  0  0  0
    0.5956    1.1434    0.3930 C   0  0  0  0  0  0  0  0  0  0  0  0
   -0.0249   -1.2105    0.2918 C   0  0  0  0  0  0  0  0  0  0  0  0
   -1.3900   -0.8428    0.2862 C   0  0  0  0  0  0  0  0  0  0  0  0
   -0.7581    1.5203    0.4486 C   0  0  0  0  0  0  0  0  0  0  0  0
   -1.7491    0.5197    0.3923 C   0  0  0  0  0  0  0  0  0  0  0  0
    2.8060    1.2785    0.2797 C   0  0  0  0  0  0  0  0  0  0  0  0
   -2.8036   -2.1820   -0.9793 C   0  0  0  0  0  0  0  0  0  0  0  0
    0.2492   -2.1949    0.2488 H   0  0  0  0  0  0  0  0  0  0  0  0
   -1.0215    2.5060    0.5131 H   0  0  0  0  0  0  0  0  0  0  0  0
   -2.7352    0.7920    0.4141 H   0  0  0  0  0  0  0  0  0  0  0  0
    4.0075    2.8098    0.1573 H   0  0  0  0  0  0  0  0  0  0  0  0
    4.7480    1.3713    0.1225 H   0  0  0  0  0  0  0  0  0  0  0  0
   -3.5610   -2.9313   -0.7494 H   0  0  0  0  0  0  0  0  0  0  0  0
   -2.0408   -2.6519   -1.6046 H   0  0  0  0  0  0  0  0  0  0  0  0
   -3.2822   -1.3808   -1.5479 H   0  0  0  0  0  0  0  0  0  0  0  0
  1  5  1  0  0  0  0
  1 11  1  0  0  0  0
  2  8  1  0  0  0  0
  2 12  1  0  0  0  0
  3  6  1  0  0  0  0
  3 11  2  0  0  0  0
  4 11  1  0  0  0  0
  4 16  1  0  0  0  0
  4 17  1  0  0  0  0
  5  6  2  0  0  0  0
  5  7  1  0  0  0  0
  6  9  1  0  0  0  0
  7  8  2  0  0  0  0
  7 13  1  0  0  0  0
  8 10  1  0  0  0  0
  9 10  2  0  0  0  0
  9 14  1  0  0  0  0
 10 15  1  0  0  0  0
 12 18  1  0  0  0  0
 12 19  1  0  0  0  0
 12 20  1  0  0  0  0
M  END
> <PUBCHEM_BONDANNOTATIONS>
1  11  8
1  5  8
3  11  8
3  6  8
5  6  8
5  7  8
6  9  8
7  8  8
8  10  8
9  10  8

$$$$
