15719
  Marvin  12300703363D          

 22 22  0  0  0  0            999 V2000
    2.5489    0.9277   -0.3687 O   0  0  0  0  0  0  0  0  0  0  0  0
   -2.3888   -3.1210    1.0775 O   0  0  0  0  0  0  0  0  0  0  0  0
   -1.4391   -1.4645    1.8731 O   0  0  0  0  0  0  0  0  0  0  0  0
   -0.8253   -0.3173   -0.5734 C   0  0  0  0  0  0  0  0  0  0  0  0
   -1.5543   -1.6110   -0.4855 C   0  0  0  0  0  0  0  0  0  0  0  0
    0.5875   -0.2939   -0.5695 C   0  0  0  0  0  0  0  0  0  0  0  0
   -1.5205    0.9149   -0.5780 C   0  0  0  0  0  0  0  0  0  0  0  0
    1.2909    0.9269   -0.5173 C   0  0  0  0  0  0  0  0  0  0  0  0
   -0.8240    2.1363   -0.5837 C   0  0  0  0  0  0  0  0  0  0  0  0
    0.5803    2.1433   -0.5589 C   0  0  0  0  0  0  0  0  0  0  0  0
   -1.7964   -2.0696    0.8715 C   0  0  0  0  0  0  0  0  0  0  0  0
    3.1623    0.8925    0.8206 C   0  0  0  0  0  0  0  0  0  0  0  0
   -0.9976   -2.3886   -1.0165 H   0  0  0  0  0  0  0  0  0  0  0  0
   -2.5135   -1.5322   -1.0043 H   0  0  0  0  0  0  0  0  0  0  0  0
    1.1167   -1.1708   -0.5714 H   0  0  0  0  0  0  0  0  0  0  0  0
   -2.5433    0.9346   -0.5615 H   0  0  0  0  0  0  0  0  0  0  0  0
    1.0822    3.0351   -0.5466 H   0  0  0  0  0  0  0  0  0  0  0  0
   -1.3378    3.0209   -0.5879 H   0  0  0  0  0  0  0  0  0  0  0  0
    4.2402    0.8858    0.6642 H   0  0  0  0  0  0  0  0  0  0  0  0
    2.8966   -0.0056    1.3859 H   0  0  0  0  0  0  0  0  0  0  0  0
    2.9114    1.7711    1.4216 H   0  0  0  0  0  0  0  0  0  0  0  0
   -2.6765   -3.6147    0.4087 H   0  0  0  0  0  0  0  0  0  0  0  0
  1  8  1  0  0  0  0
  1 12  1  0  0  0  0
  2 11  1  0  0  0  0
  2 22  1  0  0  0  0
  3 11  2  0  0  0  0
  4  5  1  0  0  0  0
  4  6  2  0  0  0  0
  4  7  1  0  0  0  0
  5 11  1  0  0  0  0
  5 13  1  0  0  0  0
  5 14  1  0  0  0  0
  6  8  1  0  0  0  0
  6 15  1  0  0  0  0
  7  9  2  0  0  0  0
  7 16  1  0  0  0  0
  8 10  2  0  0  0  0
  9 10  1  0  0  0  0
  9 18  1  0  0  0  0
 10 17  1  0  0  0  0
 12 19  1  0  0  0  0
 12 20  1  0  0  0  0
 12 21  1  0  0  0  0
M  END
> <PUBCHEM_BONDANNOTATIONS>
4  6  8
4  7  8
6  8  8
7  9  8
8  10  8
9  10  8

$$$$
