
  ACD/Labs04281711452D

 10 11  0  0  0  0  0  0  0  0  1 V2000
    2.6087   -4.5928    0.0000 O   0  0  0  0  0  0  0  0  0  0  0  0
    2.8843   -3.2931    0.0000 N   0  0  0  0  0  0  0  0  0  0  0  0
    4.1014   -2.7511    0.0000 N   0  0  0  0  0  0  0  0  0  0  0  0
    3.9590   -1.4284    0.0000 N   0  0  0  0  0  0  0  0  0  0  0  0
    2.6592   -1.1528    0.0000 C   0  0  0  0  0  0  0  0  0  0  0  0
    1.9933    0.0000    0.0000 C   0  0  0  0  0  0  0  0  0  0  0  0
    0.6660    0.0000    0.0000 C   0  0  0  0  0  0  0  0  0  0  0  0
    0.0000   -1.1528    0.0000 C   0  0  0  0  0  0  0  0  0  0  0  0
    0.6660   -2.3056    0.0000 N   0  0  0  0  0  0  0  0  0  0  0  0
    1.9933   -2.3056    0.0000 C   0  0  0  0  0  0  0  0  0  0  0  0
  1  2  1  0  0  0  0
  2  3  1  0  0  0  0
  2 10  1  0  0  0  0
  3  4  2  0  0  0  0
  4  5  1  0  0  0  0
  5  6  1  0  0  0  0
  5 10  2  0  0  0  0
  6  7  2  0  0  0  0
  7  8  1  0  0  0  0
  8  9  2  0  0  0  0
  9 10  1  0  0  0  0
M  END
