
  ACD/Labs02211713332D

 11 11  0  0  0  0  0  0  0  0  1 V2000
    0.0000   -1.2886    0.0000 O   0  0  0  0  0  0  0  0  0  0  0  0
    1.1447   -1.9616    0.0000 C   0  0  0  0  0  0  0  0  0  0  0  0
    1.1332   -3.2904    0.0000 O   0  0  0  0  0  0  0  0  0  0  0  0
    2.3010   -1.3058    0.0000 C   0  0  0  0  0  0  0  0  0  0  0  0
    3.4457   -1.9846    0.0000 C   0  0  0  0  0  0  0  0  0  0  0  0
    4.6020   -1.3288    0.0000 C   0  0  0  0  0  0  0  0  0  0  0  0
    4.6077    0.0000    0.0000 Cl  0  0  0  0  0  0  0  0  0  0  0  0
    5.7525   -1.9961    0.0000 C   0  0  0  0  0  0  0  0  0  0  0  0
    5.7467   -3.3307    0.0000 C   0  0  0  0  0  0  0  0  0  0  0  0
    4.5847   -3.9807    0.0000 C   0  0  0  0  0  0  0  0  0  0  0  0
    3.4342   -3.3134    0.0000 C   0  0  0  0  0  0  0  0  0  0  0  0
  1  2  1  0  0  0  0
  2  3  2  0  0  0  0
  2  4  1  0  0  0  0
  4  5  1  0  0  0  0
  5  6  2  0  0  0  0
  5 11  1  0  0  0  0
  6  7  1  0  0  0  0
  6  8  1  0  0  0  0
  8  9  2  0  0  0  0
  9 10  1  0  0  0  0
 10 11  2  0  0  0  0
M  END
