
  ACD/Labs04281712232D

  8  8  0  0  0  0  0  0  0  0  1 V2000
    4.0446    0.0000    0.0000 C   0  0  0  0  0  0  0  0  0  0  0  0
    3.3813   -1.1527    0.0000 C   0  0  0  0  0  0  0  0  0  0  0  0
    4.0446   -2.3054    0.0000 O   0  0  0  0  0  0  0  0  0  0  0  0
    2.0506   -1.1527    0.0000 N   0  0  0  0  0  0  0  0  0  0  0  0
    1.2700   -2.2245    0.0000 C   0  0  0  0  0  0  0  0  0  0  0  0
    0.0000   -1.8201    0.0000 N   0  0  0  0  0  0  0  0  0  0  0  0
    0.0000   -0.4894    0.0000 C   0  0  0  0  0  0  0  0  0  0  0  0
    1.2700   -0.0809    0.0000 C   0  0  0  0  0  0  0  0  0  0  0  0
  1  2  1  0  0  0  0
  2  3  2  0  0  0  0
  2  4  1  0  0  0  0
  4  5  1  0  0  0  0
  4  8  1  0  0  0  0
  5  6  2  0  0  0  0
  6  7  1  0  0  0  0
  7  8  2  0  0  0  0
M  END
