17625
  Marvin  12300703363D          

 15 15  0  0  0  0            999 V2000
   -2.3435   -0.7081    0.4225 S   0  0  0  0  0  0  0  0  0  0  0  0
    2.1223   -2.2393    0.0503 O   0  0  0  0  0  0  0  0  0  0  0  0
    0.2396   -1.2872    0.3074 N   0  0  0  0  0  0  0  0  0  0  0  0
   -0.3844    0.9879    0.5854 N   0  0  0  0  0  0  0  0  0  0  0  0
   -0.6534   -0.3221    0.4401 C   0  0  0  0  0  0  0  0  0  0  0  0
    1.4482   -1.2439   -0.1681 C   0  0  0  0  0  0  0  0  0  0  0  0
    2.0674   -0.1959   -0.9583 C   0  0  0  0  0  0  0  0  0  0  0  0
   -2.6440    0.9937    0.4946 C   0  0  0  0  0  0  0  0  0  0  0  0
   -1.4856    1.7461    0.6192 C   0  0  0  0  0  0  0  0  0  0  0  0
   -0.0514   -2.1336    0.5831 H   0  0  0  0  0  0  0  0  0  0  0  0
    2.4358   -0.6070   -1.9000 H   0  0  0  0  0  0  0  0  0  0  0  0
    2.9064    0.2368   -0.4111 H   0  0  0  0  0  0  0  0  0  0  0  0
    1.3869    0.6114   -1.2265 H   0  0  0  0  0  0  0  0  0  0  0  0
   -3.5803    1.3985    0.4519 H   0  0  0  0  0  0  0  0  0  0  0  0
   -1.4640    2.7628    0.7095 H   0  0  0  0  0  0  0  0  0  0  0  0
  1  5  1  0  0  0  0
  1  8  1  0  0  0  0
  2  6  2  0  0  0  0
  3  5  1  0  0  0  0
  3  6  1  0  0  0  0
  3 10  1  0  0  0  0
  4  5  2  0  0  0  0
  4  9  1  0  0  0  0
  6  7  1  0  0  0  0
  7 11  1  0  0  0  0
  7 12  1  0  0  0  0
  7 13  1  0  0  0  0
  8  9  2  0  0  0  0
  8 14  1  0  0  0  0
  9 15  1  0  0  0  0
M  END
> <PUBCHEM_BONDANNOTATIONS>
1  5  8
1  8  8
4  5  8
4  9  8
8  9  8

$$$$
