17818
  Marvin  12300703363D          

 18 18  0  0  0  0            999 V2000
    1.3562   -1.9793   -0.0882 O   0  0  0  0  0  0  0  0  0  0  0  0
    1.3598    2.6570    0.1386 N   0  0  0  0  0  0  0  0  0  0  0  0
   -0.7330   -0.9303   -0.0540 C   0  0  0  0  0  0  0  0  0  0  0  0
    0.6854   -0.9162   -0.0587 C   0  0  0  0  0  0  0  0  0  0  0  0
   -1.4169    0.3074   -0.0280 C   0  0  0  0  0  0  0  0  0  0  0  0
    0.6929    1.5289    0.0489 C   0  0  0  0  0  0  0  0  0  0  0  0
    1.3882    0.3068   -0.0186 C   0  0  0  0  0  0  0  0  0  0  0  0
   -0.7160    1.5258    0.0319 C   0  0  0  0  0  0  0  0  0  0  0  0
   -1.5312   -2.1812   -0.0610 C   0  0  0  0  0  0  0  0  0  0  0  0
   -2.4405    0.3375   -0.0450 H   0  0  0  0  0  0  0  0  0  0  0  0
    2.4126    0.3046   -0.0255 H   0  0  0  0  0  0  0  0  0  0  0  0
   -1.2397    2.4047    0.0628 H   0  0  0  0  0  0  0  0  0  0  0  0
   -2.1633   -2.2198    0.8285 H   0  0  0  0  0  0  0  0  0  0  0  0
   -2.1702   -2.2171   -0.9452 H   0  0  0  0  0  0  0  0  0  0  0  0
   -0.9231   -3.0870   -0.0608 H   0  0  0  0  0  0  0  0  0  0  0  0
    2.2887    2.6623    0.0246 H   0  0  0  0  0  0  0  0  0  0  0  0
    0.9132    3.4571    0.3272 H   0  0  0  0  0  0  0  0  0  0  0  0
    2.2367   -1.9612   -0.0774 H   0  0  0  0  0  0  0  0  0  0  0  0
  1  4  1  0  0  0  0
  1 18  1  0  0  0  0
  2  6  1  0  0  0  0
  2 16  1  0  0  0  0
  2 17  1  0  0  0  0
  3  4  2  0  0  0  0
  3  5  1  0  0  0  0
  3  9  1  0  0  0  0
  4  7  1  0  0  0  0
  5  8  2  0  0  0  0
  5 10  1  0  0  0  0
  6  7  2  0  0  0  0
  6  8  1  0  0  0  0
  7 11  1  0  0  0  0
  8 12  1  0  0  0  0
  9 13  1  0  0  0  0
  9 14  1  0  0  0  0
  9 15  1  0  0  0  0
M  END
> <PUBCHEM_BONDANNOTATIONS>
3  4  8
3  5  8
4  7  8
5  8  8
6  7  8
6  8  8

$$$$
