18169
  Marvin  12300703363D          

 17 17  0  0  0  0            999 V2000
   -2.6854    0.3750    0.0053 O   0  0  0  0  0  0  0  0  0  0  0  0
   -0.9590   -3.0913    0.4807 O   0  5  0  0  0  0  0  0  0  0  0  0
   -2.4418   -2.2740   -0.4888 O   0  0  0  0  0  0  0  0  0  0  0  0
    3.4928    1.3061    0.0002 O   0  0  0  0  0  0  0  0  0  0  0  0
   -1.3918   -2.1146   -0.0026 N   0  3  0  0  0  0  0  0  0  0  0  0
   -0.7447   -0.9383   -0.0004 C   0  0  0  0  0  0  0  0  0  0  0  0
    1.4105    0.3148    0.0031 C   0  0  0  0  0  0  0  0  0  0  0  0
    0.6747   -0.8957    0.0053 C   0  0  0  0  0  0  0  0  0  0  0  0
   -1.4296    0.3066   -0.0048 C   0  0  0  0  0  0  0  0  0  0  0  0
    0.6793    1.5245   -0.0005 C   0  0  0  0  0  0  0  0  0  0  0  0
   -0.7242    1.5252   -0.0039 C   0  0  0  0  0  0  0  0  0  0  0  0
    2.7989    0.2993    0.0017 C   0  0  0  0  0  0  0  0  0  0  0  0
    1.1885   -1.7826    0.0010 H   0  0  0  0  0  0  0  0  0  0  0  0
    1.1535    2.4314   -0.0006 H   0  0  0  0  0  0  0  0  0  0  0  0
   -1.2227    2.4187   -0.0032 H   0  0  0  0  0  0  0  0  0  0  0  0
    3.2966   -0.5594    0.0009 H   0  0  0  0  0  0  0  0  0  0  0  0
   -3.0957    1.1543    0.0066 H   0  0  0  0  0  0  0  0  0  0  0  0
  1  9  1  0  0  0  0
  1 17  1  0  0  0  0
  2  5  1  0  0  0  0
  3  5  2  0  0  0  0
  4 12  2  0  0  0  0
  5  6  1  0  0  0  0
  6  8  1  0  0  0  0
  6  9  2  0  0  0  0
  7  8  2  0  0  0  0
  7 10  1  0  0  0  0
  7 12  1  0  0  0  0
  8 13  1  0  0  0  0
  9 11  1  0  0  0  0
 10 11  2  0  0  0  0
 10 14  1  0  0  0  0
 11 15  1  0  0  0  0
 12 16  1  0  0  0  0
M  CHG  2   2  -1   5   1
M  END
> <PUBCHEM_BONDANNOTATIONS>
10  11  8
6  8  8
6  9  8
7  10  8
7  8  8
9  11  8

$$$$
