18521
  Marvin  12300703363D          

 21 21  0  0  0  0            999 V2000
   -1.4473   -2.0697    0.1376 S   0  0  1  0  0  0  0  0  0  0  0  0
   -1.7076   -2.5103    1.6428 O   0  0  0  0  0  0  0  0  0  0  0  0
   -2.8701   -1.9194   -0.5578 O   0  0  0  0  0  0  0  0  0  0  0  0
   -0.6007   -0.5452    0.1507 C   0  0  0  0  0  0  0  0  0  0  0  0
    0.8088   -0.5054    0.1775 C   0  0  0  0  0  0  0  0  0  0  0  0
   -1.3143    0.6714    0.1481 C   0  0  0  0  0  0  0  0  0  0  0  0
    0.7836    1.9425    0.1539 C   0  0  0  0  0  0  0  0  0  0  0  0
    1.4927    0.7219    0.1673 C   0  0  0  0  0  0  0  0  0  0  0  0
   -0.6293    1.9017    0.1497 C   0  0  0  0  0  0  0  0  0  0  0  0
   -0.5496   -3.3781   -0.7241 C   0  0  0  0  0  0  0  0  0  0  0  0
    1.5370    3.2151    0.1490 C   0  0  0  0  0  0  0  0  0  0  0  0
    1.3657   -1.3599    0.2067 H   0  0  0  0  0  0  0  0  0  0  0  0
   -2.3373    0.6784    0.1467 H   0  0  0  0  0  0  0  0  0  0  0  0
    2.5162    0.7114    0.1716 H   0  0  0  0  0  0  0  0  0  0  0  0
   -1.1756    2.7664    0.1473 H   0  0  0  0  0  0  0  0  0  0  0  0
   -0.5920   -3.1957   -1.7980 H   0  0  0  0  0  0  0  0  0  0  0  0
   -1.0043   -4.3428   -0.5025 H   0  0  0  0  0  0  0  0  0  0  0  0
    0.4925   -3.4137   -0.4110 H   0  0  0  0  0  0  0  0  0  0  0  0
    2.1709    3.2665   -0.7384 H   0  0  0  0  0  0  0  0  0  0  0  0
    2.1713    3.2715    1.0357 H   0  0  0  0  0  0  0  0  0  0  0  0
    0.8893    4.0934    0.1471 H   0  0  0  0  0  0  0  0  0  0  0  0
  1  2  2  0  0  0  0
  1  3  2  0  0  0  0
  1  4  1  0  0  0  0
  1 10  1  0  0  0  0
  4  5  2  0  0  0  0
  4  6  1  0  0  0  0
  5  8  1  0  0  0  0
  5 12  1  0  0  0  0
  6  9  2  0  0  0  0
  6 13  1  0  0  0  0
  7  8  2  0  0  0  0
  7  9  1  0  0  0  0
  7 11  1  0  0  0  0
  8 14  1  0  0  0  0
  9 15  1  0  0  0  0
 10 16  1  0  0  0  0
 10 17  1  0  0  0  0
 10 18  1  0  0  0  0
 11 19  1  0  0  0  0
 11 20  1  0  0  0  0
 11 21  1  0  0  0  0
M  END
> <PUBCHEM_BONDANNOTATIONS>
4  5  8
4  6  8
5  8  8
6  9  8
7  8  8
7  9  8

$$$$
