19266
  Marvin  12300703363D          

 22 22  0  0  0  0            999 V2000
    3.3218    2.8099    0.6760 O   0  0  0  0  0  0  0  0  0  0  0  0
   -2.4745   -3.2993   -0.1344 O   0  0  0  0  0  0  0  0  0  0  0  0
    1.6987    3.7566   -0.1714 O   0  0  0  0  0  0  0  0  0  0  0  0
   -0.8326   -1.9768    0.1749 N   0  0  0  0  0  0  0  0  0  0  0  0
   -0.1535   -0.8400    0.3135 C   0  0  0  0  0  0  0  0  0  0  0  0
    1.4178    1.5525    0.3598 C   0  0  0  0  0  0  0  0  0  0  0  0
    1.2547   -0.9006    0.2462 C   0  0  0  0  0  0  0  0  0  0  0  0
   -0.7562    0.4222    0.5148 C   0  0  0  0  0  0  0  0  0  0  0  0
    2.0272    0.2768    0.2676 C   0  0  0  0  0  0  0  0  0  0  0  0
    0.0124    1.5982    0.5134 C   0  0  0  0  0  0  0  0  0  0  0  0
   -1.9879   -2.2049   -0.3806 C   0  0  0  0  0  0  0  0  0  0  0  0
    2.1618    2.7233    0.2916 C   0  0  0  0  0  0  0  0  0  0  0  0
   -2.7329   -1.3419   -1.2797 C   0  0  0  0  0  0  0  0  0  0  0  0
    1.7336   -1.8014    0.1543 H   0  0  0  0  0  0  0  0  0  0  0  0
   -1.7659    0.5015    0.6544 H   0  0  0  0  0  0  0  0  0  0  0  0
    3.0434    0.1834    0.1871 H   0  0  0  0  0  0  0  0  0  0  0  0
   -0.4795    2.4889    0.6271 H   0  0  0  0  0  0  0  0  0  0  0  0
   -0.3962   -2.7381    0.5019 H   0  0  0  0  0  0  0  0  0  0  0  0
   -3.0594   -1.8905   -2.1648 H   0  0  0  0  0  0  0  0  0  0  0  0
   -3.6124   -0.9498   -0.7661 H   0  0  0  0  0  0  0  0  0  0  0  0
   -2.1452   -0.4994   -1.6465 H   0  0  0  0  0  0  0  0  0  0  0  0
    3.7250    2.1293    1.0609 H   0  0  0  0  0  0  0  0  0  0  0  0
  1 12  1  0  0  0  0
  1 22  1  0  0  0  0
  2 11  2  0  0  0  0
  3 12  2  0  0  0  0
  4  5  1  0  0  0  0
  4 11  1  0  0  0  0
  4 18  1  0  0  0  0
  5  7  2  0  0  0  0
  5  8  1  0  0  0  0
  6  9  2  0  0  0  0
  6 10  1  0  0  0  0
  6 12  1  0  0  0  0
  7  9  1  0  0  0  0
  7 14  1  0  0  0  0
  8 10  2  0  0  0  0
  8 15  1  0  0  0  0
  9 16  1  0  0  0  0
 10 17  1  0  0  0  0
 11 13  1  0  0  0  0
 13 19  1  0  0  0  0
 13 20  1  0  0  0  0
 13 21  1  0  0  0  0
M  END
> <PUBCHEM_BONDANNOTATIONS>
5  7  8
5  8  8
6  10  8
6  9  8
7  9  8
8  10  8

$$$$
