1893
  Marvin  12300703363D          

 17 18  0  0  0  0            999 V2000
   -0.5702   -3.3551    0.1342 O   0  5  0  0  0  0  0  0  0  0  0  0
    1.2810   -2.7801    0.1409 O   0  0  0  0  0  0  0  0  0  0  0  0
    2.0197   -0.0252    0.1098 N   0  0  0  0  0  0  0  0  0  0  0  0
    2.4574    1.1946    0.0851 N   0  0  0  0  0  0  0  0  0  0  0  0
    0.1644   -2.4416    0.1141 N   0  3  0  0  0  0  0  0  0  0  0  0
    0.6778   -0.0736    0.0399 C   0  0  0  0  0  0  0  0  0  0  0  0
    0.2605    1.2543   -0.0558 C   0  0  0  0  0  0  0  0  0  0  0  0
   -0.2351   -1.1604    0.0519 C   0  0  0  0  0  0  0  0  0  0  0  0
   -1.0990    1.5853   -0.1664 C   0  0  0  0  0  0  0  0  0  0  0  0
   -1.6111   -0.8010   -0.0094 C   0  0  0  0  0  0  0  0  0  0  0  0
    1.4107    2.0303   -0.0131 C   0  0  0  0  0  0  0  0  0  0  0  0
   -2.0390    0.5380   -0.1306 C   0  0  0  0  0  0  0  0  0  0  0  0
   -1.3979    2.5574   -0.2667 H   0  0  0  0  0  0  0  0  0  0  0  0
    2.5945   -0.8036    0.1750 H   0  0  0  0  0  0  0  0  0  0  0  0
   -2.3362   -1.5216    0.0300 H   0  0  0  0  0  0  0  0  0  0  0  0
    1.4598    3.0495   -0.0460 H   0  0  0  0  0  0  0  0  0  0  0  0
   -3.0371    0.7528   -0.1930 H   0  0  0  0  0  0  0  0  0  0  0  0
  1  5  1  0  0  0  0
  2  5  2  0  0  0  0
  3  4  1  0  0  0  0
  3  6  1  0  0  0  0
  3 14  1  0  0  0  0
  4 11  2  0  0  0  0
  5  8  1  0  0  0  0
  6  7  2  0  0  0  0
  6  8  1  0  0  0  0
  7  9  1  0  0  0  0
  7 11  1  0  0  0  0
  8 10  2  0  0  0  0
  9 12  2  0  0  0  0
  9 13  1  0  0  0  0
 10 12  1  0  0  0  0
 10 15  1  0  0  0  0
 11 16  1  0  0  0  0
 12 17  1  0  0  0  0
M  CHG  2   1  -1   5   1
M  END
> <PUBCHEM_BONDANNOTATIONS>
10  12  8
3  4  8
3  6  8
4  11  8
6  7  8
6  8  8
7  11  8
7  9  8
8  10  8
9  12  8

$$$$
