216239
  Marvin  01020801023D          

 48 50  0  0  0  0            999 V2000
   -3.3091    0.6519    7.2832 Cl  0  0  0  0  0  0  0  0  0  0  0  0
    0.6421    1.9302    8.1352 F   0  0  0  0  0  0  0  0  0  0  0  0
   -0.5164    3.7953    7.7555 F   0  0  0  0  0  0  0  0  0  0  0  0
   -1.3951    2.1386    8.8478 F   0  0  0  0  0  0  0  0  0  0  0  0
    0.2125    0.5867   -4.1462 O   0  0  0  0  0  0  0  0  0  0  0  0
   -0.8880    2.5128    1.3626 O   0  0  0  0  0  0  0  0  0  0  0  0
   -0.3014   -5.0783   -3.7725 O   0  0  0  0  0  0  0  0  0  0  0  0
    0.4719    2.2064    3.0561 N   0  0  0  0  0  0  0  0  0  0  0  0
    1.2483    2.3211    0.9355 N   0  0  0  0  0  0  0  0  0  0  0  0
   -1.7483   -2.8807   -4.3873 N   0  0  0  0  0  0  0  0  0  0  0  0
    1.5230   -4.2567   -4.6642 N   0  0  0  0  0  0  0  0  0  0  0  0
   -0.3730    1.8034    4.0166 C   0  0  0  0  0  0  0  0  0  0  0  0
   -0.9795    1.8989    6.4298 C   0  0  0  0  0  0  0  0  0  0  0  0
   -0.1247    2.2214    5.3413 C   0  0  0  0  0  0  0  0  0  0  0  0
    1.1516    1.8474   -0.3084 C   0  0  0  0  0  0  0  0  0  0  0  0
   -1.4990    0.9766    3.7969 C   0  0  0  0  0  0  0  0  0  0  0  0
    0.5633    0.9186   -2.9490 C   0  0  0  0  0  0  0  0  0  0  0  0
   -2.1308    1.1108    6.1497 C   0  0  0  0  0  0  0  0  0  0  0  0
    1.5606    2.5892   -1.4394 C   0  0  0  0  0  0  0  0  0  0  0  0
    0.5628    0.5818   -0.5098 C   0  0  0  0  0  0  0  0  0  0  0  0
   -2.3719    0.6421    4.8425 C   0  0  0  0  0  0  0  0  0  0  0  0
    1.2580    2.1321   -2.7418 C   0  0  0  0  0  0  0  0  0  0  0  0
    0.2713    0.1359   -1.8001 C   0  0  0  0  0  0  0  0  0  0  0  0
    0.2553    2.3465    1.7832 C   0  0  0  0  0  0  0  0  0  0  0  0
   -0.5894    2.4227    7.7742 C   0  0  2  0  0  0  0  0  0  0  0  0
   -0.4206   -0.4788   -4.4508 C   0  0  0  0  0  0  0  0  0  0  0  0
    0.2992   -1.6886   -4.5203 C   0  0  0  0  0  0  0  0  0  0  0  0
   -0.3852   -2.9237   -4.4259 C   0  0  0  0  0  0  0  0  0  0  0  0
   -1.8301   -0.4971   -4.4666 C   0  0  0  0  0  0  0  0  0  0  0  0
   -2.4851   -1.7411   -4.4273 C   0  0  0  0  0  0  0  0  0  0  0  0
    0.2839   -4.1331   -4.2886 C   0  0  0  0  0  0  0  0  0  0  0  0
    2.4942   -5.1559   -4.2391 C   0  0  0  0  0  0  0  0  0  0  0  0
    0.7077    2.7940    5.5117 H   0  0  0  0  0  0  0  0  0  0  0  0
   -1.7020    0.5995    2.8685 H   0  0  0  0  0  0  0  0  0  0  0  0
    1.3371    2.4231    3.3436 H   0  0  0  0  0  0  0  0  0  0  0  0
    2.0454    3.4819   -1.3216 H   0  0  0  0  0  0  0  0  0  0  0  0
    0.3136   -0.0190    0.2812 H   0  0  0  0  0  0  0  0  0  0  0  0
    2.0794    2.6525    1.2142 H   0  0  0  0  0  0  0  0  0  0  0  0
   -3.1828    0.0541    4.6264 H   0  0  0  0  0  0  0  0  0  0  0  0
    1.5316    2.7056   -3.5447 H   0  0  0  0  0  0  0  0  0  0  0  0
   -0.1865   -0.7756   -1.8716 H   0  0  0  0  0  0  0  0  0  0  0  0
    1.3216   -1.6456   -4.5501 H   0  0  0  0  0  0  0  0  0  0  0  0
   -2.3703    0.3714   -4.4461 H   0  0  0  0  0  0  0  0  0  0  0  0
   -3.5050   -1.7950   -4.3945 H   0  0  0  0  0  0  0  0  0  0  0  0
    1.8204   -3.6250   -5.2872 H   0  0  0  0  0  0  0  0  0  0  0  0
    3.3759   -4.5814   -3.9501 H   0  0  0  0  0  0  0  0  0  0  0  0
    2.7654   -5.8088   -5.0688 H   0  0  0  0  0  0  0  0  0  0  0  0
    2.1977   -5.7676   -3.3840 H   0  0  0  0  0  0  0  0  0  0  0  0
  1 18  1  0  0  0  0
  2 25  1  0  0  0  0
  3 25  1  0  0  0  0
  4 25  1  0  0  0  0
  5 17  1  0  0  0  0
  5 26  1  0  0  0  0
  6 24  2  0  0  0  0
  7 31  2  0  0  0  0
  8 12  1  0  0  0  0
  8 24  1  0  0  0  0
  8 35  1  0  0  0  0
  9 15  1  0  0  0  0
  9 24  1  0  0  0  0
  9 38  1  0  0  0  0
 10 28  2  0  0  0  0
 10 30  1  0  0  0  0
 11 31  1  0  0  0  0
 11 32  1  0  0  0  0
 11 45  1  0  0  0  0
 12 14  2  0  0  0  0
 12 16  1  0  0  0  0
 13 14  1  0  0  0  0
 13 18  2  0  0  0  0
 13 25  1  0  0  0  0
 14 33  1  0  0  0  0
 15 19  2  0  0  0  0
 15 20  1  0  0  0  0
 16 21  2  0  0  0  0
 16 34  1  0  0  0  0
 17 22  2  0  0  0  0
 17 23  1  0  0  0  0
 18 21  1  0  0  0  0
 19 22  1  0  0  0  0
 19 36  1  0  0  0  0
 20 23  2  0  0  0  0
 20 37  1  0  0  0  0
 21 39  1  0  0  0  0
 22 40  1  0  0  0  0
 23 41  1  0  0  0  0
 26 27  2  0  0  0  0
 26 29  1  0  0  0  0
 27 28  1  0  0  0  0
 27 42  1  0  0  0  0
 28 31  1  0  0  0  0
 29 30  2  0  0  0  0
 29 43  1  0  0  0  0
 30 44  1  0  0  0  0
 32 46  1  0  0  0  0
 32 47  1  0  0  0  0
 32 48  1  0  0  0  0
M  END
> <PUBCHEM_BONDANNOTATIONS>
10  28  8
10  30  8
12  14  8
12  16  8
13  14  8
13  18  8
15  19  8
15  20  8
16  21  8
17  22  8
17  23  8
18  21  8
19  22  8
20  23  8
26  27  8
26  29  8
27  28  8
29  30  8

$$$$
