216326
  Marvin  01020801023D          

 32 34  0  0  1  0            999 V2000
   -2.1261   -0.0685   -1.1240 O   0  0  0  0  0  0  0  0  0  0  0  0
   -2.1194    2.7424   -0.0262 O   0  0  0  0  0  0  0  0  0  0  0  0
   -2.9519    2.1290    4.1674 O   0  0  0  0  0  0  0  0  0  0  0  0
   -0.1741    0.6435   -0.2301 N   0  0  0  0  0  0  0  0  0  0  0  0
   -2.4338    2.3929    2.0810 N   0  0  0  0  0  0  0  0  0  0  0  0
    3.5233   -1.0363   -1.6774 N   0  0  0  0  0  0  0  0  0  0  0  0
   -0.5987    1.2659    0.9722 C   0  0  2  0  0  0  0  0  0  0  0  0
   -0.7685    0.1765    2.0803 C   0  0  0  0  0  0  0  0  0  0  0  0
    1.1882    0.5470   -0.5572 C   0  0  0  0  0  0  0  0  0  0  0  0
    1.2069   -0.5910   -1.4709 C   0  0  0  0  0  0  0  0  0  0  0  0
   -0.9057   -0.0726   -1.0439 C   0  0  0  0  0  0  0  0  0  0  0  0
   -1.2029    0.8007    3.4330 C   0  0  0  0  0  0  0  0  0  0  0  0
   -0.1150   -0.9155   -1.7697 C   0  0  0  0  0  0  0  0  0  0  0  0
   -1.7628    2.1547    0.9840 C   0  0  0  0  0  0  0  0  0  0  0  0
   -2.2402    1.8024    3.2297 C   0  0  0  0  0  0  0  0  0  0  0  0
    2.2851   -1.3341   -1.9945 C   0  0  0  0  0  0  0  0  0  0  0  0
   -0.4105   -1.9802   -2.6436 C   0  0  0  0  0  0  0  0  0  0  0  0
    1.9916   -2.4229   -2.8453 C   0  0  0  0  0  0  0  0  0  0  0  0
    0.6549   -2.7379   -3.1742 C   0  0  0  0  0  0  0  0  0  0  0  0
    0.1970    1.9335    1.3255 H   0  0  0  0  0  0  0  0  0  0  0  0
    0.1561   -0.3904    2.2200 H   0  0  0  0  0  0  0  0  0  0  0  0
   -1.5363   -0.5411    1.7705 H   0  0  0  0  0  0  0  0  0  0  0  0
    1.5580    1.4550   -1.0421 H   0  0  0  0  0  0  0  0  0  0  0  0
    1.8116    0.3132    0.3109 H   0  0  0  0  0  0  0  0  0  0  0  0
   -0.3431    1.2901    3.8985 H   0  0  0  0  0  0  0  0  0  0  0  0
   -1.5368    0.0040    4.1038 H   0  0  0  0  0  0  0  0  0  0  0  0
   -3.1093    3.0381    2.0429 H   0  0  0  0  0  0  0  0  0  0  0  0
   -1.3772   -2.2149   -2.8776 H   0  0  0  0  0  0  0  0  0  0  0  0
    2.7466   -2.9969   -3.2282 H   0  0  0  0  0  0  0  0  0  0  0  0
    0.4577   -3.5260   -3.7941 H   0  0  0  0  0  0  0  0  0  0  0  0
    4.2305   -1.5631   -1.9884 H   0  0  0  0  0  0  0  0  0  0  0  0
    3.7050   -0.2976   -1.1322 H   0  0  0  0  0  0  0  0  0  0  0  0
  1 11  2  0  0  0  0
  2 14  2  0  0  0  0
  3 15  2  0  0  0  0
  4  7  1  0  0  0  0
  4  9  1  0  0  0  0
  4 11  1  0  0  0  0
  5 14  1  0  0  0  0
  5 15  1  0  0  0  0
  5 27  1  0  0  0  0
  6 16  1  0  0  0  0
  6 31  1  0  0  0  0
  6 32  1  0  0  0  0
  7  8  1  0  0  0  0
  7 14  1  0  0  0  0
  7 20  1  0  0  0  0
  8 12  1  0  0  0  0
  8 21  1  0  0  0  0
  8 22  1  0  0  0  0
  9 10  1  0  0  0  0
  9 23  1  0  0  0  0
  9 24  1  0  0  0  0
 10 13  2  0  0  0  0
 10 16  1  0  0  0  0
 11 13  1  0  0  0  0
 12 15  1  0  0  0  0
 12 25  1  0  0  0  0
 12 26  1  0  0  0  0
 13 17  1  0  0  0  0
 16 18  2  0  0  0  0
 17 19  2  0  0  0  0
 17 28  1  0  0  0  0
 18 19  1  0  0  0  0
 18 29  1  0  0  0  0
 19 30  1  0  0  0  0
M  END
> <PUBCHEM_BONDANNOTATIONS>
10  13  8
10  16  8
13  17  8
16  18  8
17  19  8
18  19  8
7  4  3

$$$$
