19
  Marvin  12300703363D          

 17 17  0  0  0  0            999 V2000
    1.4472   -1.7071   -0.0590 O   0  0  0  0  0  0  0  0  0  0  0  0
    2.7285    0.6331   -0.0618 O   0  0  0  0  0  0  0  0  0  0  0  0
   -2.4979   -1.9721    0.4508 O   0  0  0  0  0  0  0  0  0  0  0  0
   -0.9625   -2.9028   -0.5393 O   0  0  0  0  0  0  0  0  0  0  0  0
   -0.6498   -0.6762   -0.0566 C   0  0  0  0  0  0  0  0  0  0  0  0
    0.7735   -0.6395   -0.0670 C   0  0  0  0  0  0  0  0  0  0  0  0
    1.4691    0.5934   -0.0639 C   0  0  0  0  0  0  0  0  0  0  0  0
   -1.3390    0.5635   -0.0516 C   0  0  0  0  0  0  0  0  0  0  0  0
    0.7510    1.8034   -0.0566 C   0  0  0  0  0  0  0  0  0  0  0  0
   -0.6530    1.7893   -0.0521 C   0  0  0  0  0  0  0  0  0  0  0  0
   -1.3814   -1.8647   -0.0492 C   0  0  0  0  0  0  0  0  0  0  0  0
   -2.3622    0.6034   -0.0563 H   0  0  0  0  0  0  0  0  0  0  0  0
    1.2393    2.7029   -0.0536 H   0  0  0  0  0  0  0  0  0  0  0  0
   -1.1734    2.6697   -0.0497 H   0  0  0  0  0  0  0  0  0  0  0  0
    2.3277   -1.6990   -0.0500 H   0  0  0  0  0  0  0  0  0  0  0  0
    3.1622    1.3998   -0.0533 H   0  0  0  0  0  0  0  0  0  0  0  0
   -2.8791   -1.2973    0.8692 H   0  0  0  0  0  0  0  0  0  0  0  0
  1  6  1  0  0  0  0
  1 15  1  0  0  0  0
  2  7  1  0  0  0  0
  2 16  1  0  0  0  0
  3 11  1  0  0  0  0
  3 17  1  0  0  0  0
  4 11  2  0  0  0  0
  5  6  2  0  0  0  0
  5  8  1  0  0  0  0
  5 11  1  0  0  0  0
  6  7  1  0  0  0  0
  7  9  2  0  0  0  0
  8 10  2  0  0  0  0
  8 12  1  0  0  0  0
  9 10  1  0  0  0  0
  9 13  1  0  0  0  0
 10 14  1  0  0  0  0
M  END
> <PUBCHEM_BONDANNOTATIONS>
5  6  8
5  8  8
6  7  8
7  9  8
8  10  8
9  10  8

$$$$
