
  ACD/Labs06251410112D

 13 13  0  0  0  0  0  0  0  0  2 V2000
    3.9900   -3.4576    0.0000 N   0  0  0  0  0  0  0  0  0  0  0  0
    3.3260   -2.3031    0.0000 C   0  0  0  0  0  0  0  0  0  0  0  0
    3.9900   -1.1545    0.0000 C   0  0  0  0  0  0  0  0  0  0  0  0
    3.3260    0.0000    0.0000 C   0  0  0  0  0  0  0  0  0  0  0  0
    1.9920    0.0000    0.0000 C   0  0  0  0  0  0  0  0  0  0  0  0
    1.3280   -1.1545    0.0000 C   0  0  0  0  0  0  0  0  0  0  0  0
    1.9920   -2.3031    0.0000 C   0  0  0  0  0  0  0  0  0  0  0  0
    1.3280   -3.4576    0.0000 N   0  3  0  0  0  0  0  0  0  0  0  0
    0.0000   -3.4576    0.0000 O   0  5  0  0  0  0  0  0  0  0  0  0
    1.9920   -4.6062    0.0000 O   0  0  0  0  0  0  0  0  0  0  0  0
    5.3180   -1.1545    0.0000 C   0  0  0  0  0  0  0  0  0  0  0  0
    5.9820   -2.3031    0.0000 O   0  0  0  0  0  0  0  0  0  0  0  0
    5.9820    0.0000    0.0000 O   0  0  0  0  0  0  0  0  0  0  0  0
  1  2  1  0  0  0  0
  2  3  1  0  0  0  0
  2  7  2  0  0  0  0
  3  4  2  0  0  0  0
  3 11  1  0  0  0  0
  4  5  1  0  0  0  0
  5  6  2  0  0  0  0
  6  7  1  0  0  0  0
  7  8  1  0  0  0  0
  8  9  1  0  0  0  0
  8 10  2  0  0  0  0
 11 12  1  0  0  0  0
 11 13  2  0  0  0  0
M  CHG  2   8   1   9  -1
M  END
