219633
  Marvin  01020803273D          

 19 19  0  0  0  0            999 V2000
    2.8257   -1.7431    0.4999 O   0  0  0  0  0  0  0  0  0  0  0  0
    1.3814   -2.7178   -0.5580 O   0  0  0  0  0  0  0  0  0  0  0  0
   -3.2476    1.7618   -0.1348 O   0  5  0  0  0  0  0  0  0  0  0  0
   -3.3567   -0.1399   -0.0467 O   0  0  0  0  0  0  0  0  0  0  0  0
   -1.1392   -1.6791   -0.1183 N   0  0  0  0  0  0  0  0  0  0  0  0
   -2.6247    0.7674   -0.0937 N   0  3  0  0  0  0  0  0  0  0  0  0
   -0.5102   -0.5171   -0.0799 C   0  0  0  0  0  0  0  0  0  0  0  0
    0.9183   -0.5207   -0.0207 C   0  0  0  0  0  0  0  0  0  0  0  0
   -1.2719    0.6956   -0.0831 C   0  0  0  0  0  0  0  0  0  0  0  0
    1.5760    0.7324    0.0208 C   0  0  0  0  0  0  0  0  0  0  0  0
   -0.5342    1.9085   -0.0502 C   0  0  0  0  0  0  0  0  0  0  0  0
    0.8649    1.9376    0.0007 C   0  0  0  0  0  0  0  0  0  0  0  0
    1.7159   -1.6721   -0.0213 C   0  0  0  0  0  0  0  0  0  0  0  0
    2.5972    0.8051    0.0527 H   0  0  0  0  0  0  0  0  0  0  0  0
   -1.0047    2.8166   -0.0567 H   0  0  0  0  0  0  0  0  0  0  0  0
    1.3625    2.8313    0.0229 H   0  0  0  0  0  0  0  0  0  0  0  0
   -0.6878   -2.4702    0.0874 H   0  0  0  0  0  0  0  0  0  0  0  0
   -2.0395   -1.7350   -0.3543 H   0  0  0  0  0  0  0  0  0  0  0  0
    3.1745   -1.0613    0.9334 H   0  0  0  0  0  0  0  0  0  0  0  0
  1 13  1  0  0  0  0
  1 19  1  0  0  0  0
  2 13  2  0  0  0  0
  3  6  1  0  0  0  0
  4  6  2  0  0  0  0
  5  7  1  0  0  0  0
  5 17  1  0  0  0  0
  5 18  1  0  0  0  0
  6  9  1  0  0  0  0
  7  8  2  0  0  0  0
  7  9  1  0  0  0  0
  8 10  1  0  0  0  0
  8 13  1  0  0  0  0
  9 11  2  0  0  0  0
 10 12  2  0  0  0  0
 10 14  1  0  0  0  0
 11 12  1  0  0  0  0
 11 15  1  0  0  0  0
 12 16  1  0  0  0  0
M  CHG  2   3  -1   6   1
M  END
> <PUBCHEM_BONDANNOTATIONS>
10  12  8
11  12  8
7  8  8
7  9  8
8  10  8
9  11  8

$$$$
