222629
  Marvin  01020803273D          

 16 16  0  0  0  0            999 V2000
    3.4231   -0.0030    0.0668 I   0  0  0  0  0  0  0  0  0  0  0  0
   -2.5744   -2.5056   -0.0855 O   0  5  0  0  0  0  0  0  0  0  0  0
   -0.8821   -3.4513   -0.0766 O   0  0  0  0  0  0  0  0  0  0  0  0
   -1.4061   -2.4071   -0.0770 N   0  3  0  0  0  0  0  0  0  0  0  0
    1.2649    2.4221    0.1239 N   0  0  0  0  0  0  0  0  0  0  0  0
   -0.7490   -1.2334   -0.0592 C   0  0  0  0  0  0  0  0  0  0  0  0
    0.6495    1.2655    0.0432 C   0  0  0  0  0  0  0  0  0  0  0  0
    0.6683   -1.1706   -0.0249 C   0  0  0  0  0  0  0  0  0  0  0  0
   -1.4377    0.0072   -0.0684 C   0  0  0  0  0  0  0  0  0  0  0  0
    1.3669    0.0509    0.0257 C   0  0  0  0  0  0  0  0  0  0  0  0
   -0.7572    1.2372   -0.0196 C   0  0  0  0  0  0  0  0  0  0  0  0
    1.2210   -2.0305   -0.0330 H   0  0  0  0  0  0  0  0  0  0  0  0
   -2.4594    0.0363   -0.1064 H   0  0  0  0  0  0  0  0  0  0  0  0
   -1.2977    2.1071   -0.0227 H   0  0  0  0  0  0  0  0  0  0  0  0
    0.7772    3.2192    0.0675 H   0  0  0  0  0  0  0  0  0  0  0  0
    2.1925    2.4559    0.2462 H   0  0  0  0  0  0  0  0  0  0  0  0
  1 10  1  0  0  0  0
  2  4  1  0  0  0  0
  3  4  2  0  0  0  0
  4  6  1  0  0  0  0
  5  7  1  0  0  0  0
  5 15  1  0  0  0  0
  5 16  1  0  0  0  0
  6  8  2  0  0  0  0
  6  9  1  0  0  0  0
  7 10  2  0  0  0  0
  7 11  1  0  0  0  0
  8 10  1  0  0  0  0
  8 12  1  0  0  0  0
  9 11  2  0  0  0  0
  9 13  1  0  0  0  0
 11 14  1  0  0  0  0
M  CHG  2   2  -1   4   1
M  END
> <PUBCHEM_BONDANNOTATIONS>
6  8  8
6  9  8
7  10  8
7  11  8
8  10  8
9  11  8

$$$$
