2022
  Marvin  12300703363D          

 27 28  0  0  0  0            999 V2000
    0.6617    1.3120    0.4441 O   0  0  0  0  0  0  0  0  0  0  0  0
    0.1721   -4.9551   -0.5397 O   0  0  0  0  0  0  0  0  0  0  0  0
   -0.2967    4.6011    1.8449 O   0  0  0  0  0  0  0  0  0  0  0  0
    1.3906   -0.6276   -0.6780 N   0  0  0  0  0  0  0  0  0  0  0  0
   -0.9878   -1.2190   -0.7277 N   0  0  0  0  0  0  0  0  0  0  0  0
    2.1439   -2.7378   -0.5813 N   0  0  0  0  0  0  0  0  0  0  0  0
   -1.4210   -3.4367   -0.5035 N   0  0  0  0  0  0  0  0  0  0  0  0
   -3.0865   -1.9434   -0.4821 N   0  0  0  0  0  0  0  0  0  0  0  0
    0.3297   -1.4512   -0.6853 C   0  0  0  0  0  0  0  0  0  0  0  0
    1.3543    0.8011   -0.7124 C   0  0  0  0  0  0  0  0  0  0  0  0
    0.8045   -2.7634   -0.6088 C   0  0  0  0  0  0  0  0  0  0  0  0
    2.4747   -1.4331   -0.6207 C   0  0  0  0  0  0  0  0  0  0  0  0
   -0.1480   -3.7765   -0.5566 C   0  0  0  0  0  0  0  0  0  0  0  0
   -1.8403   -2.2104   -0.5772 C   0  0  0  0  0  0  0  0  0  0  0  0
    0.5430    2.7439    0.5263 C   0  0  0  0  0  0  0  0  0  0  0  0
   -0.2114    3.1796    1.7971 C   0  0  0  0  0  0  0  0  0  0  0  0
    0.8457    1.1086   -1.6306 H   0  0  0  0  0  0  0  0  0  0  0  0
    2.3693    1.2082   -0.7419 H   0  0  0  0  0  0  0  0  0  0  0  0
    3.4433   -1.1070   -0.6008 H   0  0  0  0  0  0  0  0  0  0  0  0
   -1.3001   -0.3466   -0.8546 H   0  0  0  0  0  0  0  0  0  0  0  0
    0.0003    3.1262   -0.3426 H   0  0  0  0  0  0  0  0  0  0  0  0
    1.5369    3.1994    0.5471 H   0  0  0  0  0  0  0  0  0  0  0  0
   -1.2229    2.7684    1.8011 H   0  0  0  0  0  0  0  0  0  0  0  0
    0.3118    2.8312    2.6899 H   0  0  0  0  0  0  0  0  0  0  0  0
   -3.3872   -1.0678   -0.6176 H   0  0  0  0  0  0  0  0  0  0  0  0
   -3.6990   -2.6140   -0.2602 H   0  0  0  0  0  0  0  0  0  0  0  0
   -0.7808    4.8098    2.6711 H   0  0  0  0  0  0  0  0  0  0  0  0
  1 10  1  0  0  0  0
  1 15  1  0  0  0  0
  2 13  2  0  0  0  0
  3 16  1  0  0  0  0
  3 27  1  0  0  0  0
  4  9  1  0  0  0  0
  4 10  1  0  0  0  0
  4 12  1  0  0  0  0
  5  9  1  0  0  0  0
  5 14  1  0  0  0  0
  5 20  1  0  0  0  0
  6 11  1  0  0  0  0
  6 12  2  0  0  0  0
  7 13  1  0  0  0  0
  7 14  2  0  0  0  0
  8 14  1  0  0  0  0
  8 25  1  0  0  0  0
  8 26  1  0  0  0  0
  9 11  2  0  0  0  0
 10 17  1  0  0  0  0
 10 18  1  0  0  0  0
 11 13  1  0  0  0  0
 12 19  1  0  0  0  0
 15 16  1  0  0  0  0
 15 21  1  0  0  0  0
 15 22  1  0  0  0  0
 16 23  1  0  0  0  0
 16 24  1  0  0  0  0
M  END
> <PUBCHEM_BONDANNOTATIONS>
11  13  8
4  12  8
4  9  8
5  14  8
5  9  8
6  11  8
6  12  8
7  13  8
7  14  8
9  11  8

$$$$
