227798
  Marvin  01020803273D          

 17 17  0  0  1  0            999 V2000
   -1.8961   -2.0584   -0.9205 O   0  0  0  0  0  0  0  0  0  0  0  0
    2.3940    0.9277    1.3871 O   0  0  0  0  0  0  0  0  0  0  0  0
    2.3946    0.8175   -0.6875 O   0  0  0  0  0  0  0  0  0  0  0  0
    0.5488   -0.1266    0.4161 C   0  0  1  0  0  0  0  0  0  0  0  0
   -0.6572    0.8527    0.4079 C   0  0  0  0  0  0  0  0  0  0  0  0
    0.2527   -1.1381   -0.7201 C   0  0  0  0  0  0  0  0  0  0  0  0
   -1.6773    0.2543   -0.5816 C   0  0  0  0  0  0  0  0  0  0  0  0
   -1.1791   -1.0754   -0.7926 C   0  0  0  0  0  0  0  0  0  0  0  0
    1.8357    0.5475    0.3659 C   0  0  0  0  0  0  0  0  0  0  0  0
    0.5079   -0.7014    1.3516 H   0  0  0  0  0  0  0  0  0  0  0  0
   -1.0929    0.9331    1.4091 H   0  0  0  0  0  0  0  0  0  0  0  0
   -0.3920    1.8676    0.0946 H   0  0  0  0  0  0  0  0  0  0  0  0
    0.6332   -2.1395   -0.4980 H   0  0  0  0  0  0  0  0  0  0  0  0
    0.6545   -0.8241   -1.6880 H   0  0  0  0  0  0  0  0  0  0  0  0
   -2.6964    0.2728   -0.1873 H   0  0  0  0  0  0  0  0  0  0  0  0
   -1.6552    0.7963   -1.5317 H   0  0  0  0  0  0  0  0  0  0  0  0
    2.0249    0.7939    2.1749 H   0  0  0  0  0  0  0  0  0  0  0  0
  1  8  2  0  0  0  0
  2  9  1  0  0  0  0
  2 17  1  0  0  0  0
  3  9  2  0  0  0  0
  4  5  1  0  0  0  0
  4  6  1  0  0  0  0
  4  9  1  0  0  0  0
  4 10  1  0  0  0  0
  5  7  1  0  0  0  0
  5 11  1  0  0  0  0
  5 12  1  0  0  0  0
  6  8  1  0  0  0  0
  6 13  1  0  0  0  0
  6 14  1  0  0  0  0
  7  8  1  0  0  0  0
  7 15  1  0  0  0  0
  7 16  1  0  0  0  0
M  END
> <PUBCHEM_BONDANNOTATIONS>
4  9  3

$$$$
