
  ACD/Labs02211713332D

 13 13  0  0  0  0  0  0  0  0  1 V2000
    6.9114   -3.3244    0.0000 C   0  0  0  0  0  0  0  0  0  0  0  0
    5.7572   -3.9879    0.0000 O   0  0  0  0  0  0  0  0  0  0  0  0
    4.6099   -3.3244    0.0000 C   0  0  0  0  0  0  0  0  0  0  0  0
    3.4557   -3.9879    0.0000 C   0  0  0  0  0  0  0  0  0  0  0  0
    2.3015   -3.3244    0.0000 C   0  0  0  0  0  0  0  0  0  0  0  0
    1.1542   -3.9879    0.0000 O   0  0  0  0  0  0  0  0  0  0  0  0
    0.0000   -3.3244    0.0000 C   0  0  0  0  0  0  0  0  0  0  0  0
    2.3015   -1.9905    0.0000 C   0  0  0  0  0  0  0  0  0  0  0  0
    1.1542   -1.3270    0.0000 B   0  0  0  0  0  0  0  0  0  0  0  0
    1.1542    0.0000    0.0000 O   0  0  0  0  0  0  0  0  0  0  0  0
    0.0000   -1.9905    0.0000 O   0  0  0  0  0  0  0  0  0  0  0  0
    3.4557   -1.3270    0.0000 C   0  0  0  0  0  0  0  0  0  0  0  0
    4.6099   -1.9905    0.0000 C   0  0  0  0  0  0  0  0  0  0  0  0
  1  2  1  0  0  0  0
  2  3  1  0  0  0  0
  3  4  2  0  0  0  0
  3 13  1  0  0  0  0
  4  5  1  0  0  0  0
  5  6  1  0  0  0  0
  5  8  2  0  0  0  0
  6  7  1  0  0  0  0
  8  9  1  0  0  0  0
  8 12  1  0  0  0  0
  9 10  1  0  0  0  0
  9 11  1  0  0  0  0
 12 13  2  0  0  0  0
M  END
