2734356
  Marvin  12310702213D          

 18 18  0  0  0  0            999 V2000
   -1.4474   -2.5781    1.3274 O   0  0  0  0  0  0  0  0  0  0  0  0
   -1.4474   -2.5781   -1.3274 O   0  0  0  0  0  0  0  0  0  0  0  0
    3.4592    2.0066   -0.0000 O   0  0  0  0  0  0  0  0  0  0  0  0
   -0.6560   -0.3936   -0.0000 C   0  0  0  0  0  0  0  0  0  0  0  0
    1.4156    0.9410    0.0000 C   0  0  0  0  0  0  0  0  0  0  0  0
    0.7494   -0.3080   -0.0000 C   0  0  0  0  0  0  0  0  0  0  0  0
   -1.4270    0.7853    0.0000 C   0  0  0  0  0  0  0  0  0  0  0  0
    0.6185    2.1127   -0.0000 C   0  0  0  0  0  0  0  0  0  0  0  0
   -0.7873    2.0381   -0.0000 C   0  0  0  0  0  0  0  0  0  0  0  0
    2.8023    0.9753   -0.0000 C   0  0  0  0  0  0  0  0  0  0  0  0
   -1.3057   -1.8292    0.0000 B   0  0  0  0  0  0  0  0  0  0  0  0
    1.2893   -1.1796    0.0000 H   0  0  0  0  0  0  0  0  0  0  0  0
   -2.4492    0.7415   -0.0000 H   0  0  0  0  0  0  0  0  0  0  0  0
    1.0492    3.0405   -0.0000 H   0  0  0  0  0  0  0  0  0  0  0  0
   -1.3438    2.8965    0.0000 H   0  0  0  0  0  0  0  0  0  0  0  0
    3.3312    0.1345   -0.0000 H   0  0  0  0  0  0  0  0  0  0  0  0
   -1.9254   -3.4027    1.1021 H   0  0  0  0  0  0  0  0  0  0  0  0
   -1.9254   -3.4027   -1.1021 H   0  0  0  0  0  0  0  0  0  0  0  0
  1 11  1  0  0  0  0
  1 17  1  0  0  0  0
  2 11  1  0  0  0  0
  2 18  1  0  0  0  0
  3 10  2  0  0  0  0
  4  6  2  0  0  0  0
  4  7  1  0  0  0  0
  4 11  1  0  0  0  0
  5  6  1  0  0  0  0
  5  8  2  0  0  0  0
  5 10  1  0  0  0  0
  6 12  1  0  0  0  0
  7  9  2  0  0  0  0
  7 13  1  0  0  0  0
  8  9  1  0  0  0  0
  8 14  1  0  0  0  0
  9 15  1  0  0  0  0
 10 16  1  0  0  0  0
M  END
> <PUBCHEM_BONDANNOTATIONS>
4  6  8
4  7  8
5  6  8
5  8  8
7  9  8
8  9  8

$$$$
