
  ACD/Labs06251410122D

 12 12  0  0  0  0  0  0  0  0  1 V2000
    3.3264   -5.7554    0.0000 O   0  0  0  0  0  0  0  0  0  0  0  0
    3.9905   -4.6067    0.0000 C   0  0  0  0  0  0  0  0  0  0  0  0
    5.3186   -4.6067    0.0000 O   0  0  0  0  0  0  0  0  0  0  0  0
    5.9827   -3.4520    0.0000 C   0  0  0  0  0  0  0  0  0  0  0  0
    3.3264   -3.4520    0.0000 C   0  0  0  0  0  0  0  0  0  0  0  0
    3.9905   -2.3033    0.0000 C   0  0  0  0  0  0  0  0  0  0  0  0
    3.3264   -1.1487    0.0000 C   0  0  0  0  0  0  0  0  0  0  0  0
    1.9922   -1.1487    0.0000 C   0  0  0  0  0  0  0  0  0  0  0  0
    1.3282    0.0000    0.0000 N   0  0  0  0  0  0  0  0  0  0  0  0
    1.3282   -2.3033    0.0000 C   0  0  0  0  0  0  0  0  0  0  0  0
    0.0000   -2.3033    0.0000 C   0  0  0  0  0  0  0  0  0  0  0  0
    1.9922   -3.4520    0.0000 C   0  0  0  0  0  0  0  0  0  0  0  0
  1  2  2  0  0  0  0
  2  3  1  0  0  0  0
  2  5  1  0  0  0  0
  3  4  1  0  0  0  0
  5  6  2  0  0  0  0
  5 12  1  0  0  0  0
  6  7  1  0  0  0  0
  7  8  2  0  0  0  0
  8  9  1  0  0  0  0
  8 10  1  0  0  0  0
 10 11  1  0  0  0  0
 10 12  2  0  0  0  0
M  END
