2736799
  Marvin  12310702213D          

 23 23  0  0  0  0            999 V2000
   -1.6519    2.2627    0.3593 O   0  0  0  0  0  0  0  0  0  0  0  0
   -0.0878    3.1176   -0.8292 O   0  0  0  0  0  0  0  0  0  0  0  0
    2.2232   -2.6427   -0.0500 N   0  0  0  0  0  0  0  0  0  0  0  0
    0.0725   -1.5648   -0.1988 C   0  0  0  0  0  0  0  0  0  0  0  0
    1.4912   -1.5544   -0.1649 C   0  0  0  0  0  0  0  0  0  0  0  0
    0.0757    0.9189   -0.2872 C   0  0  0  0  0  0  0  0  0  0  0  0
   -0.6082   -0.3218   -0.2449 C   0  0  0  0  0  0  0  0  0  0  0  0
    2.1901   -0.3343   -0.2425 C   0  0  0  0  0  0  0  0  0  0  0  0
    1.4897    0.8797   -0.3082 C   0  0  0  0  0  0  0  0  0  0  0  0
   -0.7368   -2.8111   -0.2007 C   0  0  0  0  0  0  0  0  0  0  0  0
   -0.5847    2.1443   -0.2705 C   0  0  0  0  0  0  0  0  0  0  0  0
   -2.2634    3.3444    0.8578 C   0  0  0  0  0  0  0  0  0  0  0  0
   -1.6334   -0.3233   -0.2536 H   0  0  0  0  0  0  0  0  0  0  0  0
    3.2140   -0.3081   -0.2377 H   0  0  0  0  0  0  0  0  0  0  0  0
    2.0422    1.7410   -0.3471 H   0  0  0  0  0  0  0  0  0  0  0  0
   -1.3789   -2.8458    0.6809 H   0  0  0  0  0  0  0  0  0  0  0  0
   -1.3660   -2.8421   -1.0926 H   0  0  0  0  0  0  0  0  0  0  0  0
   -0.1452   -3.7270   -0.2073 H   0  0  0  0  0  0  0  0  0  0  0  0
    3.1520   -2.5951   -0.1507 H   0  0  0  0  0  0  0  0  0  0  0  0
    1.8289   -3.4663    0.1461 H   0  0  0  0  0  0  0  0  0  0  0  0
   -3.2246    3.0461    1.2755 H   0  0  0  0  0  0  0  0  0  0  0  0
   -1.6606    3.7690    1.6645 H   0  0  0  0  0  0  0  0  0  0  0  0
   -2.4381    4.1130    0.1017 H   0  0  0  0  0  0  0  0  0  0  0  0
  1 11  1  0  0  0  0
  1 12  1  0  0  0  0
  2 11  2  0  0  0  0
  3  5  1  0  0  0  0
  3 19  1  0  0  0  0
  3 20  1  0  0  0  0
  4  5  2  0  0  0  0
  4  7  1  0  0  0  0
  4 10  1  0  0  0  0
  5  8  1  0  0  0  0
  6  7  2  0  0  0  0
  6  9  1  0  0  0  0
  6 11  1  0  0  0  0
  7 13  1  0  0  0  0
  8  9  2  0  0  0  0
  8 14  1  0  0  0  0
  9 15  1  0  0  0  0
 10 16  1  0  0  0  0
 10 17  1  0  0  0  0
 10 18  1  0  0  0  0
 12 21  1  0  0  0  0
 12 22  1  0  0  0  0
 12 23  1  0  0  0  0
M  END
> <PUBCHEM_BONDANNOTATIONS>
4  5  8
4  7  8
5  8  8
6  7  8
6  9  8
8  9  8

$$$$
