21611
  Marvin  12300703363D          

 25 26  0  0  0  0            999 V2000
   -2.2561    1.9110    4.6607 Br  0  0  0  0  0  0  0  0  0  0  0  0
   -2.0221   -0.1439   -1.0484 O   0  0  0  0  0  0  0  0  0  0  0  0
    2.0377    0.9043    0.4875 O   0  0  0  0  0  0  0  0  0  0  0  0
   -0.1461    0.6720   -0.0728 N   0  0  0  0  0  0  0  0  0  0  0  0
   -0.6979    1.7528    0.6481 C   0  0  0  0  0  0  0  0  0  0  0  0
    0.0265   -1.0859   -1.3531 C   0  0  0  0  0  0  0  0  0  0  0  0
    1.2921   -0.7595   -0.8736 C   0  0  0  0  0  0  0  0  0  0  0  0
   -1.1325    1.3416    2.0781 C   0  0  0  0  0  0  0  0  0  0  0  0
   -0.8197   -0.1609   -0.8205 C   0  0  0  0  0  0  0  0  0  0  0  0
    1.1169    0.3389   -0.0875 C   0  0  0  0  0  0  0  0  0  0  0  0
   -0.1614   -2.1798   -2.2199 C   0  0  0  0  0  0  0  0  0  0  0  0
    2.4238   -1.5134   -1.2401 C   0  0  0  0  0  0  0  0  0  0  0  0
   -1.7412    2.5002    2.8971 C   0  0  0  0  0  0  0  0  0  0  0  0
    0.9708   -2.9142   -2.6300 C   0  0  0  0  0  0  0  0  0  0  0  0
    2.2545   -2.5834   -2.1434 C   0  0  0  0  0  0  0  0  0  0  0  0
    0.0150    2.5811    0.7146 H   0  0  0  0  0  0  0  0  0  0  0  0
   -1.5588    2.1747    0.1194 H   0  0  0  0  0  0  0  0  0  0  0  0
   -0.2659    0.9514    2.6185 H   0  0  0  0  0  0  0  0  0  0  0  0
   -1.8701    0.5373    2.0118 H   0  0  0  0  0  0  0  0  0  0  0  0
   -1.0948   -2.4315   -2.5522 H   0  0  0  0  0  0  0  0  0  0  0  0
    3.3484   -1.2863   -0.8680 H   0  0  0  0  0  0  0  0  0  0  0  0
   -1.0179    3.3102    3.0096 H   0  0  0  0  0  0  0  0  0  0  0  0
   -2.6298    2.8942    2.4000 H   0  0  0  0  0  0  0  0  0  0  0  0
    0.8603   -3.6899   -3.2865 H   0  0  0  0  0  0  0  0  0  0  0  0
    3.0683   -3.1210   -2.4493 H   0  0  0  0  0  0  0  0  0  0  0  0
  1 13  1  0  0  0  0
  2  9  2  0  0  0  0
  3 10  2  0  0  0  0
  4  5  1  0  0  0  0
  4  9  1  0  0  0  0
  4 10  1  0  0  0  0
  5  8  1  0  0  0  0
  5 16  1  0  0  0  0
  5 17  1  0  0  0  0
  6  7  1  0  0  0  0
  6  9  1  0  0  0  0
  6 11  2  0  0  0  0
  7 10  1  0  0  0  0
  7 12  2  0  0  0  0
  8 13  1  0  0  0  0
  8 18  1  0  0  0  0
  8 19  1  0  0  0  0
 11 14  1  0  0  0  0
 11 20  1  0  0  0  0
 12 15  1  0  0  0  0
 12 21  1  0  0  0  0
 13 22  1  0  0  0  0
 13 23  1  0  0  0  0
 14 15  2  0  0  0  0
 14 24  1  0  0  0  0
 15 25  1  0  0  0  0
M  END
> <PUBCHEM_BONDANNOTATIONS>
11  14  8
12  15  8
14  15  8
6  11  8
6  7  8
7  12  8

$$$$
