
  ACD/Labs04281711072D

 12 12  0  0  0  0  0  0  0  0  1 V2000
    3.9876   -6.9108    0.0000 C   0  0  0  0  0  0  0  0  0  0  0  0
    4.6579   -5.7567    0.0000 C   0  0  0  0  0  0  0  0  0  0  0  0
    5.9848   -5.7567    0.0000 O   0  0  0  0  0  0  0  0  0  0  0  0
    3.9876   -4.6095    0.0000 C   0  0  0  0  0  0  0  0  0  0  0  0
    2.6607   -4.6095    0.0000 C   0  0  0  0  0  0  0  0  0  0  0  0
    1.9972   -3.4554    0.0000 C   0  0  0  0  0  0  0  0  0  0  0  0
    2.6607   -2.3013    0.0000 C   0  0  0  0  0  0  0  0  0  0  0  0
    1.9972   -1.1541    0.0000 C   0  0  0  0  0  0  0  0  0  0  0  0
    0.6634   -1.1541    0.0000 C   0  0  0  0  0  0  0  0  0  0  0  0
    0.0000    0.0000    0.0000 O   0  0  0  0  0  0  0  0  0  0  0  0
    0.0000   -2.3013    0.0000 C   0  0  0  0  0  0  0  0  0  0  0  0
    0.6634   -3.4554    0.0000 C   0  0  0  0  0  0  0  0  0  0  0  0
  1  2  1  0  0  0  0
  2  3  2  0  0  0  0
  2  4  1  0  0  0  0
  4  5  1  0  0  0  0
  5  6  1  0  0  0  0
  6  7  1  0  0  0  0
  6 12  2  0  0  0  0
  7  8  2  0  0  0  0
  8  9  1  0  0  0  0
  9 10  1  0  0  0  0
  9 11  2  0  0  0  0
 11 12  1  0  0  0  0
M  END
