2757009
  Marvin  12310702223D          

 13 13  0  0  0  0            999 V2000
   -3.5175    0.2222   -0.0418 Br  0  0  0  0  0  0  0  0  0  0  0  0
    0.4831   -3.1569   -0.2756 O   0  0  0  0  0  0  0  0  0  0  0  0
   -0.9422   -0.8380   -0.0333 N   0  0  0  0  0  0  0  0  0  0  0  0
    0.4182   -0.8897   -0.0042 C   0  0  0  0  0  0  0  0  0  0  0  0
    1.1295    0.3326    0.0359 C   0  0  0  0  0  0  0  0  0  0  0  0
    0.4179    1.5476    0.0348 C   0  0  0  0  0  0  0  0  0  0  0  0
   -0.9877    1.5456    0.0079 C   0  0  0  0  0  0  0  0  0  0  0  0
   -1.6619    0.3123   -0.0225 C   0  0  0  0  0  0  0  0  0  0  0  0
    1.0600   -2.1119   -0.0138 C   0  0  0  0  0  0  0  0  0  0  0  0
    2.1527    0.3538    0.0582 H   0  0  0  0  0  0  0  0  0  0  0  0
    0.9258    2.4347    0.0535 H   0  0  0  0  0  0  0  0  0  0  0  0
   -1.5076    2.4252    0.0112 H   0  0  0  0  0  0  0  0  0  0  0  0
    2.0297   -2.1775    0.1897 H   0  0  0  0  0  0  0  0  0  0  0  0
  1  8  1  0  0  0  0
  2  9  2  0  0  0  0
  3  4  2  0  0  0  0
  3  8  1  0  0  0  0
  4  5  1  0  0  0  0
  4  9  1  0  0  0  0
  5  6  2  0  0  0  0
  5 10  1  0  0  0  0
  6  7  1  0  0  0  0
  6 11  1  0  0  0  0
  7  8  2  0  0  0  0
  7 12  1  0  0  0  0
  9 13  1  0  0  0  0
M  END
> <PUBCHEM_BONDANNOTATIONS>
3  4  8
3  8  8
4  5  8
5  6  8
6  7  8
7  8  8

$$$$
