21954
  Marvin  12300703363D          

 12 12  0  0  0  0            999 V2000
   -2.2913    1.1540   -0.0000 O   0  0  0  0  0  0  0  0  0  0  0  0
    2.2065   -1.3088    0.0000 O   0  0  0  0  0  0  0  0  0  0  0  0
   -1.0985   -0.6903    0.0000 N   0  0  0  0  0  0  0  0  0  0  0  0
    0.0102   -1.2973   -0.0000 N   0  0  0  0  0  0  0  0  0  0  0  0
   -1.1913    0.6230   -0.0000 C   0  0  0  0  0  0  0  0  0  0  0  0
    1.1666   -0.6681    0.0000 C   0  0  0  0  0  0  0  0  0  0  0  0
   -0.0296    1.3520   -0.0000 C   0  0  0  0  0  0  0  0  0  0  0  0
    1.1550    0.7034    0.0000 C   0  0  0  0  0  0  0  0  0  0  0  0
   -1.8843   -1.1986    0.0000 H   0  0  0  0  0  0  0  0  0  0  0  0
    0.0053   -2.2332   -0.0000 H   0  0  0  0  0  0  0  0  0  0  0  0
   -0.0543    2.3460   -0.0000 H   0  0  0  0  0  0  0  0  0  0  0  0
    2.0057    1.2180    0.0000 H   0  0  0  0  0  0  0  0  0  0  0  0
  1  5  2  0  0  0  0
  2  6  2  0  0  0  0
  3  4  1  0  0  0  0
  3  5  1  0  0  0  0
  3  9  1  0  0  0  0
  4  6  1  0  0  0  0
  4 10  1  0  0  0  0
  5  7  1  0  0  0  0
  6  8  1  0  0  0  0
  7  8  2  0  0  0  0
  7 11  1  0  0  0  0
  8 12  1  0  0  0  0
M  END
> <PUBCHEM_BONDANNOTATIONS>
3  4  8
3  5  8
4  6  8
5  7  8
6  8  8
7  8  8

$$$$
