236566
  Marvin  12310702213D          

 16 17  0  0  0  0            999 V2000
   -1.2527   -3.1484   -0.8261 F   0  0  0  0  0  0  0  0  0  0  0  0
   -2.2604    1.9557    0.5040 O   0  0  0  0  0  0  0  0  0  0  0  0
    0.0533    3.5052    0.7485 O   0  0  0  0  0  0  0  0  0  0  0  0
    1.0514    1.5652    0.4013 N   0  0  0  0  0  0  0  0  0  0  0  0
   -0.7012    0.3029    0.0994 C   0  0  0  0  0  0  0  0  0  0  0  0
    0.6944    0.3415    0.1121 C   0  0  0  0  0  0  0  0  0  0  0  0
   -1.1062    1.5688    0.3981 C   0  0  0  0  0  0  0  0  0  0  0  0
   -1.3907   -0.8877   -0.1999 C   0  0  0  0  0  0  0  0  0  0  0  0
    1.4545   -0.8069   -0.1724 C   0  0  0  0  0  0  0  0  0  0  0  0
    0.0084    2.3025    0.5380 C   0  0  0  0  0  0  0  0  0  0  0  0
   -0.6385   -2.0406   -0.5135 C   0  0  0  0  0  0  0  0  0  0  0  0
    0.7748   -1.9996   -0.4978 C   0  0  0  0  0  0  0  0  0  0  0  0
    1.9352    1.8612    0.4855 H   0  0  0  0  0  0  0  0  0  0  0  0
   -2.4130   -0.9096   -0.1981 H   0  0  0  0  0  0  0  0  0  0  0  0
    2.4757   -0.7734   -0.1521 H   0  0  0  0  0  0  0  0  0  0  0  0
    1.3151   -2.8368   -0.7271 H   0  0  0  0  0  0  0  0  0  0  0  0
  1 11  1  0  0  0  0
  2  7  2  0  0  0  0
  3 10  2  0  0  0  0
  4  6  1  0  0  0  0
  4 10  1  0  0  0  0
  4 13  1  0  0  0  0
  5  6  2  0  0  0  0
  5  7  1  0  0  0  0
  5  8  1  0  0  0  0
  6  9  1  0  0  0  0
  7 10  1  0  0  0  0
  8 11  2  0  0  0  0
  8 14  1  0  0  0  0
  9 12  2  0  0  0  0
  9 15  1  0  0  0  0
 11 12  1  0  0  0  0
 12 16  1  0  0  0  0
M  END
> <PUBCHEM_BONDANNOTATIONS>
11  12  8
5  6  8
5  8  8
6  9  8
8  11  8
9  12  8

$$$$
