
  ACD/Labs03221914022D

 12 12  0  0  0  0  0  0  0  0  1 V2000
    6.9090   -1.9898    0.0000 C   0  0  0  0  0  0  0  0  0  0  0  0
    5.7552   -2.6599    0.0000 C   0  0  0  0  0  0  0  0  0  0  0  0
    4.6083   -1.9898    0.0000 C   0  0  0  0  0  0  0  0  0  0  0  0
    4.6083   -0.6633    0.0000 C   0  0  0  0  0  0  0  0  0  0  0  0
    3.4545    0.0000    0.0000 C   0  0  0  0  0  0  0  0  0  0  0  0
    2.3007   -0.6633    0.0000 C   0  0  0  0  0  0  0  0  0  0  0  0
    2.3007   -1.9898    0.0000 C   0  0  0  0  0  0  0  0  0  0  0  0
    3.4545   -2.6599    0.0000 C   0  0  0  0  0  0  0  0  0  0  0  0
    1.1538   -2.6599    0.0000 O   0  0  0  0  0  0  0  0  0  0  0  0
    0.0000   -1.9898    0.0000 C   0  0  0  0  0  0  0  0  0  0  0  0
    1.1538    0.0000    0.0000 O   0  0  0  0  0  0  0  0  0  0  0  0
    5.7552   -3.9865    0.0000 O   0  0  0  0  0  0  0  0  0  0  0  0
  1  2  1  0  0  0  0
  2  3  1  0  0  0  0
  2 12  2  0  0  0  0
  3  4  2  0  0  0  0
  3  8  1  0  0  0  0
  4  5  1  0  0  0  0
  5  6  2  0  0  0  0
  6  7  1  0  0  0  0
  6 11  1  0  0  0  0
  7  8  2  0  0  0  0
  7  9  1  0  0  0  0
  9 10  1  0  0  0  0
M  END
