
  SciTegic07080820033D

 10 10  0  0  0  0            999 V2000
    2.5022   -1.4182   -0.0002 C   0  0
    1.2035   -0.6674   -0.0002 C   0  0
    1.2040    0.7222    0.0000 C   0  0
    0.0004    1.4170    0.0000 C   0  0
    0.0007    2.8077    0.0002 O   0  0
   -1.2033    0.7227   -0.0001 C   0  0
   -1.2033   -0.6669   -0.0003 C   0  0
   -2.5024   -1.4173   -0.0005 C   0  0
    0.0000   -1.3619   -0.0004 C   0  0
   -0.0003   -3.0825   -0.0007 Cl  0  0
  1  2  1  0
  2  3  4  0
  3  4  4  0
  4  5  1  0
  4  6  4  0
  6  7  4  0
  7  8  1  0
  7  9  4  0
  9  2  4  0
  9 10  1  0
M  END
