Benzaldehyde, 4-methoxy-, ID: C123115
 OpenBabel04210820133D

 18 18  0  0  0  0  0  0  0  0999 V2000
   -0.0173    1.4248    0.0099 C   0  0  0  0  0
    0.0021   -0.0041    0.0020 O   0  0  0  0  0
    0.6247   -0.6173    1.0397 C   0  0  0  0  0
    0.6791   -2.0060    1.0923 C   0  0  0  0  0
    1.2114    0.1450    2.0441 C   0  0  0  0  0
    1.3072   -2.6307    2.1389 C   0  0  0  0  0
    1.8950   -1.8679    3.1556 C   0  0  0  0  0
    2.5694   -2.5317    4.2787 C   0  0  0  0  0
    1.8427   -0.4698    3.0946 C   0  0  0  0  0
    3.0777   -1.8690    5.1582 O   0  0  0  0  0
    1.0053    1.8021    0.0021 H   0  0  0  0  0
   -0.5445    1.7859   -0.8732 H   0  0  0  0  0
   -0.5275    1.7763    0.9067 H   0  0  0  0  0
    0.2255   -2.5934    0.3077 H   0  0  0  0  0
    1.1700    1.2232    1.9965 H   0  0  0  0  0
    1.3483   -3.7092    2.1792 H   0  0  0  0  0
    2.6127   -3.6100    4.3214 H   0  0  0  0  0
    2.2980    0.1231    3.8741 H   0  0  0  0  0
  1  2  1  0  0  0
  1 11  1  0  0  0
  1 12  1  0  0  0
  1 13  1  0  0  0
  2  3  1  0  0  0
  3  4  2  0  0  0
  5  3  1  0  0  0
  4  6  1  0  0  0
  4 14  1  0  0  0
  9  5  2  0  0  0
  5 15  1  0  0  0
  6  7  2  0  0  0
  6 16  1  0  0  0
  7  8  1  0  0  0
  7  9  1  0  0  0
  8 10  2  0  0  0
  8 17  1  0  0  0
  9 18  1  0  0  0
M  END
