
  ACD/Labs04281710322D

 10 10  0  0  0  0  0  0  0  0  1 V2000
    2.3003   -5.3124    0.0000 Cl  0  0  0  0  0  0  0  0  0  0  0  0
    2.3003    0.0000    0.0000 O   0  0  0  0  0  0  0  0  0  0  0  0
    2.3003   -3.9843    0.0000 C   0  0  0  0  0  0  0  0  0  0  0  0
    3.4531   -3.3203    0.0000 C   0  0  0  0  0  0  0  0  0  0  0  0
    1.1528   -3.3203    0.0000 C   0  0  0  0  0  0  0  0  0  0  0  0
    2.3003   -1.3281    0.0000 C   0  0  0  0  0  0  0  0  0  0  0  0
    3.4531   -1.9922    0.0000 C   0  0  0  0  0  0  0  0  0  0  0  0
    1.1528   -1.9922    0.0000 C   0  0  0  0  0  0  0  0  0  0  0  0
    4.6165   -3.9949    0.0000 C   0  0  0  0  0  0  0  0  0  0  0  0
    0.0000   -3.9843    0.0000 C   0  0  0  0  0  0  0  0  0  0  0  0
  1  3  1  0  0  0  0
  2  6  1  0  0  0  0
  3  4  2  0  0  0  0
  3  5  1  0  0  0  0
  4  7  1  0  0  0  0
  4  9  1  0  0  0  0
  5  8  2  0  0  0  0
  5 10  1  0  0  0  0
  6  7  2  0  0  0  0
  6  8  1  0  0  0  0
M  END
