
  1019              3D

 21 21  0  0  0  0  0  0  0  0999 V2000
    2.2160   -3.9920   -0.0447 C   0  0  0  0  0  0  0  0  0  0  0  0
    3.4686   -3.2291   -0.0375 C   0  0  0  0  0  0  0  0  0  0  0  0
    0.9755   -3.3428   -0.1159 C   0  0  0  0  0  0  0  0  0  0  0  0
    2.2527   -5.3914    0.0107 C   0  0  0  0  0  0  0  0  0  0  0  0
    3.7351   -2.3108    0.9004 C   0  0  0  0  0  0  0  0  0  0  0  0
   -0.2093   -4.0802   -0.0999 C   0  0  0  0  0  0  0  0  0  0  0  0
    1.0638   -6.1247    0.0151 C   0  0  0  0  0  0  0  0  0  0  0  0
    5.0271   -1.5779    0.8542 C   0  0  0  0  0  0  0  0  0  0  0  0
   -0.1663   -5.4705   -0.0333 C   0  0  0  0  0  0  0  0  0  0  0  0
    5.6714   -1.2821    2.1820 C   0  0  0  0  0  0  0  0  0  0  0  0
    5.5080   -1.1830   -0.2052 O   0  0  0  0  0  0  0  0  0  0  0  0
    4.1755   -3.4586   -0.8289 H   0  0  0  0  0  0  0  0  0  0  0  0
    0.9187   -2.2580   -0.1646 H   0  0  0  0  0  0  0  0  0  0  0  0
    3.2008   -5.9237    0.0558 H   0  0  0  0  0  0  0  0  0  0  0  0
    3.0503   -2.0671    1.7051 H   0  0  0  0  0  0  0  0  0  0  0  0
   -1.1661   -3.5681   -0.1323 H   0  0  0  0  0  0  0  0  0  0  0  0
    1.0956   -7.2089    0.0630 H   0  0  0  0  0  0  0  0  0  0  0  0
   -1.0898   -6.0430   -0.0213 H   0  0  0  0  0  0  0  0  0  0  0  0
    5.1510   -0.4472    2.6596 H   0  0  0  0  0  0  0  0  0  0  0  0
    5.6281   -2.1566    2.8355 H   0  0  0  0  0  0  0  0  0  0  0  0
    6.7183   -1.0082    2.0252 H   0  0  0  0  0  0  0  0  0  0  0  0
  1  2  1  0  0  0  0
  1  3  1  0  0  0  0
  1  4  2  0  0  0  0
  2  5  2  0  0  0  0
  3  6  2  0  0  0  0
  4  7  1  0  0  0  0
  5  8  1  0  0  0  0
  6  9  1  0  0  0  0
  7  9  2  0  0  0  0
  8 10  1  0  0  0  0
  8 11  2  0  0  0  0
  2 12  1  0  0  0  0
  3 13  1  0  0  0  0
  4 14  1  0  0  0  0
  5 15  1  0  0  0  0
  6 16  1  0  0  0  0
  7 17  1  0  0  0  0
  9 18  1  0  0  0  0
 10 19  1  0  0  0  0
 10 20  1  0  0  0  0
 10 21  1  0  0  0  0
M  END
>  <energy>
28.293988208533904

$$$$
