
  1019              3D

 22 22  0  0  0  0  0  0  0  0999 V2000
    4.6198   -1.9916   -0.0448 C   0  0  0  0  0  0  0  0  0  0  0  0
    3.4329   -1.2619    0.0101 C   0  0  0  0  0  0  0  0  0  0  0  0
    2.2195   -1.9505    0.0153 C   0  0  0  0  0  0  0  0  0  0  0  0
    5.8982   -1.2726   -0.0631 C   0  0  0  0  0  0  0  0  0  0  0  0
    2.2043   -3.3470    0.0014 C   0  0  0  0  0  0  0  0  0  0  0  0
    4.6165   -3.3868   -0.0759 C   0  0  0  0  0  0  0  0  0  0  0  0
    6.3978   -0.9595   -1.1370 O   0  0  0  0  0  0  0  0  0  0  0  0
    3.3986   -4.0665   -0.0486 C   0  0  0  0  0  0  0  0  0  0  0  0
    1.0475   -1.2493    0.1208 O   0  0  0  0  0  0  0  0  0  0  0  0
    1.0342   -4.0514    0.0556 O   0  0  0  0  0  0  0  0  0  0  0  0
    6.5247   -0.9710    1.2692 C   0  0  0  0  0  0  0  0  0  0  0  0
    0.6421   -0.7662   -1.1606 C   0  0  0  0  0  0  0  0  0  0  0  0
    3.4496   -0.1764    0.0483 H   0  0  0  0  0  0  0  0  0  0  0  0
    5.5459   -3.9473   -0.1104 H   0  0  0  0  0  0  0  0  0  0  0  0
    5.7660   -0.6529    1.9896 H   0  0  0  0  0  0  0  0  0  0  0  0
    7.0337   -1.8640    1.6418 H   0  0  0  0  0  0  0  0  0  0  0  0
    7.2558   -0.1659    1.1526 H   0  0  0  0  0  0  0  0  0  0  0  0
    3.3882   -5.1528   -0.0578 H   0  0  0  0  0  0  0  0  0  0  0  0
    0.2965   -3.4228   -0.0266 H   0  0  0  0  0  0  0  0  0  0  0  0
   -0.2714   -0.1801   -1.0216 H   0  0  0  0  0  0  0  0  0  0  0  0
    1.4003   -0.1070   -1.5984 H   0  0  0  0  0  0  0  0  0  0  0  0
    0.4181   -1.5952   -1.8406 H   0  0  0  0  0  0  0  0  0  0  0  0
  1  2  2  0  0  0  0
  1  4  1  0  0  0  0
  1  6  1  0  0  0  0
  2  3  1  0  0  0  0
  3  9  1  0  0  0  0
  3  5  2  0  0  0  0
  4  7  2  0  0  0  0
  4 11  1  0  0  0  0
  5  8  1  0  0  0  0
  5 10  1  0  0  0  0
  6  8  2  0  0  0  0
  9 12  1  0  0  0  0
  2 13  1  0  0  0  0
  6 14  1  0  0  0  0
 11 15  1  0  0  0  0
 11 16  1  0  0  0  0
 11 17  1  0  0  0  0
  8 18  1  0  0  0  0
 10 19  1  0  0  0  0
 12 20  1  0  0  0  0
 12 21  1  0  0  0  0
 12 22  1  0  0  0  0
M  END
>  <energy>
42.85160599485215

$$$$
