
  ACD/Labs04281711442D

 10 10  0  0  0  0  0  0  0  0  1 V2000
    6.9037   -2.0228    0.0000 O   0  0  0  0  0  0  0  0  0  0  0  0
    5.7508   -2.6786    0.0000 C   0  0  0  0  0  0  0  0  0  0  0  0
    4.6048   -2.0090    0.0000 C   0  0  0  0  0  0  0  0  0  0  0  0
    3.4588   -2.6717    0.0000 C   0  0  0  0  0  0  0  0  0  0  0  0
    2.3196   -2.0297    0.0000 C   0  0  0  0  0  0  0  0  0  0  0  0
    2.2989   -0.6628    0.0000 C   0  0  0  0  0  0  0  0  0  0  0  0
    1.1460   -0.0138    0.0000 O   0  0  0  0  0  0  0  0  0  0  0  0
    0.0000   -0.6835    0.0000 C   0  0  0  0  0  0  0  0  0  0  0  0
    3.4449    0.0000    0.0000 C   0  0  0  0  0  0  0  0  0  0  0  0
    4.6186   -0.7042    0.0000 C   0  0  0  0  0  0  0  0  0  0  0  0
  1  2  2  0  0  0  0
  2  3  1  0  0  0  0
  3  4  2  0  0  0  0
  3 10  1  0  0  0  0
  4  5  1  0  0  0  0
  5  6  2  0  0  0  0
  6  7  1  0  0  0  0
  6  9  1  0  0  0  0
  7  8  1  0  0  0  0
  9 10  2  0  0  0  0
M  END
