
  ACD/Labs04281711312D

 11 11  0  0  0  0  0  0  0  0  1 V2000
    0.0000   -1.9642    0.0000 C   0  0  0  0  0  0  0  0  0  0  0  0
    1.1554   -1.3114    0.0000 O   0  0  0  0  0  0  0  0  0  0  0  0
    2.2993   -1.9873    0.0000 C   0  0  0  0  0  0  0  0  0  0  0  0
    2.2935   -3.3160    0.0000 C   0  0  0  0  0  0  0  0  0  0  0  0
    3.4373   -3.9919    0.0000 C   0  0  0  0  0  0  0  0  0  0  0  0
    4.5985   -3.3333    0.0000 C   0  0  0  0  0  0  0  0  0  0  0  0
    4.6101   -2.0104    0.0000 C   0  0  0  0  0  0  0  0  0  0  0  0
    5.7655   -1.3518    0.0000 C   0  0  0  0  0  0  0  0  0  0  0  0
    5.7770   -0.0231    0.0000 O   0  0  0  0  0  0  0  0  0  0  0  0
    3.4604   -1.3287    0.0000 C   0  0  0  0  0  0  0  0  0  0  0  0
    3.4778    0.0000    0.0000 O   0  0  0  0  0  0  0  0  0  0  0  0
  1  2  1  0  0  0  0
  2  3  1  0  0  0  0
  3  4  1  0  0  0  0
  3 10  2  0  0  0  0
  4  5  2  0  0  0  0
  5  6  1  0  0  0  0
  6  7  2  0  0  0  0
  7  8  1  0  0  0  0
  7 10  1  0  0  0  0
  8  9  2  0  0  0  0
 10 11  1  0  0  0  0
M  END
