p-BROMONITROBENZENE
  DSViewer          3D                             0

 10 10  0  0  0  0  0  0  0  0999 V2000
    5.2017   -0.3727    0.8933 Br  0  0  0  0  0  0  0  0  0  0
    3.3495   -0.2196    0.4947 C   0  0  0  0  0  0  0  0  0  1
    2.6145   -1.3519    0.1615 C   0  0  0  0  0  0  0  0  0  2
    1.2598   -1.2399   -0.1299 C   0  0  0  0  0  0  0  0  0  3
    0.6410    0.0043   -0.0880 C   0  0  0  0  0  0  0  0  0  4
    1.3755    1.1366    0.2451 C   0  0  0  0  0  0  0  0  0  5
    2.7302    1.0246    0.5366 C   0  0  0  0  0  0  0  0  0  6
   -0.7169    0.1164   -0.3802 N   0  3  0  0  0  0  0  0  0  7
   -1.2403    1.1683   -0.3448 O   0  0  0  0  0  0  0  0  0  8
   -1.4165   -0.9622   -0.6975 O   0  5  0  0  0  0  0  0  0  9
  8 10  1  0  0  0
  8  9  2  0  0  0
  5  8  1  0  0  0
  7  2  4  0  0  0
  6  7  4  0  0  0
  5  6  4  0  0  0
  4  5  4  0  0  0
  3  4  4  0  0  0
  2  3  4  0  0  0
  1  2  1  0  0  0
M  CHG  2   8   1  10  -1
M  END
