
  ACD/Labs04281711282D

 11 11  0  0  0  0  0  0  0  0  2 V2000
    2.6598   -5.7572    0.0000 N   0  0  0  0  0  0  0  0  0  0  0  0
    1.9920   -4.6058    0.0000 C   0  0  0  0  0  0  0  0  0  0  0  0
    2.6598   -3.4543    0.0000 C   0  0  0  0  0  0  0  0  0  0  0  0
    1.9920   -2.3029    0.0000 C   0  0  0  0  0  0  0  0  0  0  0  0
    0.6621   -2.3029    0.0000 C   0  0  0  0  0  0  0  0  0  0  0  0
    0.0000   -3.4543    0.0000 C   0  0  0  0  0  0  0  0  0  0  0  0
    0.6621   -4.6058    0.0000 C   0  0  0  0  0  0  0  0  0  0  0  0
    0.0000   -5.7572    0.0000 Cl  0  0  0  0  0  0  0  0  0  0  0  0
    2.6598   -1.1514    0.0000 N   0  3  0  0  0  0  0  0  0  0  0  0
    3.9898   -1.1514    0.0000 O   0  5  0  0  0  0  0  0  0  0  0  0
    1.9920    0.0000    0.0000 O   0  0  0  0  0  0  0  0  0  0  0  0
  1  2  1  0  0  0  0
  2  3  1  0  0  0  0
  2  7  2  0  0  0  0
  3  4  2  0  0  0  0
  4  5  1  0  0  0  0
  4  9  1  0  0  0  0
  5  6  2  0  0  0  0
  6  7  1  0  0  0  0
  7  8  1  0  0  0  0
  9 10  1  0  0  0  0
  9 11  2  0  0  0  0
M  CHG  2   9   1  10  -1
M  END
