23830
  Marvin  12300703363D          

 33 33  0  0  0  0            999 V2000
    4.7332    1.1690   -1.3462 S   0  0  2  0  0  0  0  0  0  0  0  0
   -4.5183   -2.4329   -1.0633 O   0  0  0  0  0  0  0  0  0  0  0  0
    4.8703    2.7483   -1.4699 O   0  5  0  0  0  0  0  0  0  0  0  0
    6.1345    0.5508   -0.9198 O   0  0  0  0  0  0  0  0  0  0  0  0
    4.3476    0.5723   -2.7698 O   0  0  0  0  0  0  0  0  0  0  0  0
   -1.8426   -0.3024    0.6294 N   0  3  1  0  0  0  0  0  0  0  0  0
    0.8383    0.7566    0.1632 N   0  0  0  0  0  0  0  0  0  0  0  0
   -0.6504   -1.2125    0.6792 C   0  0  0  0  0  0  0  0  0  0  0  0
   -1.6010    1.1809    0.6266 C   0  0  0  0  0  0  0  0  0  0  0  0
    0.7733   -0.6039    0.7483 C   0  0  0  0  0  0  0  0  0  0  0  0
   -0.1467    1.7155    0.7238 C   0  0  0  0  0  0  0  0  0  0  0  0
   -2.9162   -0.7384   -0.3280 C   0  0  0  0  0  0  0  0  0  0  0  0
    2.0597    1.2557   -0.5380 C   0  0  0  0  0  0  0  0  0  0  0  0
   -3.5411   -2.1306   -0.0726 C   0  0  0  0  0  0  0  0  0  0  0  0
    3.4625    0.7245   -0.1392 C   0  0  0  0  0  0  0  0  0  0  0  0
   -2.2828   -0.4524    1.5406 H   0  0  0  0  0  0  0  0  0  0  0  0
   -0.7822   -1.8539    1.5552 H   0  0  0  0  0  0  0  0  0  0  0  0
   -0.6420   -1.8930   -0.1779 H   0  0  0  0  0  0  0  0  0  0  0  0
   -2.1615    1.5879    1.4733 H   0  0  0  0  0  0  0  0  0  0  0  0
   -2.0441    1.6525   -0.2570 H   0  0  0  0  0  0  0  0  0  0  0  0
    1.1283   -0.5607    1.7817 H   0  0  0  0  0  0  0  0  0  0  0  0
    1.4393   -1.2881    0.2174 H   0  0  0  0  0  0  0  0  0  0  0  0
    0.1183    1.9308    1.7623 H   0  0  0  0  0  0  0  0  0  0  0  0
   -0.1054    2.6728    0.1941 H   0  0  0  0  0  0  0  0  0  0  0  0
   -2.5182   -0.7121   -1.3477 H   0  0  0  0  0  0  0  0  0  0  0  0
   -3.7533   -0.0342   -0.3000 H   0  0  0  0  0  0  0  0  0  0  0  0
    1.8765    1.0151   -1.5864 H   0  0  0  0  0  0  0  0  0  0  0  0
    2.1212    2.3461   -0.4795 H   0  0  0  0  0  0  0  0  0  0  0  0
   -4.0170   -2.1527    0.9093 H   0  0  0  0  0  0  0  0  0  0  0  0
   -2.7912   -2.9214   -0.1103 H   0  0  0  0  0  0  0  0  0  0  0  0
    3.7505    1.1126    0.8398 H   0  0  0  0  0  0  0  0  0  0  0  0
    3.4862   -0.3628   -0.0875 H   0  0  0  0  0  0  0  0  0  0  0  0
   -4.8258   -3.3394   -0.8511 H   0  0  0  0  0  0  0  0  0  0  0  0
  1  3  1  0  0  0  0
  1  4  2  0  0  0  0
  1  5  2  0  0  0  0
  1 15  1  0  0  0  0
  2 14  1  0  0  0  0
  2 33  1  0  0  0  0
  6  8  1  0  0  0  0
  6  9  1  0  0  0  0
  6 12  1  0  0  0  0
  6 16  1  0  0  0  0
  7 10  1  0  0  0  0
  7 11  1  0  0  0  0
  7 13  1  0  0  0  0
  8 10  1  0  0  0  0
  8 17  1  0  0  0  0
  8 18  1  0  0  0  0
  9 11  1  0  0  0  0
  9 19  1  0  0  0  0
  9 20  1  0  0  0  0
 10 21  1  0  0  0  0
 10 22  1  0  0  0  0
 11 23  1  0  0  0  0
 11 24  1  0  0  0  0
 12 14  1  0  0  0  0
 12 25  1  0  0  0  0
 12 26  1  0  0  0  0
 13 15  1  0  0  0  0
 13 27  1  0  0  0  0
 13 28  1  0  0  0  0
 14 29  1  0  0  0  0
 14 30  1  0  0  0  0
 15 31  1  0  0  0  0
 15 32  1  0  0  0  0
M  CHG  2   3  -1   6   1
M  END
$$$$
