256687
  Marvin  12310703033D          

 21 21  0  0  0  0            999 V2000
   -1.5450   -4.1507    1.3521 Br  0  0  0  0  0  0  0  0  0  0  0  0
    1.8816    2.0118    0.3567 O   0  0  0  0  0  0  0  0  0  0  0  0
    0.2977    2.8670   -0.8074 O   0  0  0  0  0  0  0  0  0  0  0  0
   -1.2294   -1.8465   -0.2642 C   0  0  0  0  0  0  0  0  0  0  0  0
    0.1601    0.6627   -0.2924 C   0  0  0  0  0  0  0  0  0  0  0  0
    0.1826   -1.7983   -0.2699 C   0  0  0  0  0  0  0  0  0  0  0  0
   -1.9376   -0.6258   -0.2823 C   0  0  0  0  0  0  0  0  0  0  0  0
    0.8650   -0.5654   -0.2771 C   0  0  0  0  0  0  0  0  0  0  0  0
   -1.2550    0.6028   -0.3036 C   0  0  0  0  0  0  0  0  0  0  0  0
   -1.9429   -3.1451   -0.2463 C   0  0  0  0  0  0  0  0  0  0  0  0
    0.8085    1.8930   -0.2625 C   0  0  0  0  0  0  0  0  0  0  0  0
    2.5039    3.0927    0.8416 C   0  0  0  0  0  0  0  0  0  0  0  0
    0.7297   -2.6632   -0.2664 H   0  0  0  0  0  0  0  0  0  0  0  0
   -2.9606   -0.6125   -0.2761 H   0  0  0  0  0  0  0  0  0  0  0  0
    1.8888   -0.5839   -0.2754 H   0  0  0  0  0  0  0  0  0  0  0  0
   -1.8190    1.4572   -0.3096 H   0  0  0  0  0  0  0  0  0  0  0  0
   -1.6551   -3.7372   -1.1164 H   0  0  0  0  0  0  0  0  0  0  0  0
   -3.0285   -3.0297   -0.2803 H   0  0  0  0  0  0  0  0  0  0  0  0
    3.4640    2.7891    1.2583 H   0  0  0  0  0  0  0  0  0  0  0  0
    1.9084    3.5317    1.6459 H   0  0  0  0  0  0  0  0  0  0  0  0
    2.6828    3.8504    0.0754 H   0  0  0  0  0  0  0  0  0  0  0  0
  1 10  1  0  0  0  0
  2 11  1  0  0  0  0
  2 12  1  0  0  0  0
  3 11  2  0  0  0  0
  4  6  2  0  0  0  0
  4  7  1  0  0  0  0
  4 10  1  0  0  0  0
  5  8  2  0  0  0  0
  5  9  1  0  0  0  0
  5 11  1  0  0  0  0
  6  8  1  0  0  0  0
  6 13  1  0  0  0  0
  7  9  2  0  0  0  0
  7 14  1  0  0  0  0
  8 15  1  0  0  0  0
  9 16  1  0  0  0  0
 10 17  1  0  0  0  0
 10 18  1  0  0  0  0
 12 19  1  0  0  0  0
 12 20  1  0  0  0  0
 12 21  1  0  0  0  0
M  END
> <PUBCHEM_BONDANNOTATIONS>
4  6  8
4  7  8
5  8  8
5  9  8
6  8  8
7  9  8

$$$$
