
  ACD/Labs06251410092D

 12 12  0  0  0  0  0  0  0  0  1 V2000
    3.9884   -6.9123    0.0000 C   0  0  0  0  0  0  0  0  0  0  0  0
    3.3248   -5.7580    0.0000 O   0  0  0  0  0  0  0  0  0  0  0  0
    3.9884   -4.6105    0.0000 C   0  0  0  0  0  0  0  0  0  0  0  0
    5.3225   -4.6105    0.0000 O   0  0  0  0  0  0  0  0  0  0  0  0
    3.3248   -3.4562    0.0000 C   0  0  0  0  0  0  0  0  0  0  0  0
    3.9884   -2.3018    0.0000 C   0  0  0  0  0  0  0  0  0  0  0  0
    3.3248   -1.1544    0.0000 C   0  0  0  0  0  0  0  0  0  0  0  0
    1.9977   -1.1544    0.0000 C   0  0  0  0  0  0  0  0  0  0  0  0
    1.3272    0.0000    0.0000 C   0  0  0  0  0  0  0  0  0  0  0  0
    0.0000    0.0000    0.0000 Br  0  0  0  0  0  0  0  0  0  0  0  0
    1.3272   -2.3018    0.0000 C   0  0  0  0  0  0  0  0  0  0  0  0
    1.9977   -3.4562    0.0000 C   0  0  0  0  0  0  0  0  0  0  0  0
  1  2  1  0  0  0  0
  2  3  1  0  0  0  0
  3  4  2  0  0  0  0
  3  5  1  0  0  0  0
  5  6  1  0  0  0  0
  5 12  2  0  0  0  0
  6  7  2  0  0  0  0
  7  8  1  0  0  0  0
  8  9  1  0  0  0  0
  8 11  2  0  0  0  0
  9 10  1  0  0  0  0
 11 12  1  0  0  0  0
M  END
