
  ACD/Labs04221418292D

 29 30  0  0  0  0  0  0  0  0  1 V2000
    2.2141   -1.8850    0.0000 C   0  0  0  0  0  0  0  0  0  0  0  0
    2.2141   -3.2613    0.0000 C   0  0  0  0  0  0  0  0  0  0  0  0
    3.3661   -1.2118    0.0000 C   0  0  0  0  0  0  0  0  0  0  0  0
    1.1370   -1.2118    0.0000 C   0  0  0  0  0  0  0  0  0  0  0  0
    3.3661   -3.9345    0.0000 C   0  0  0  0  0  0  0  0  0  0  0  0
    1.1370   -3.9345    0.0000 C   0  0  0  0  0  0  0  0  0  0  0  0
    4.5180   -1.8850    0.0000 C   0  0  0  0  0  0  0  0  0  0  0  0
    0.4638   -2.3787    0.0000 F   0  0  0  0  0  0  0  0  0  0  0  0
    0.0000   -0.5535    0.0000 F   0  0  0  0  0  0  0  0  0  0  0  0
    1.8102   -0.1047    0.0000 F   0  0  0  0  0  0  0  0  0  0  0  0
    4.5180   -3.2613    0.0000 C   0  0  0  0  0  0  0  0  0  0  0  0
    0.0000   -4.6078    0.0000 N   0  0  0  0  0  0  0  0  0  0  0  0
    5.6849   -1.2118    0.0000 N   0  0  0  0  0  0  0  0  0  0  0  0
    6.8518   -1.8850    0.0000 C   0  0  0  0  0  0  0  0  0  0  0  0
    8.0037   -1.2118    0.0000 C   0  0  0  0  0  0  0  0  0  0  0  0
    6.8518   -3.2613    0.0000 O   0  0  0  0  0  0  0  0  0  0  0  0
    9.1557   -1.8850    0.0000 C   0  0  0  0  0  0  0  0  0  0  0  0
    7.4203   -0.0598    0.0000 C   0  0  0  0  0  0  0  0  0  0  0  0
    8.5273    0.0000    0.0000 O   0  0  0  0  0  0  0  0  0  0  0  0
   10.3226   -1.2118    0.0000 S   0  0  0  0  0  0  0  0  0  0  0  0
   11.4745   -1.8850    0.0000 C   0  0  0  0  0  0  0  0  0  0  0  0
   11.1753   -0.2394    0.0000 O   0  0  0  0  0  0  0  0  0  0  0  0
    9.4698   -0.2394    0.0000 O   0  0  0  0  0  0  0  0  0  0  0  0
   11.4745   -3.2165    0.0000 C   0  0  0  0  0  0  0  0  0  0  0  0
   12.5965   -1.2118    0.0000 C   0  0  0  0  0  0  0  0  0  0  0  0
   12.5965   -3.8897    0.0000 C   0  0  0  0  0  0  0  0  0  0  0  0
   13.7933   -1.8850    0.0000 C   0  0  0  0  0  0  0  0  0  0  0  0
   13.7933   -3.2165    0.0000 C   0  0  0  0  0  0  0  0  0  0  0  0
   14.9602   -3.8897    0.0000 F   0  0  0  0  0  0  0  0  0  0  0  0
  1  2  2  0  0  0  0
  1  3  1  0  0  0  0
  1  4  1  0  0  0  0
  2  5  1  0  0  0  0
  2  6  1  0  0  0  0
  3  7  2  0  0  0  0
  4  8  1  0  0  0  0
  4  9  1  0  0  0  0
  4 10  1  0  0  0  0
  5 11  2  0  0  0  0
  6 12  3  0  0  0  0
  7 13  1  0  0  0  0
  7 11  1  0  0  0  0
 13 14  1  0  0  0  0
 14 15  1  0  0  0  0
 14 16  2  0  0  0  0
 15 17  1  0  0  0  0
 15 18  1  0  0  0  0
 15 19  1  0  0  0  0
 17 20  1  0  0  0  0
 20 21  1  0  0  0  0
 20 22  2  0  0  0  0
 20 23  2  0  0  0  0
 21 24  2  0  0  0  0
 21 25  1  0  0  0  0
 24 26  1  0  0  0  0
 25 27  2  0  0  0  0
 26 28  2  0  0  0  0
 27 28  1  0  0  0  0
 28 29  1  0  0  0  0
M  END
