
  ACD/Labs06251410132D

 11 11  0  0  0  0  0  0  0  0  1 V2000
    3.3245   -4.6065    0.0000 O   0  0  0  0  0  0  0  0  0  0  0  0
    3.9894   -3.4575    0.0000 C   0  0  0  0  0  0  0  0  0  0  0  0
    5.3192   -3.4575    0.0000 O   0  0  0  0  0  0  0  0  0  0  0  0
    3.3245   -2.3032    0.0000 C   0  0  0  0  0  0  0  0  0  0  0  0
    3.9894   -1.1543    0.0000 C   0  0  0  0  0  0  0  0  0  0  0  0
    3.3245    0.0000    0.0000 C   0  0  0  0  0  0  0  0  0  0  0  0
    1.9947    0.0000    0.0000 C   0  0  0  0  0  0  0  0  0  0  0  0
    1.3298   -1.1543    0.0000 C   0  0  0  0  0  0  0  0  0  0  0  0
    1.9947   -2.3032    0.0000 C   0  0  0  0  0  0  0  0  0  0  0  0
    1.3298   -3.4575    0.0000 N   0  0  0  0  0  0  0  0  0  0  0  0
    0.0000   -1.1543    0.0000 Br  0  0  0  0  0  0  0  0  0  0  0  0
  1  2  1  0  0  0  0
  2  3  2  0  0  0  0
  2  4  1  0  0  0  0
  4  5  1  0  0  0  0
  4  9  2  0  0  0  0
  5  6  2  0  0  0  0
  6  7  1  0  0  0  0
  7  8  2  0  0  0  0
  8  9  1  0  0  0  0
  8 11  1  0  0  0  0
  9 10  1  0  0  0  0
M  END
