270259
  Marvin  12310703093D          

 17 17  0  0  0  0            999 V2000
    3.4115    0.9440   -0.0984 Br  0  0  0  0  0  0  0  0  0  0  0  0
   -2.4378   -1.7351    0.4180 O   0  0  0  0  0  0  0  0  0  0  0  0
   -0.8925   -2.6659   -0.5509 O   0  0  0  0  0  0  0  0  0  0  0  0
    1.5812   -1.5084    0.0853 N   0  0  0  0  0  0  0  0  0  0  0  0
   -0.5685   -0.4473   -0.0449 C   0  0  0  0  0  0  0  0  0  0  0  0
    0.8576   -0.4114   -0.0222 C   0  0  0  0  0  0  0  0  0  0  0  0
   -1.2574    0.7918   -0.0826 C   0  0  0  0  0  0  0  0  0  0  0  0
    1.5491    0.8213   -0.0850 C   0  0  0  0  0  0  0  0  0  0  0  0
   -0.5712    2.0175   -0.1178 C   0  0  0  0  0  0  0  0  0  0  0  0
    0.8316    2.0295   -0.1274 C   0  0  0  0  0  0  0  0  0  0  0  0
   -1.3090   -1.6304   -0.0520 C   0  0  0  0  0  0  0  0  0  0  0  0
   -2.2806    0.8338   -0.0986 H   0  0  0  0  0  0  0  0  0  0  0  0
   -1.0901    2.8983   -0.1422 H   0  0  0  0  0  0  0  0  0  0  0  0
    1.3233    2.9253   -0.1618 H   0  0  0  0  0  0  0  0  0  0  0  0
    2.5091   -1.4797   -0.0271 H   0  0  0  0  0  0  0  0  0  0  0  0
    1.1744   -2.3253    0.2876 H   0  0  0  0  0  0  0  0  0  0  0  0
   -2.8306   -1.0581    0.8201 H   0  0  0  0  0  0  0  0  0  0  0  0
  1  8  1  0  0  0  0
  2 11  1  0  0  0  0
  2 17  1  0  0  0  0
  3 11  2  0  0  0  0
  4  6  1  0  0  0  0
  4 15  1  0  0  0  0
  4 16  1  0  0  0  0
  5  6  2  0  0  0  0
  5  7  1  0  0  0  0
  5 11  1  0  0  0  0
  6  8  1  0  0  0  0
  7  9  2  0  0  0  0
  7 12  1  0  0  0  0
  8 10  2  0  0  0  0
  9 10  1  0  0  0  0
  9 13  1  0  0  0  0
 10 14  1  0  0  0  0
M  END
> <PUBCHEM_BONDANNOTATIONS>
5  6  8
5  7  8
6  8  8
7  9  8
8  10  8
9  10  8

$$$$
