25840
  Marvin  12300703363D          

 16 16  0  0  0  0            999 V2000
    3.2431    0.0039    0.0628 Br  0  0  0  0  0  0  0  0  0  0  0  0
   -2.5633   -2.5054   -0.0800 O   0  5  0  0  0  0  0  0  0  0  0  0
   -0.8718   -3.4521   -0.0726 O   0  0  0  0  0  0  0  0  0  0  0  0
   -1.3952   -2.4073   -0.0748 N   0  3  0  0  0  0  0  0  0  0  0  0
    1.2772    2.4218    0.1278 N   0  0  0  0  0  0  0  0  0  0  0  0
   -0.7373   -1.2337   -0.0606 C   0  0  0  0  0  0  0  0  0  0  0  0
    0.6623    1.2640    0.0438 C   0  0  0  0  0  0  0  0  0  0  0  0
    0.6805   -1.1713   -0.0278 C   0  0  0  0  0  0  0  0  0  0  0  0
   -1.4246    0.0071   -0.0712 C   0  0  0  0  0  0  0  0  0  0  0  0
    1.3796    0.0500    0.0251 C   0  0  0  0  0  0  0  0  0  0  0  0
   -0.7440    1.2372   -0.0216 C   0  0  0  0  0  0  0  0  0  0  0  0
    1.2309   -2.0334   -0.0387 H   0  0  0  0  0  0  0  0  0  0  0  0
   -2.4468    0.0363   -0.1106 H   0  0  0  0  0  0  0  0  0  0  0  0
   -1.2844    2.1062   -0.0254 H   0  0  0  0  0  0  0  0  0  0  0  0
    0.7928    3.2191    0.0556 H   0  0  0  0  0  0  0  0  0  0  0  0
    2.2010    2.4576    0.2682 H   0  0  0  0  0  0  0  0  0  0  0  0
  1 10  1  0  0  0  0
  2  4  1  0  0  0  0
  3  4  2  0  0  0  0
  4  6  1  0  0  0  0
  5  7  1  0  0  0  0
  5 15  1  0  0  0  0
  5 16  1  0  0  0  0
  6  8  2  0  0  0  0
  6  9  1  0  0  0  0
  7 10  2  0  0  0  0
  7 11  1  0  0  0  0
  8 10  1  0  0  0  0
  8 12  1  0  0  0  0
  9 11  2  0  0  0  0
  9 13  1  0  0  0  0
 11 14  1  0  0  0  0
M  CHG  2   2  -1   4   1
M  END
> <PUBCHEM_BONDANNOTATIONS>
6  8  8
6  9  8
7  10  8
7  11  8
8  10  8
9  11  8

$$$$
