2585
  Marvin  12300703363D          

 56 59  0  0  1  0            999 V2000
   -1.7641    2.3121   -2.4916 O   0  0  0  0  0  0  0  0  0  0  0  0
   -2.0224   -0.4848   -1.8644 O   0  0  0  0  0  0  0  0  0  0  0  0
    0.4364   -4.1122    2.5872 O   0  0  0  0  0  0  0  0  0  0  0  0
    0.9327   -5.1670    5.0116 O   0  0  0  0  0  0  0  0  0  0  0  0
   -0.4232    6.6496   -2.5149 N   0  0  0  0  0  0  0  0  0  0  0  0
   -0.4680   -1.4090    0.3846 N   0  0  0  0  0  0  0  0  0  0  0  0
   -1.1405    4.5418   -2.6711 C   0  0  0  0  0  0  0  0  0  0  0  0
    0.2531    4.5259   -2.7332 C   0  0  0  0  0  0  0  0  0  0  0  0
   -1.5252    5.8836   -2.5668 C   0  0  0  0  0  0  0  0  0  0  0  0
    0.6609    5.8607   -2.6181 C   0  0  0  0  0  0  0  0  0  0  0  0
   -2.1110    3.5187   -2.6498 C   0  0  0  0  0  0  0  0  0  0  0  0
   -1.0928    0.3720   -1.2018 C   0  0  1  0  0  0  0  0  0  0  0  0
   -1.5777    1.8323   -1.2525 C   0  0  0  0  0  0  0  0  0  0  0  0
   -0.9221   -0.0256    0.2844 C   0  0  0  0  0  0  0  0  0  0  0  0
   -2.8850    6.2421   -2.5109 C   0  0  0  0  0  0  0  0  0  0  0  0
    1.2005    3.4926   -2.8818 C   0  0  0  0  0  0  0  0  0  0  0  0
   -3.4789    3.8712   -2.6381 C   0  0  0  0  0  0  0  0  0  0  0  0
    2.0256    6.1980   -2.6257 C   0  0  0  0  0  0  0  0  0  0  0  0
   -3.8611    5.2260   -2.5669 C   0  0  0  0  0  0  0  0  0  0  0  0
   -0.2744   -1.9428    1.7455 C   0  0  0  0  0  0  0  0  0  0  0  0
    2.5702    3.8264   -2.9099 C   0  0  0  0  0  0  0  0  0  0  0  0
    2.9801    5.1703   -2.7785 C   0  0  0  0  0  0  0  0  0  0  0  0
    0.1822   -3.3865    1.4942 C   0  0  0  0  0  0  0  0  0  0  0  0
    0.8220   -5.3292    2.6734 C   0  0  0  0  0  0  0  0  0  0  0  0
    1.0513   -5.8717    3.9605 C   0  0  0  0  0  0  0  0  0  0  0  0
    1.0375   -6.1569    1.5409 C   0  0  0  0  0  0  0  0  0  0  0  0
    1.4321   -7.2245    4.0971 C   0  0  0  0  0  0  0  0  0  0  0  0
    1.4497   -7.4904    1.6785 C   0  0  0  0  0  0  0  0  0  0  0  0
    1.6366   -8.0279    2.9617 C   0  0  0  0  0  0  0  0  0  0  0  0
    1.8965   -4.4468    5.5949 C   0  0  0  0  0  0  0  0  0  0  0  0
   -0.1328    0.2851   -1.7203 H   0  0  0  0  0  0  0  0  0  0  0  0
   -0.4117    7.6147   -2.4180 H   0  0  0  0  0  0  0  0  0  0  0  0
   -2.5171    1.8956   -0.6898 H   0  0  0  0  0  0  0  0  0  0  0  0
   -0.8298    2.4372   -0.7232 H   0  0  0  0  0  0  0  0  0  0  0  0
   -0.1798    0.6203    0.7633 H   0  0  0  0  0  0  0  0  0  0  0  0
   -1.8744    0.0738    0.8131 H   0  0  0  0  0  0  0  0  0  0  0  0
   -3.1608    7.2218   -2.4282 H   0  0  0  0  0  0  0  0  0  0  0  0
    0.9115    2.5176   -2.9770 H   0  0  0  0  0  0  0  0  0  0  0  0
   -4.1965    3.1413   -2.6403 H   0  0  0  0  0  0  0  0  0  0  0  0
    2.3194    7.1718   -2.5261 H   0  0  0  0  0  0  0  0  0  0  0  0
    0.4328   -1.4621   -0.0966 H   0  0  0  0  0  0  0  0  0  0  0  0
   -4.8539    5.4668   -2.5349 H   0  0  0  0  0  0  0  0  0  0  0  0
   -1.2096   -1.9254    2.3113 H   0  0  0  0  0  0  0  0  0  0  0  0
    0.4884   -1.3792    2.2885 H   0  0  0  0  0  0  0  0  0  0  0  0
    3.2711    3.0901   -3.0276 H   0  0  0  0  0  0  0  0  0  0  0  0
    3.9757    5.4009   -2.7969 H   0  0  0  0  0  0  0  0  0  0  0  0
   -0.6047   -3.8858    0.9181 H   0  0  0  0  0  0  0  0  0  0  0  0
    1.0975   -3.3461    0.8938 H   0  0  0  0  0  0  0  0  0  0  0  0
   -2.0425   -0.1774   -2.7959 H   0  0  0  0  0  0  0  0  0  0  0  0
    0.9004   -5.8034    0.5918 H   0  0  0  0  0  0  0  0  0  0  0  0
    1.5721   -7.6324    5.0247 H   0  0  0  0  0  0  0  0  0  0  0  0
    1.6092   -8.0611    0.8460 H   0  0  0  0  0  0  0  0  0  0  0  0
    1.9255   -9.0021    3.0630 H   0  0  0  0  0  0  0  0  0  0  0  0
    1.4919   -3.9872    6.4979 H   0  0  0  0  0  0  0  0  0  0  0  0
    2.7440   -5.0724    5.8861 H   0  0  0  0  0  0  0  0  0  0  0  0
    2.2534   -3.6505    4.9386 H   0  0  0  0  0  0  0  0  0  0  0  0
  1 11  1  0  0  0  0
  1 13  1  0  0  0  0
  2 12  1  0  0  0  0
  2 49  1  0  0  0  0
  3 23  1  0  0  0  0
  3 24  1  0  0  0  0
  4 25  1  0  0  0  0
  4 30  1  0  0  0  0
  5  9  1  0  0  0  0
  5 10  1  0  0  0  0
  5 32  1  0  0  0  0
  6 14  1  0  0  0  0
  6 20  1  0  0  0  0
  6 41  1  0  0  0  0
  7  8  1  0  0  0  0
  7  9  2  0  0  0  0
  7 11  1  0  0  0  0
  8 10  1  0  0  0  0
  8 16  2  0  0  0  0
  9 15  1  0  0  0  0
 10 18  2  0  0  0  0
 11 17  2  0  0  0  0
 12 13  1  0  0  0  0
 12 14  1  0  0  0  0
 12 31  1  0  0  0  0
 13 33  1  0  0  0  0
 13 34  1  0  0  0  0
 14 35  1  0  0  0  0
 14 36  1  0  0  0  0
 15 19  2  0  0  0  0
 15 37  1  0  0  0  0
 16 21  1  0  0  0  0
 16 38  1  0  0  0  0
 17 19  1  0  0  0  0
 17 39  1  0  0  0  0
 18 22  1  0  0  0  0
 18 40  1  0  0  0  0
 19 42  1  0  0  0  0
 20 23  1  0  0  0  0
 20 43  1  0  0  0  0
 20 44  1  0  0  0  0
 21 22  2  0  0  0  0
 21 45  1  0  0  0  0
 22 46  1  0  0  0  0
 23 47  1  0  0  0  0
 23 48  1  0  0  0  0
 24 25  1  0  0  0  0
 24 26  2  0  0  0  0
 25 27  2  0  0  0  0
 26 28  1  0  0  0  0
 26 50  1  0  0  0  0
 27 29  1  0  0  0  0
 27 51  1  0  0  0  0
 28 29  2  0  0  0  0
 28 52  1  0  0  0  0
 29 53  1  0  0  0  0
 30 54  1  0  0  0  0
 30 55  1  0  0  0  0
 30 56  1  0  0  0  0
M  END
> <PUBCHEM_BONDANNOTATIONS>
10  18  8
11  17  8
15  19  8
16  21  8
17  19  8
18  22  8
12  2  3
21  22  8
24  25  8
24  26  8
25  27  8
26  28  8
27  29  8
28  29  8
5  10  8
5  9  8
7  11  8
7  8  8
7  9  8
8  10  8
8  16  8
9  15  8

$$$$
