27211
  Marvin  12300703363D          

 27 29  0  0  0  0            999 V2000
    2.9322    1.3606    1.1678 Cl  0  0  0  0  0  0  0  0  0  0  0  0
   -0.3708   -2.1385   -1.4931 Cl  0  0  0  0  0  0  0  0  0  0  0  0
    1.4361    2.0137   -1.5936 O   0  0  0  0  0  0  0  0  0  0  0  0
    0.3406    0.5581   -0.2621 N   0  0  0  0  0  0  0  0  0  0  0  0
   -0.8829    0.5146    0.2515 C   0  0  0  0  0  0  0  0  0  0  0  0
   -1.6617    1.5164   -0.3354 C   0  0  0  0  0  0  0  0  0  0  0  0
   -0.8132    2.3334   -1.1896 C   0  0  0  0  0  0  0  0  0  0  0  0
    0.4285    1.6214   -1.0174 C   0  0  0  0  0  0  0  0  0  0  0  0
    1.2839   -0.3964   -0.1413 C   0  0  0  0  0  0  0  0  0  0  0  0
   -1.4718   -0.3598    1.1911 C   0  0  0  0  0  0  0  0  0  0  0  0
   -3.0419    1.6234   -0.0857 C   0  0  0  0  0  0  0  0  0  0  0  0
   -2.8496   -0.2553    1.4686 C   0  0  0  0  0  0  0  0  0  0  0  0
   -3.6353    0.7187    0.8162 C   0  0  0  0  0  0  0  0  0  0  0  0
    2.5372   -0.1399    0.4795 C   0  0  0  0  0  0  0  0  0  0  0  0
    1.0495   -1.6990   -0.6692 C   0  0  0  0  0  0  0  0  0  0  0  0
    3.5197   -1.1489    0.5566 C   0  0  0  0  0  0  0  0  0  0  0  0
    2.0264   -2.7081   -0.5572 C   0  0  0  0  0  0  0  0  0  0  0  0
    3.2620   -2.4316    0.0473 C   0  0  0  0  0  0  0  0  0  0  0  0
   -0.7604    3.3636   -0.8262 H   0  0  0  0  0  0  0  0  0  0  0  0
   -1.1512    2.3040   -2.2281 H   0  0  0  0  0  0  0  0  0  0  0  0
   -0.9118   -1.0753    1.6579 H   0  0  0  0  0  0  0  0  0  0  0  0
   -3.6042    2.3359   -0.5543 H   0  0  0  0  0  0  0  0  0  0  0  0
   -3.2851   -0.8950    2.1384 H   0  0  0  0  0  0  0  0  0  0  0  0
   -4.6405    0.7703    1.0008 H   0  0  0  0  0  0  0  0  0  0  0  0
    4.4323   -0.9702    0.9836 H   0  0  0  0  0  0  0  0  0  0  0  0
    1.8595   -3.6512   -0.9192 H   0  0  0  0  0  0  0  0  0  0  0  0
    3.9725   -3.1645    0.1130 H   0  0  0  0  0  0  0  0  0  0  0  0
  1 14  1  0  0  0  0
  2 15  1  0  0  0  0
  3  8  2  0  0  0  0
  4  5  1  0  0  0  0
  4  8  1  0  0  0  0
  4  9  1  0  0  0  0
  5  6  1  0  0  0  0
  5 10  2  0  0  0  0
  6  7  1  0  0  0  0
  6 11  2  0  0  0  0
  7  8  1  0  0  0  0
  7 19  1  0  0  0  0
  7 20  1  0  0  0  0
  9 14  2  0  0  0  0
  9 15  1  0  0  0  0
 10 12  1  0  0  0  0
 10 21  1  0  0  0  0
 11 13  1  0  0  0  0
 11 22  1  0  0  0  0
 12 13  2  0  0  0  0
 12 23  1  0  0  0  0
 13 24  1  0  0  0  0
 14 16  1  0  0  0  0
 15 17  2  0  0  0  0
 16 18  2  0  0  0  0
 16 25  1  0  0  0  0
 17 18  1  0  0  0  0
 17 26  1  0  0  0  0
 18 27  1  0  0  0  0
M  END
> <PUBCHEM_BONDANNOTATIONS>
10  12  8
11  13  8
12  13  8
14  16  8
15  17  8
16  18  8
17  18  8
5  10  8
5  6  8
6  11  8
9  14  8
9  15  8

$$$$
