263
  Marvin  12300703363D          

 15 14  0  0  0  0            999 V2000
   -2.5215    1.3006    0.0000 O   0  0  0  0  0  0  0  0  0  0  0  0
   -0.5483   -0.1270    0.0000 C   0  0  0  0  0  0  0  0  0  0  0  0
    0.9972   -0.1909   -0.0000 C   0  0  0  0  0  0  0  0  0  0  0  0
   -1.0994    1.3155    0.0000 C   0  0  0  0  0  0  0  0  0  0  0  0
    1.5396   -1.6357   -0.0000 C   0  0  0  0  0  0  0  0  0  0  0  0
   -0.9329   -0.6462    0.8828 H   0  0  0  0  0  0  0  0  0  0  0  0
   -0.9329   -0.6462   -0.8828 H   0  0  0  0  0  0  0  0  0  0  0  0
    1.3856    0.3265    0.8823 H   0  0  0  0  0  0  0  0  0  0  0  0
    1.3856    0.3265   -0.8823 H   0  0  0  0  0  0  0  0  0  0  0  0
   -0.7582    1.8521   -0.8876 H   0  0  0  0  0  0  0  0  0  0  0  0
   -0.7582    1.8521    0.8876 H   0  0  0  0  0  0  0  0  0  0  0  0
    2.6304   -1.6286    0.0000 H   0  0  0  0  0  0  0  0  0  0  0  0
    1.1982   -2.1721   -0.8876 H   0  0  0  0  0  0  0  0  0  0  0  0
    1.1982   -2.1721    0.8876 H   0  0  0  0  0  0  0  0  0  0  0  0
   -2.7833    2.2454   -0.0000 H   0  0  0  0  0  0  0  0  0  0  0  0
  1  4  1  0  0  0  0
  1 15  1  0  0  0  0
  2  3  1  0  0  0  0
  2  4  1  0  0  0  0
  2  6  1  0  0  0  0
  2  7  1  0  0  0  0
  3  5  1  0  0  0  0
  3  8  1  0  0  0  0
  3  9  1  0  0  0  0
  4 10  1  0  0  0  0
  4 11  1  0  0  0  0
  5 12  1  0  0  0  0
  5 13  1  0  0  0  0
  5 14  1  0  0  0  0
M  END
$$$$
