
  ACD/Labs04281710392D

 13 14  0  0  0  0  0  0  0  0  1 V2000
    2.2708    0.0000    0.0000 Cl  0  0  0  0  0  0  0  0  0  0  0  0
    0.0000   -3.9308    0.0000 Cl  0  0  0  0  0  0  0  0  0  0  0  0
    2.2708   -5.2449    0.0000 O   0  0  0  0  0  0  0  0  0  0  0  0
    4.5820   -3.9826    0.0000 N   0  0  0  0  0  0  0  0  0  0  0  0
    3.4063   -1.9654    0.0000 C   0  0  0  0  0  0  0  0  0  0  0  0
    3.4063   -3.2795    0.0000 C   0  0  0  0  0  0  0  0  0  0  0  0
    2.2708   -3.9308    0.0000 C   0  0  0  0  0  0  0  0  0  0  0  0
    2.2708   -1.3141    0.0000 C   0  0  0  0  0  0  0  0  0  0  0  0
    4.5820   -1.2680    0.0000 C   0  0  0  0  0  0  0  0  0  0  0  0
    1.1412   -3.2795    0.0000 C   0  0  0  0  0  0  0  0  0  0  0  0
    1.1412   -1.9654    0.0000 C   0  0  0  0  0  0  0  0  0  0  0  0
    5.7636   -1.9366    0.0000 C   0  0  0  0  0  0  0  0  0  0  0  0
    5.7636   -3.3025    0.0000 C   0  0  0  0  0  0  0  0  0  0  0  0
  1  8  1  0  0  0  0
  2 10  1  0  0  0  0
  3  7  1  0  0  0  0
  4  6  1  0  0  0  0
  4 13  2  0  0  0  0
  5  6  2  0  0  0  0
  5  8  1  0  0  0  0
  5  9  1  0  0  0  0
  6  7  1  0  0  0  0
  7 10  2  0  0  0  0
  8 11  2  0  0  0  0
  9 12  2  0  0  0  0
 10 11  1  0  0  0  0
 12 13  1  0  0  0  0
M  END
