2727
  Marvin  12300703363D          

 30 30  0  0  0  0            999 V2000
    3.8307    5.9422    0.0450 Cl  0  0  0  0  0  0  0  0  0  0  0  0
    0.7520    0.4869    0.0489 S   0  0  1  0  0  0  0  0  0  0  0  0
    0.4513    0.0461    1.5457 O   0  0  0  0  0  0  0  0  0  0  0  0
    1.6688   -0.6397   -0.6030 O   0  0  0  0  0  0  0  0  0  0  0  0
   -2.5262   -0.0183   -1.6447 O   0  0  0  0  0  0  0  0  0  0  0  0
   -0.6834    0.6089   -0.7764 N   0  0  0  0  0  0  0  0  0  0  0  0
   -1.1791   -1.6012   -0.9171 N   0  0  0  0  0  0  0  0  0  0  0  0
   -2.0159   -2.6977   -0.7277 C   0  0  0  0  0  0  0  0  0  0  0  0
    1.5972    2.0090    0.0783 C   0  0  0  0  0  0  0  0  0  0  0  0
   -1.7578   -3.2642    0.6916 C   0  0  0  0  0  0  0  0  0  0  0  0
   -1.4730   -0.3546   -1.1213 C   0  0  0  0  0  0  0  0  0  0  0  0
    3.0076    2.0326    0.0848 C   0  0  0  0  0  0  0  0  0  0  0  0
    0.8910    3.2313    0.0904 C   0  0  0  0  0  0  0  0  0  0  0  0
   -2.6695   -4.4490    1.0706 C   0  0  0  0  0  0  0  0  0  0  0  0
    3.7027    3.2556    0.0741 C   0  0  0  0  0  0  0  0  0  0  0  0
    1.5840    4.4563    0.0783 C   0  0  0  0  0  0  0  0  0  0  0  0
    2.9927    4.4719    0.0668 C   0  0  0  0  0  0  0  0  0  0  0  0
   -1.7593   -3.4508   -1.4761 H   0  0  0  0  0  0  0  0  0  0  0  0
   -3.0761   -2.4548   -0.8473 H   0  0  0  0  0  0  0  0  0  0  0  0
   -1.9036   -2.4733    1.4339 H   0  0  0  0  0  0  0  0  0  0  0  0
   -0.7161   -3.5912    0.7683 H   0  0  0  0  0  0  0  0  0  0  0  0
   -0.9627    1.4779   -0.9805 H   0  0  0  0  0  0  0  0  0  0  0  0
   -0.2689   -1.7904   -0.8309 H   0  0  0  0  0  0  0  0  0  0  0  0
    3.5466    1.1636    0.0939 H   0  0  0  0  0  0  0  0  0  0  0  0
   -0.1313    3.2464    0.1047 H   0  0  0  0  0  0  0  0  0  0  0  0
   -2.4313   -4.8013    2.0765 H   0  0  0  0  0  0  0  0  0  0  0  0
   -3.7174   -4.1440    1.0541 H   0  0  0  0  0  0  0  0  0  0  0  0
   -2.5329   -5.2780    0.3743 H   0  0  0  0  0  0  0  0  0  0  0  0
    4.7253    3.2482    0.0693 H   0  0  0  0  0  0  0  0  0  0  0  0
    1.0545    5.3315    0.0756 H   0  0  0  0  0  0  0  0  0  0  0  0
  1 17  1  0  0  0  0
  2  3  2  0  0  0  0
  2  4  2  0  0  0  0
  2  6  1  0  0  0  0
  2  9  1  0  0  0  0
  5 11  2  0  0  0  0
  6 11  1  0  0  0  0
  6 22  1  0  0  0  0
  7  8  1  0  0  0  0
  7 11  1  0  0  0  0
  7 23  1  0  0  0  0
  8 10  1  0  0  0  0
  8 18  1  0  0  0  0
  8 19  1  0  0  0  0
  9 12  2  0  0  0  0
  9 13  1  0  0  0  0
 10 14  1  0  0  0  0
 10 20  1  0  0  0  0
 10 21  1  0  0  0  0
 12 15  1  0  0  0  0
 12 24  1  0  0  0  0
 13 16  2  0  0  0  0
 13 25  1  0  0  0  0
 14 26  1  0  0  0  0
 14 27  1  0  0  0  0
 14 28  1  0  0  0  0
 15 17  2  0  0  0  0
 15 29  1  0  0  0  0
 16 17  1  0  0  0  0
 16 30  1  0  0  0  0
M  END
> <PUBCHEM_BONDANNOTATIONS>
12  15  8
13  16  8
15  17  8
16  17  8
9  12  8
9  13  8

$$$$
