2944
  Marvin  12300703363D          

 15 15  0  0  0  0            999 V2000
   -3.0243   -0.3779   -0.2791 O   0  0  0  0  0  0  0  0  0  0  0  0
    0.8077   -0.0961    0.0597 N   0  0  0  0  0  0  0  0  0  0  0  0
   -1.0319   -1.2007   -0.6267 N   0  0  0  0  0  0  0  0  0  0  0  0
    0.7031    1.9510    0.9421 N   0  0  0  0  0  0  0  0  0  0  0  0
    0.9897   -2.0857   -0.9796 N   0  0  0  0  0  0  0  0  0  0  0  0
    0.0873    0.9318    0.4662 C   0  0  0  0  0  0  0  0  0  0  0  0
    0.2582   -1.1442   -0.5190 C   0  0  0  0  0  0  0  0  0  0  0  0
   -1.2613    0.8932    0.3617 C   0  0  0  0  0  0  0  0  0  0  0  0
   -1.8141   -0.2384   -0.1846 C   0  0  0  0  0  0  0  0  0  0  0  0
    1.7358   -0.0784    0.1794 H   0  0  0  0  0  0  0  0  0  0  0  0
   -1.8330    1.6503    0.6617 H   0  0  0  0  0  0  0  0  0  0  0  0
    1.6332    1.9328    1.0410 H   0  0  0  0  0  0  0  0  0  0  0  0
    0.2292    2.7202    1.1840 H   0  0  0  0  0  0  0  0  0  0  0  0
    1.9172   -2.0587   -0.8619 H   0  0  0  0  0  0  0  0  0  0  0  0
    0.6033   -2.7991   -1.4450 H   0  0  0  0  0  0  0  0  0  0  0  0
  1  9  2  0  0  0  0
  2  6  1  0  0  0  0
  2  7  1  0  0  0  0
  2 10  1  0  0  0  0
  3  7  2  0  0  0  0
  3  9  1  0  0  0  0
  4  6  1  0  0  0  0
  4 12  1  0  0  0  0
  4 13  1  0  0  0  0
  5  7  1  0  0  0  0
  5 14  1  0  0  0  0
  5 15  1  0  0  0  0
  6  8  2  0  0  0  0
  8  9  1  0  0  0  0
  8 11  1  0  0  0  0
M  END
> <PUBCHEM_BONDANNOTATIONS>
2  6  8
2  7  8
3  7  8
3  9  8
6  8  8
8  9  8

$$$$
