
  ACD/Labs04281710322D

 18 20  0  0  0  0  0  0  0  0  1 V2000
    1.3265   -1.1538    0.0000 C   0  0  0  0  0  0  0  0  0  0  0  0
    3.9865   -1.1538    0.0000 C   0  0  0  0  0  0  0  0  0  0  0  0
    3.3232    0.0000    0.0000 C   0  0  0  0  0  0  0  0  0  0  0  0
    1.9967    0.0000    0.0000 C   0  0  0  0  0  0  0  0  0  0  0  0
    3.3232   -2.3007    0.0000 C   0  0  0  0  0  0  0  0  0  0  0  0
    1.9967   -2.3007    0.0000 C   0  0  0  0  0  0  0  0  0  0  0  0
    3.9865   -3.4545    0.0000 C   0  0  0  0  0  0  0  0  0  0  0  0
    3.3232   -4.6083    0.0000 C   0  0  0  0  0  0  0  0  0  0  0  0
    1.9967   -4.6083    0.0000 C   0  0  0  0  0  0  0  0  0  0  0  0
    1.3265   -5.7552    0.0000 C   0  0  0  0  0  0  0  0  0  0  0  0
    1.9967   -6.9090    0.0000 C   0  0  0  0  0  0  0  0  0  0  0  0
    3.3232   -6.9090    0.0000 C   0  0  0  0  0  0  0  0  0  0  0  0
    3.9865   -5.7552    0.0000 C   0  0  0  0  0  0  0  0  0  0  0  0
    5.3199   -3.4545    0.0000 O   0  0  0  0  0  0  0  0  0  0  0  0
    5.3199   -5.7552    0.0000 O   0  0  0  0  0  0  0  0  0  0  0  0
    1.3265   -3.4545    0.0000 C   0  0  0  0  0  0  0  0  0  0  0  0
    0.0000   -3.4545    0.0000 O   0  0  0  0  0  0  0  0  0  0  0  0
    5.3199   -1.1538    0.0000 O   0  0  0  0  0  0  0  0  0  0  0  0
  1  6  1  0  0  0  0
  1  4  2  0  0  0  0
  2  5  1  0  0  0  0
  2  3  2  0  0  0  0
  2 18  1  0  0  0  0
  3  4  1  0  0  0  0
  5  7  1  0  0  0  0
  5  6  2  0  0  0  0
  6 16  1  0  0  0  0
  7  8  1  0  0  0  0
  7 14  2  0  0  0  0
  8 13  1  0  0  0  0
  8  9  2  0  0  0  0
  9 16  1  0  0  0  0
  9 10  1  0  0  0  0
 10 11  2  0  0  0  0
 11 12  1  0  0  0  0
 12 13  2  0  0  0  0
 13 15  1  0  0  0  0
 16 17  2  0  0  0  0
M  END
