2950
  Marvin  12300703363D          

 26 28  0  0  0  0            999 V2000
   -2.1007   -1.1183   -0.0000 O   0  0  0  0  0  0  0  0  0  0  0  0
    2.5334    1.3487    0.0000 O   0  0  0  0  0  0  0  0  0  0  0  0
   -0.9033   -3.4263   -0.0000 O   0  0  0  0  0  0  0  0  0  0  0  0
   -3.3469    1.1637   -0.0000 O   0  0  0  0  0  0  0  0  0  0  0  0
    0.1596   -1.3133   -0.0000 C   0  0  0  0  0  0  0  0  0  0  0  0
   -1.0004    0.8657   -0.0000 C   0  0  0  0  0  0  0  0  0  0  0  0
    1.4181   -0.6331    0.0000 C   0  0  0  0  0  0  0  0  0  0  0  0
    0.2666    1.5300    0.0000 C   0  0  0  0  0  0  0  0  0  0  0  0
   -1.0192   -0.5426   -0.0000 C   0  0  0  0  0  0  0  0  0  0  0  0
    1.4504    0.7721    0.0000 C   0  0  0  0  0  0  0  0  0  0  0  0
    0.1531   -2.7391   -0.0000 C   0  0  0  0  0  0  0  0  0  0  0  0
   -2.1869    1.6564   -0.0000 C   0  0  0  0  0  0  0  0  0  0  0  0
    2.6117   -1.4023    0.0000 C   0  0  0  0  0  0  0  0  0  0  0  0
    0.2949    2.9497    0.0000 C   0  0  0  0  0  0  0  0  0  0  0  0
    1.3528   -3.4727    0.0000 C   0  0  0  0  0  0  0  0  0  0  0  0
   -2.1256    3.0613   -0.0000 C   0  0  0  0  0  0  0  0  0  0  0  0
    2.5835   -2.8046    0.0000 C   0  0  0  0  0  0  0  0  0  0  0  0
   -0.8842    3.7092    0.0000 C   0  0  0  0  0  0  0  0  0  0  0  0
    3.5351   -0.9605    0.0000 H   0  0  0  0  0  0  0  0  0  0  0  0
    1.1770    3.4690    0.0000 H   0  0  0  0  0  0  0  0  0  0  0  0
    1.3441   -4.4967   -0.0000 H   0  0  0  0  0  0  0  0  0  0  0  0
   -2.9800    3.6258   -0.0000 H   0  0  0  0  0  0  0  0  0  0  0  0
    3.4529   -3.3431    0.0000 H   0  0  0  0  0  0  0  0  0  0  0  0
   -0.8455    4.7312    0.0000 H   0  0  0  0  0  0  0  0  0  0  0  0
   -0.8779   -4.3060   -0.0000 H   0  0  0  0  0  0  0  0  0  0  0  0
   -4.0625    1.6759   -0.0000 H   0  0  0  0  0  0  0  0  0  0  0  0
  1  9  2  0  0  0  0
  2 10  2  0  0  0  0
  3 11  1  0  0  0  0
  3 25  1  0  0  0  0
  4 12  1  0  0  0  0
  4 26  1  0  0  0  0
  5  7  2  0  0  0  0
  5  9  1  0  0  0  0
  5 11  1  0  0  0  0
  6  8  2  0  0  0  0
  6  9  1  0  0  0  0
  6 12  1  0  0  0  0
  7 10  1  0  0  0  0
  7 13  1  0  0  0  0
  8 10  1  0  0  0  0
  8 14  1  0  0  0  0
 11 15  2  0  0  0  0
 12 16  2  0  0  0  0
 13 17  2  0  0  0  0
 13 19  1  0  0  0  0
 14 18  2  0  0  0  0
 14 20  1  0  0  0  0
 15 17  1  0  0  0  0
 15 21  1  0  0  0  0
 16 18  1  0  0  0  0
 16 22  1  0  0  0  0
 17 23  1  0  0  0  0
 18 24  1  0  0  0  0
M  END
> <PUBCHEM_BONDANNOTATIONS>
11  15  8
12  16  8
13  17  8
14  18  8
15  17  8
16  18  8
5  11  8
5  7  8
6  12  8
6  8  8
7  13  8
8  14  8

$$$$
