
  ACD/Labs03221914022D

 12 11  0  0  0  0  0  0  0  0  1 V2000
    0.0000    0.0000    0.0000 C   0  0  0  0  0  0  0  0  0  0  0  0
    1.1510   -0.6676    0.0000 C   0  0  0  0  0  0  0  0  0  0  0  0
    2.3021    0.0000    0.0000 C   0  0  0  0  0  0  0  0  0  0  0  0
    3.4531   -0.6676    0.0000 C   0  0  0  0  0  0  0  0  0  0  0  0
    4.6041    0.0000    0.0000 C   0  0  0  0  0  0  0  0  0  0  0  0
    5.7552   -0.6676    0.0000 C   0  0  0  0  0  0  0  0  0  0  0  0
    6.9062    0.0000    0.0000 C   0  0  0  0  0  0  0  0  0  0  0  0
    8.0573   -0.6676    0.0000 C   0  0  0  0  0  0  0  0  0  0  0  0
    9.2083    0.0000    0.0000 C   0  0  0  0  0  0  0  0  0  0  0  0
   10.3593   -0.6676    0.0000 C   0  0  0  0  0  0  0  0  0  0  0  0
   10.3593   -1.9913    0.0000 O   0  0  0  0  0  0  0  0  0  0  0  0
   11.5104    0.0000    0.0000 O   0  0  0  0  0  0  0  0  0  0  0  0
  1  2  1  0  0  0  0
  2  3  1  0  0  0  0
  3  4  1  0  0  0  0
  4  5  1  0  0  0  0
  5  6  1  0  0  0  0
  6  7  1  0  0  0  0
  7  8  1  0  0  0  0
  8  9  1  0  0  0  0
  9 10  1  0  0  0  0
 10 11  2  0  0  0  0
 10 12  1  0  0  0  0
M  END
