31405
  Marvin  12300703363D          

 37 37  0  0  0  0            999 V2000
    0.6580   -1.2019   -0.3023 O   0  0  0  0  0  0  0  0  0  0  0  0
   -2.1978   -1.4917   -0.0385 C   0  0  1  0  0  0  0  0  0  0  0  0
    2.3645    1.1266    0.0513 C   0  0  1  0  0  0  0  0  0  0  0  0
   -1.3690   -0.2019   -0.0396 C   0  0  0  0  0  0  0  0  0  0  0  0
    0.8354    1.0695    0.0136 C   0  0  0  0  0  0  0  0  0  0  0  0
    0.0589   -0.1276   -0.0999 C   0  0  0  0  0  0  0  0  0  0  0  0
   -2.4059   -1.8849    1.4598 C   0  0  0  0  0  0  0  0  0  0  0  0
   -3.6055   -1.3401   -0.7224 C   0  0  0  0  0  0  0  0  0  0  0  0
   -1.5595   -2.7284   -0.7744 C   0  0  0  0  0  0  0  0  0  0  0  0
    2.8459    1.1113   -1.4329 C   0  0  0  0  0  0  0  0  0  0  0  0
    2.9468    2.4151    0.7448 C   0  0  0  0  0  0  0  0  0  0  0  0
    3.0594   -0.0475    0.8412 C   0  0  0  0  0  0  0  0  0  0  0  0
   -2.0177    1.0582    0.0610 C   0  0  0  0  0  0  0  0  0  0  0  0
    0.0685    2.2644    0.0369 C   0  0  0  0  0  0  0  0  0  0  0  0
   -1.3294    2.2755    0.0609 C   0  0  0  0  0  0  0  0  0  0  0  0
   -1.4507   -2.0299    1.9718 H   0  0  0  0  0  0  0  0  0  0  0  0
   -2.9550   -1.1166    2.0095 H   0  0  0  0  0  0  0  0  0  0  0  0
   -2.9684   -2.8164    1.5617 H   0  0  0  0  0  0  0  0  0  0  0  0
   -4.1582   -2.2810   -0.7867 H   0  0  0  0  0  0  0  0  0  0  0  0
   -3.4978   -0.9516   -1.7380 H   0  0  0  0  0  0  0  0  0  0  0  0
   -4.2790   -0.6791   -0.1765 H   0  0  0  0  0  0  0  0  0  0  0  0
   -2.2461   -3.5668   -0.9149 H   0  0  0  0  0  0  0  0  0  0  0  0
   -1.1967   -2.4417   -1.7643 H   0  0  0  0  0  0  0  0  0  0  0  0
   -0.7303   -3.1707   -0.2188 H   0  0  0  0  0  0  0  0  0  0  0  0
    2.5045    0.2173   -1.9598 H   0  0  0  0  0  0  0  0  0  0  0  0
    2.4668    1.9767   -1.9830 H   0  0  0  0  0  0  0  0  0  0  0  0
    3.9355    1.1318   -1.5055 H   0  0  0  0  0  0  0  0  0  0  0  0
    4.0376    2.4093    0.8195 H   0  0  0  0  0  0  0  0  0  0  0  0
    2.5526    2.5202    1.7592 H   0  0  0  0  0  0  0  0  0  0  0  0
    2.7261    3.3338    0.2007 H   0  0  0  0  0  0  0  0  0  0  0  0
    4.1246    0.1185    1.0197 H   0  0  0  0  0  0  0  0  0  0  0  0
    2.5837   -0.2001    1.8123 H   0  0  0  0  0  0  0  0  0  0  0  0
    3.0730   -1.0022    0.3195 H   0  0  0  0  0  0  0  0  0  0  0  0
   -3.0304    1.1446    0.1314 H   0  0  0  0  0  0  0  0  0  0  0  0
    0.4996    3.1876    0.0313 H   0  0  0  0  0  0  0  0  0  0  0  0
   -1.8411    3.1631    0.0832 H   0  0  0  0  0  0  0  0  0  0  0  0
    1.4972   -1.2432   -0.5318 H   0  0  0  0  0  0  0  0  0  0  0  0
  1  6  1  0  0  0  0
  1 37  1  0  0  0  0
  2  4  1  0  0  0  0
  2  7  1  0  0  0  0
  2  8  1  0  0  0  0
  2  9  1  0  0  0  0
  3  5  1  0  0  0  0
  3 10  1  0  0  0  0
  3 11  1  0  0  0  0
  3 12  1  0  0  0  0
  4  6  2  0  0  0  0
  4 13  1  0  0  0  0
  5  6  1  0  0  0  0
  5 14  2  0  0  0  0
  7 16  1  0  0  0  0
  7 17  1  0  0  0  0
  7 18  1  0  0  0  0
  8 19  1  0  0  0  0
  8 20  1  0  0  0  0
  8 21  1  0  0  0  0
  9 22  1  0  0  0  0
  9 23  1  0  0  0  0
  9 24  1  0  0  0  0
 10 25  1  0  0  0  0
 10 26  1  0  0  0  0
 10 27  1  0  0  0  0
 11 28  1  0  0  0  0
 11 29  1  0  0  0  0
 11 30  1  0  0  0  0
 12 31  1  0  0  0  0
 12 32  1  0  0  0  0
 12 33  1  0  0  0  0
 13 15  2  0  0  0  0
 13 34  1  0  0  0  0
 14 15  1  0  0  0  0
 14 35  1  0  0  0  0
 15 36  1  0  0  0  0
M  END
> <PUBCHEM_BONDANNOTATIONS>
13  15  8
14  15  8
4  13  8
4  6  8
5  14  8
5  6  8

$$$$
