
  ACD/Labs04281710492D

 19 20  0  0  0  0  0  0  0  0  1 V2000
    3.4635   -4.0038    0.0000 N   0  0  0  0  0  0  0  0  0  0  0  0
    4.6273   -4.6619    0.0000 C   0  0  0  0  0  0  0  0  0  0  0  0
    3.4635   -2.6738    0.0000 C   0  0  0  0  0  0  0  0  0  0  0  0
    1.1637   -4.0038    0.0000 C   0  0  0  0  0  0  0  0  0  0  0  0
    2.2998   -2.0019    0.0000 C   0  0  0  0  0  0  0  0  0  0  0  0
    4.6273   -5.9919    0.0000 C   0  0  0  0  0  0  0  0  0  0  0  0
    5.7633   -4.0038    0.0000 C   0  0  0  0  0  0  0  0  0  0  0  0
    1.1637   -2.6738    0.0000 C   0  0  0  0  0  0  0  0  0  0  0  0
    0.0000   -4.6827    0.0000 O   0  0  0  0  0  0  0  0  0  0  0  0
    2.2998   -4.6827    0.0000 O   0  0  0  0  0  0  0  0  0  0  0  0
    5.7633   -2.6738    0.0000 Cl  0  0  0  0  0  0  0  0  0  0  0  0
    3.4843   -6.6638    0.0000 Cl  0  0  0  0  0  0  0  0  0  0  0  0
    6.9271   -5.9503    0.0000 C   0  0  0  0  0  0  0  0  0  0  0  0
    4.6273   -2.0019    0.0000 C   0  0  0  0  0  0  0  0  0  0  0  0
    6.9271   -4.6827    0.0000 C   0  0  0  0  0  0  0  0  0  0  0  0
    5.7633   -6.6431    0.0000 C   0  0  0  0  0  0  0  0  0  0  0  0
    2.2998   -0.6719    0.0000 C   0  0  0  0  0  0  0  0  0  0  0  0
    4.6273   -0.6719    0.0000 C   0  0  0  0  0  0  0  0  0  0  0  0
    3.4635    0.0000    0.0000 C   0  0  0  0  0  0  0  0  0  0  0  0
  1  2  1  0  0  0  0
  1  3  1  0  0  0  0
  2  6  1  0  0  0  0
  2  7  2  0  0  0  0
  3  5  2  0  0  0  0
  3 14  1  0  0  0  0
  4  8  1  0  0  0  0
  4  9  1  0  0  0  0
  4 10  2  0  0  0  0
  5  8  1  0  0  0  0
  5 17  1  0  0  0  0
  6 12  1  0  0  0  0
  6 16  2  0  0  0  0
  7 11  1  0  0  0  0
  7 15  1  0  0  0  0
 13 15  2  0  0  0  0
 13 16  1  0  0  0  0
 14 18  2  0  0  0  0
 17 19  2  0  0  0  0
 18 19  1  0  0  0  0
M  END
