3325
  Marvin  12300703363D          

 35 35  0  0  0  0            999 V2000
   -0.3025   -0.8762   -0.3375 S   0  0  0  0  0  0  0  0  0  0  0  0
    4.8441    2.9233   -2.4951 S   0  0  1  0  0  0  0  0  0  0  0  0
   -3.7106   -4.0579    1.4283 S   0  0  0  0  0  0  0  0  0  0  0  0
    5.0594    3.2390   -4.0383 O   0  0  0  0  0  0  0  0  0  0  0  0
    4.8608    4.2765   -1.6599 O   0  0  0  0  0  0  0  0  0  0  0  0
    3.4034    2.1392   -2.2637 N   0  0  0  0  0  0  0  0  0  0  0  0
   -2.7645   -1.6666    1.3494 N   0  0  0  0  0  0  0  0  0  0  0  0
    3.7094    1.3994   -0.1691 N   0  0  0  0  0  0  0  0  0  0  0  0
   -5.1054   -1.7492    1.3337 N   0  0  0  0  0  0  0  0  0  0  0  0
    6.0642    1.9517   -1.9647 N   0  0  0  0  0  0  0  0  0  0  0  0
   -6.6833   -0.2264    1.1900 N   0  0  0  0  0  0  0  0  0  0  0  0
   -4.6260    0.4704    1.0214 N   0  0  0  0  0  0  0  0  0  0  0  0
    1.6793    0.8514   -1.3154 C   0  0  0  0  0  0  0  0  0  0  0  0
    1.3034   -0.0831   -0.1366 C   0  0  0  0  0  0  0  0  0  0  0  0
   -0.3427   -1.8077    1.2161 C   0  0  0  0  0  0  0  0  0  0  0  0
    2.9851    1.4901   -1.2348 C   0  0  0  0  0  0  0  0  0  0  0  0
   -1.6690   -2.4290    1.3177 C   0  0  0  0  0  0  0  0  0  0  0  0
   -2.0018   -3.7795    1.3549 C   0  0  0  0  0  0  0  0  0  0  0  0
   -3.9219   -2.3384    1.3742 C   0  0  0  0  0  0  0  0  0  0  0  0
   -5.4389   -0.5148    1.1855 C   0  0  0  0  0  0  0  0  0  0  0  0
    0.9192    1.6338   -1.4008 H   0  0  0  0  0  0  0  0  0  0  0  0
    1.6377    0.2554   -2.2325 H   0  0  0  0  0  0  0  0  0  0  0  0
    1.2834    0.4921    0.7923 H   0  0  0  0  0  0  0  0  0  0  0  0
    2.0499   -0.8760   -0.0496 H   0  0  0  0  0  0  0  0  0  0  0  0
   -0.2017   -1.1384    2.0683 H   0  0  0  0  0  0  0  0  0  0  0  0
    0.4544   -2.5531    1.2216 H   0  0  0  0  0  0  0  0  0  0  0  0
   -1.3159   -4.5361    1.3314 H   0  0  0  0  0  0  0  0  0  0  0  0
    3.4459    0.8483    0.5376 H   0  0  0  0  0  0  0  0  0  0  0  0
    4.5042    1.8835   -0.0942 H   0  0  0  0  0  0  0  0  0  0  0  0
    6.9059    2.3085   -1.7722 H   0  0  0  0  0  0  0  0  0  0  0  0
    5.9095    1.0352   -1.8553 H   0  0  0  0  0  0  0  0  0  0  0  0
   -7.3251   -0.8918    1.3279 H   0  0  0  0  0  0  0  0  0  0  0  0
   -6.9566    0.6575    1.0490 H   0  0  0  0  0  0  0  0  0  0  0  0
   -4.9441    1.3491    0.9993 H   0  0  0  0  0  0  0  0  0  0  0  0
   -3.7093    0.3194    0.9211 H   0  0  0  0  0  0  0  0  0  0  0  0
  1 14  1  0  0  0  0
  1 15  1  0  0  0  0
  2  4  2  0  0  0  0
  2  5  2  0  0  0  0
  2  6  1  0  0  0  0
  2 10  1  0  0  0  0
  3 18  1  0  0  0  0
  3 19  1  0  0  0  0
  6 16  2  0  0  0  0
  7 17  1  0  0  0  0
  7 19  2  0  0  0  0
  8 16  1  0  0  0  0
  8 28  1  0  0  0  0
  8 29  1  0  0  0  0
  9 19  1  0  0  0  0
  9 20  2  0  0  0  0
 10 30  1  0  0  0  0
 10 31  1  0  0  0  0
 11 20  1  0  0  0  0
 11 32  1  0  0  0  0
 11 33  1  0  0  0  0
 12 20  1  0  0  0  0
 12 34  1  0  0  0  0
 12 35  1  0  0  0  0
 13 14  1  0  0  0  0
 13 16  1  0  0  0  0
 13 21  1  0  0  0  0
 13 22  1  0  0  0  0
 14 23  1  0  0  0  0
 14 24  1  0  0  0  0
 15 17  1  0  0  0  0
 15 25  1  0  0  0  0
 15 26  1  0  0  0  0
 17 18  2  0  0  0  0
 18 27  1  0  0  0  0
M  END
> <PUBCHEM_BONDANNOTATIONS>
17  18  8
3  18  8
3  19  8
6  16  1
7  17  8
7  19  8

$$$$
