
  ACD/Labs04281710482D

 20 20  0  0  0  0  0  0  0  0  1 V2000
    7.0371   -1.8117    0.0000 S   0  0  0  0  0  0  0  0  0  0  0  0
    1.2727   -1.2577    0.0000 S   0  0  0  0  0  0  0  0  0  0  0  0
   11.0348   -1.0181    0.0000 S   0  0  0  0  0  0  0  0  0  0  0  0
    1.6769   -2.5304    0.0000 O   0  0  0  0  0  0  0  0  0  0  0  0
    0.8534    0.0000    0.0000 O   0  0  0  0  0  0  0  0  0  0  0  0
    2.5304   -0.8534    0.0000 N   0  0  0  0  0  0  0  0  0  0  0  0
   10.3760   -3.0694    0.0000 N   0  0  0  0  0  0  0  0  0  0  0  0
    3.2491   -3.0394    0.0000 N   0  0  0  0  0  0  0  0  0  0  0  0
   12.7118   -2.6951    0.0000 N   0  0  0  0  0  0  0  0  0  0  0  0
    0.0000   -1.6769    0.0000 N   0  0  0  0  0  0  0  0  0  0  0  0
   14.9726   -2.2159    0.0000 N   0  0  0  0  0  0  0  0  0  0  0  0
   13.4304   -0.5091    0.0000 N   0  0  0  0  0  0  0  0  0  0  0  0
    4.7912   -1.3326    0.0000 C   0  0  0  0  0  0  0  0  0  0  0  0
    5.7794   -2.2159    0.0000 C   0  0  0  0  0  0  0  0  0  0  0  0
    8.0253   -2.6951    0.0000 C   0  0  0  0  0  0  0  0  0  0  0  0
    3.5186   -1.7368    0.0000 C   0  0  0  0  0  0  0  0  0  0  0  0
    9.2980   -2.2908    0.0000 C   0  0  0  0  0  0  0  0  0  0  0  0
    9.7023   -1.0181    0.0000 C   0  0  0  0  0  0  0  0  0  0  0  0
   11.4541   -2.2908    0.0000 C   0  0  0  0  0  0  0  0  0  0  0  0
   13.7000   -1.8117    0.0000 C   0  0  0  0  0  0  0  0  0  0  0  0
  1 14  1  0  0  0  0
  1 15  1  0  0  0  0
  2  4  2  0  0  0  0
  2  5  2  0  0  0  0
  2  6  1  0  0  0  0
  2 10  1  0  0  0  0
  3 18  1  0  0  0  0
  3 19  1  0  0  0  0
  6 16  2  3  0  0  0
  7 17  1  0  0  0  0
  7 19  2  0  0  0  0
  8 16  1  0  0  0  0
  9 19  1  0  0  0  0
  9 20  2  0  0  0  0
 11 20  1  0  0  0  0
 12 20  1  0  0  0  0
 13 14  1  0  0  0  0
 13 16  1  0  0  0  0
 15 17  1  0  0  0  0
 17 18  2  0  0  0  0
M  END
