
  ACD/Labs04281710402D

 16 17  0  0  0  0  0  0  0  0  1 V2000
    6.6503   -8.0610    0.0000 O   0  0  0  0  0  0  0  0  0  0  0  0
    5.9812   -6.9082    0.0000 C   0  0  0  0  0  0  0  0  0  0  0  0
    6.6503   -5.7555    0.0000 O   0  0  0  0  0  0  0  0  0  0  0  0
    4.6512   -6.9082    0.0000 C   0  0  0  0  0  0  0  0  0  0  0  0
    3.9902   -5.7555    0.0000 C   0  0  0  0  0  0  0  0  0  0  0  0
    4.6512   -4.6028    0.0000 C   0  0  0  0  0  0  0  0  0  0  0  0
    3.9902   -3.4582    0.0000 C   0  0  0  0  0  0  0  0  0  0  0  0
    2.6601   -3.4582    0.0000 C   0  0  0  0  0  0  0  0  0  0  0  0
    1.9911   -4.6028    0.0000 C   0  0  0  0  0  0  0  0  0  0  0  0
    2.6601   -5.7555    0.0000 C   0  0  0  0  0  0  0  0  0  0  0  0
    1.9911   -2.3054    0.0000 C   0  0  0  0  0  0  0  0  0  0  0  0
    2.6601   -1.1527    0.0000 C   0  0  0  0  0  0  0  0  0  0  0  0
    1.9911    0.0000    0.0000 C   0  0  0  0  0  0  0  0  0  0  0  0
    0.6610    0.0000    0.0000 C   0  0  0  0  0  0  0  0  0  0  0  0
    0.0000   -1.1527    0.0000 C   0  0  0  0  0  0  0  0  0  0  0  0
    0.6610   -2.3054    0.0000 C   0  0  0  0  0  0  0  0  0  0  0  0
  1  2  1  0  0  0  0
  2  3  2  0  0  0  0
  2  4  1  0  0  0  0
  4  5  1  0  0  0  0
  5  6  2  0  0  0  0
  5 10  1  0  0  0  0
  6  7  1  0  0  0  0
  7  8  2  0  0  0  0
  8  9  1  0  0  0  0
  8 11  1  0  0  0  0
  9 10  2  0  0  0  0
 11 12  1  0  0  0  0
 11 16  2  0  0  0  0
 12 13  2  0  0  0  0
 13 14  1  0  0  0  0
 14 15  2  0  0  0  0
 15 16  1  0  0  0  0
M  END
