35746
  Marvin  12300703363D          

 14 14  0  0  0  0            999 V2000
   -1.3043    3.0894    0.0000 Cl  0  0  0  0  0  0  0  0  0  0  0  0
    3.3454    0.3858   -0.0000 Cl  0  0  0  0  0  0  0  0  0  0  0  0
   -2.3870   -2.1327    0.0000 O   0  0  0  0  0  0  0  0  0  0  0  0
   -0.4809   -0.8387    0.0000 C   0  0  0  0  0  0  0  0  0  0  0  0
    0.9362   -0.8217    0.0000 C   0  0  0  0  0  0  0  0  0  0  0  0
   -1.1595    0.4048    0.0000 C   0  0  0  0  0  0  0  0  0  0  0  0
   -0.4557    1.6244   -0.0000 C   0  0  0  0  0  0  0  0  0  0  0  0
    1.6523    0.3925   -0.0000 C   0  0  0  0  0  0  0  0  0  0  0  0
    0.9518    1.6143   -0.0000 C   0  0  0  0  0  0  0  0  0  0  0  0
   -1.1676   -2.0441   -0.0000 C   0  0  0  0  0  0  0  0  0  0  0  0
    1.4638   -1.6998    0.0000 H   0  0  0  0  0  0  0  0  0  0  0  0
   -2.1826    0.4350   -0.0000 H   0  0  0  0  0  0  0  0  0  0  0  0
    1.4659    2.4982    0.0000 H   0  0  0  0  0  0  0  0  0  0  0  0
   -0.6779   -2.9074    0.0000 H   0  0  0  0  0  0  0  0  0  0  0  0
  1  7  1  0  0  0  0
  2  8  1  0  0  0  0
  3 10  2  0  0  0  0
  4  5  2  0  0  0  0
  4  6  1  0  0  0  0
  4 10  1  0  0  0  0
  5  8  1  0  0  0  0
  5 11  1  0  0  0  0
  6  7  2  0  0  0  0
  6 12  1  0  0  0  0
  7  9  1  0  0  0  0
  8  9  2  0  0  0  0
  9 13  1  0  0  0  0
 10 14  1  0  0  0  0
M  END
> <PUBCHEM_BONDANNOTATIONS>
4  5  8
4  6  8
5  8  8
6  7  8
7  9  8
8  9  8

$$$$
