3446
  Marvin  12300703363D          

 29 29  0  0  0  0            999 V2000
   -1.5356   -0.7812    3.4490 O   0  0  0  0  0  0  0  0  0  0  0  0
    0.2173   -0.0486    2.6397 O   0  0  0  0  0  0  0  0  0  0  0  0
   -0.6740   -0.3953   -2.6664 N   0  0  0  0  0  0  0  0  0  0  0  0
   -0.6077   -0.2645   -0.1378 C   0  0  2  0  0  0  0  0  0  0  0  0
    0.6758   -1.1952   -0.1390 C   0  0  0  0  0  0  0  0  0  0  0  0
   -0.3569    1.3009   -0.1285 C   0  0  0  0  0  0  0  0  0  0  0  0
    2.1036   -0.5872   -0.0942 C   0  0  0  0  0  0  0  0  0  0  0  0
    1.0779    1.8917   -0.1309 C   0  0  0  0  0  0  0  0  0  0  0  0
    2.3050    0.9481   -0.1358 C   0  0  0  0  0  0  0  0  0  0  0  0
   -1.4976   -0.6322    1.1170 C   0  0  0  0  0  0  0  0  0  0  0  0
   -1.4433   -0.6096   -1.4290 C   0  0  0  0  0  0  0  0  0  0  0  0
   -0.9121   -0.4760    2.4423 C   0  0  0  0  0  0  0  0  0  0  0  0
    0.6665   -1.8948   -0.9810 H   0  0  0  0  0  0  0  0  0  0  0  0
    0.6316   -1.9223    0.6783 H   0  0  0  0  0  0  0  0  0  0  0  0
   -0.8700    1.7733    0.7157 H   0  0  0  0  0  0  0  0  0  0  0  0
   -0.8848    1.7930   -0.9523 H   0  0  0  0  0  0  0  0  0  0  0  0
    2.6829   -1.0191   -0.9179 H   0  0  0  0  0  0  0  0  0  0  0  0
    2.6094   -0.9660    0.8005 H   0  0  0  0  0  0  0  0  0  0  0  0
    1.1746    2.5659    0.7278 H   0  0  0  0  0  0  0  0  0  0  0  0
    1.1712    2.5642   -0.9910 H   0  0  0  0  0  0  0  0  0  0  0  0
    2.9466    1.2269    0.7070 H   0  0  0  0  0  0  0  0  0  0  0  0
    2.9100    1.1878   -1.0161 H   0  0  0  0  0  0  0  0  0  0  0  0
   -2.4165   -0.0365    1.1047 H   0  0  0  0  0  0  0  0  0  0  0  0
   -1.8229   -1.6745    1.0406 H   0  0  0  0  0  0  0  0  0  0  0  0
   -2.3558   -0.0110   -1.4960 H   0  0  0  0  0  0  0  0  0  0  0  0
   -1.7616   -1.6553   -1.4348 H   0  0  0  0  0  0  0  0  0  0  0  0
   -1.2876   -0.5687   -3.4638 H   0  0  0  0  0  0  0  0  0  0  0  0
   -0.3935    0.5868   -2.6976 H   0  0  0  0  0  0  0  0  0  0  0  0
   -2.3525   -1.1008    3.3893 H   0  0  0  0  0  0  0  0  0  0  0  0
  1 12  1  0  0  0  0
  1 29  1  0  0  0  0
  2 12  2  0  0  0  0
  3 11  1  0  0  0  0
  3 27  1  0  0  0  0
  3 28  1  0  0  0  0
  4  5  1  0  0  0  0
  4  6  1  0  0  0  0
  4 10  1  0  0  0  0
  4 11  1  0  0  0  0
  5  7  1  0  0  0  0
  5 13  1  0  0  0  0
  5 14  1  0  0  0  0
  6  8  1  0  0  0  0
  6 15  1  0  0  0  0
  6 16  1  0  0  0  0
  7  9  1  0  0  0  0
  7 17  1  0  0  0  0
  7 18  1  0  0  0  0
  8  9  1  0  0  0  0
  8 19  1  0  0  0  0
  8 20  1  0  0  0  0
  9 21  1  0  0  0  0
  9 22  1  0  0  0  0
 10 12  1  0  0  0  0
 10 23  1  0  0  0  0
 10 24  1  0  0  0  0
 11 25  1  0  0  0  0
 11 26  1  0  0  0  0
M  END
$$$$
