
  ACD/Labs04281710402D

 18 18  0  0  0  0  0  0  0  0  1 V2000
    3.4674   -4.0677    0.0000 O   0  0  0  0  0  0  0  0  0  0  0  0
    9.2119   -1.9976    0.0000 O   0  0  0  0  0  0  0  0  0  0  0  0
   10.3505   -4.0056    0.0000 O   0  0  0  0  0  0  0  0  0  0  0  0
    8.0113   -4.0056    0.0000 C   0  0  0  0  0  0  0  0  0  0  0  0
    2.2668   -3.3329    0.0000 C   0  0  0  0  0  0  0  0  0  0  0  0
    1.1386   -4.0056    0.0000 C   0  0  0  0  0  0  0  0  0  0  0  0
    9.2119   -3.3329    0.0000 C   0  0  0  0  0  0  0  0  0  0  0  0
    2.2668   -1.9976    0.0000 C   0  0  0  0  0  0  0  0  0  0  0  0
    1.1386   -1.3352    0.0000 C   0  0  0  0  0  0  0  0  0  0  0  0
    6.8831   -3.4053    0.0000 C   0  0  0  0  0  0  0  0  0  0  0  0
    0.0000   -3.3329    0.0000 C   0  0  0  0  0  0  0  0  0  0  0  0
    0.0000   -1.9976    0.0000 C   0  0  0  0  0  0  0  0  0  0  0  0
    5.7445   -4.0056    0.0000 C   0  0  0  0  0  0  0  0  0  0  0  0
    4.6060   -3.4053    0.0000 C   0  0  0  0  0  0  0  0  0  0  0  0
    7.3488   -5.2063    0.0000 C   0  0  0  0  0  0  0  0  0  0  0  0
    8.7462   -5.1442    0.0000 C   0  0  0  0  0  0  0  0  0  0  0  0
    1.1386   -5.3408    0.0000 C   0  0  0  0  0  0  0  0  0  0  0  0
    1.1386    0.0000    0.0000 C   0  0  0  0  0  0  0  0  0  0  0  0
  1  5  1  0  0  0  0
  1 14  1  0  0  0  0
  2  7  2  0  0  0  0
  3  7  1  0  0  0  0
  4  7  1  0  0  0  0
  4 10  1  0  0  0  0
  4 15  1  0  0  0  0
  4 16  1  0  0  0  0
  5  6  2  0  0  0  0
  5  8  1  0  0  0  0
  6 11  1  0  0  0  0
  6 17  1  0  0  0  0
  8  9  2  0  0  0  0
  9 12  1  0  0  0  0
  9 18  1  0  0  0  0
 10 13  1  0  0  0  0
 11 12  2  0  0  0  0
 13 14  1  0  0  0  0
M  END
