
  1019              3D

 15 15  0  0  0  0  0  0  0  0999 V2000
    3.4729    0.1361    0.0114 O   0  0  0  0  0  0  0  0  0  0  0  0
    3.4734   -1.2307    0.0006 C   0  0  0  0  0  0  0  0  0  0  0  0
    4.6823   -1.9245    0.0066 C   0  0  0  0  0  0  0  0  0  0  0  0
    4.6883   -3.3202    0.0022 C   0  0  0  0  0  0  0  0  0  0  0  0
    3.4810   -4.0195    0.0053 C   0  0  0  0  0  0  0  0  0  0  0  0
    3.5359   -5.9167    0.0076 Br  0  0  0  0  0  0  0  0  0  0  0  0
    2.2753   -3.3092    0.0102 C   0  0  0  0  0  0  0  0  0  0  0  0
    0.9919   -4.0139    0.0332 C   0  0  0  0  0  0  0  0  0  0  0  0
    0.3204   -4.0505    1.0548 O   0  0  0  0  0  0  0  0  0  0  0  0
    2.2599   -1.9112    0.0011 C   0  0  0  0  0  0  0  0  0  0  0  0
    4.2417    0.4328   -0.5080 H   0  0  0  0  0  0  0  0  0  0  0  0
    5.6231   -1.3837    0.0069 H   0  0  0  0  0  0  0  0  0  0  0  0
    1.3225   -1.3606    0.0007 H   0  0  0  0  0  0  0  0  0  0  0  0
    5.6414   -3.8424   -0.0014 H   0  0  0  0  0  0  0  0  0  0  0  0
    0.7007   -4.5329   -0.8958 H   0  0  0  0  0  0  0  0  0  0  0  0
  1  2  1  0  0  0  0
  2  3  2  0  0  0  0
  2 10  1  0  0  0  0
  3  4  1  0  0  0  0
  4  5  2  0  0  0  0
  5  6  1  0  0  0  0
  5  7  1  0  0  0  0
  7  8  1  0  0  0  0
  7 10  2  0  0  0  0
  8  9  2  0  0  0  0
  1 11  1  0  0  0  0
  3 12  1  0  0  0  0
 10 13  1  0  0  0  0
  4 14  1  0  0  0  0
  8 15  1  0  0  0  0
M  END
>  <energy>
30.145182687655886

$$$$
