
  ACD/Labs04281710562D

 14 15  0  0  0  0  0  0  0  0  1 V2000
    1.9935   -3.6372    0.0000 O   0  0  0  0  0  0  0  0  0  0  0  0
    1.9935   -2.3038    0.0000 C   0  0  0  0  0  0  0  0  0  0  0  0
    2.6602   -1.1552    0.0000 C   0  0  0  0  0  0  0  0  0  0  0  0
    1.9935    0.0000    0.0000 C   0  0  0  0  0  0  0  0  0  0  0  0
    0.6667    0.0000    0.0000 N   0  0  0  0  0  0  0  0  0  0  0  0
    0.0000   -1.1552    0.0000 C   0  0  0  0  0  0  0  0  0  0  0  0
    0.6667   -2.3038    0.0000 C   0  0  0  0  0  0  0  0  0  0  0  0
    3.1487   -2.9705    0.0000 C   0  0  0  0  0  0  0  0  0  0  0  0
    3.1487   -4.2973    0.0000 C   0  0  0  0  0  0  0  0  0  0  0  0
    4.2973   -4.9640    0.0000 C   0  0  0  0  0  0  0  0  0  0  0  0
    5.4525   -4.2973    0.0000 C   0  0  0  0  0  0  0  0  0  0  0  0
    5.4525   -2.9705    0.0000 C   0  0  0  0  0  0  0  0  0  0  0  0
    4.2973   -2.3038    0.0000 C   0  0  0  0  0  0  0  0  0  0  0  0
    6.6011   -4.9640    0.0000 Cl  0  0  0  0  0  0  0  0  0  0  0  0
  1  2  1  0  0  0  0
  2  3  1  0  0  0  0
  2  7  1  0  0  0  0
  2  8  1  0  0  0  0
  3  4  1  0  0  0  0
  4  5  1  0  0  0  0
  5  6  1  0  0  0  0
  6  7  1  0  0  0  0
  8  9  1  0  0  0  0
  8 13  2  0  0  0  0
  9 10  2  0  0  0  0
 10 11  1  0  0  0  0
 11 12  2  0  0  0  0
 11 14  1  0  0  0  0
 12 13  1  0  0  0  0
M  END
