3639
  Marvin  12300703363D          

 25 26  0  0  0  0            999 V2000
   -3.6347    0.2997    0.3359 Cl  0  0  0  0  0  0  0  0  0  0  0  0
    2.5089   -0.2022   -0.6751 S   0  0  2  0  0  0  0  0  0  0  0  0
   -2.0085   -2.3976    1.3643 S   0  0  1  0  0  0  0  0  0  0  0  0
    3.2014   -0.3780    0.7456 O   0  0  0  0  0  0  0  0  0  0  0  0
    2.9193   -1.3975   -1.6401 O   0  0  0  0  0  0  0  0  0  0  0  0
   -0.9316   -3.3927    1.9821 O   0  0  0  0  0  0  0  0  0  0  0  0
   -3.0245   -3.2347    0.4727 O   0  0  0  0  0  0  0  0  0  0  0  0
    2.9594    1.2539   -1.3069 N   0  0  0  0  0  0  0  0  0  0  0  0
    0.7375    2.1510   -1.2217 N   0  0  0  0  0  0  0  0  0  0  0  0
   -2.8155   -1.7737    2.6572 N   0  0  0  0  0  0  0  0  0  0  0  0
    0.7916   -0.1247   -0.4294 C   0  0  0  0  0  0  0  0  0  0  0  0
    0.1155    1.0730   -0.7498 C   0  0  0  0  0  0  0  0  0  0  0  0
    2.1134    2.3556   -1.3525 C   0  0  0  0  0  0  0  0  0  0  0  0
    0.0964   -1.2099    0.1348 C   0  0  0  0  0  0  0  0  0  0  0  0
   -1.2734   -1.0984    0.4560 C   0  0  0  0  0  0  0  0  0  0  0  0
   -1.2744    1.1454   -0.5232 C   0  0  0  0  0  0  0  0  0  0  0  0
   -1.9714    0.0767    0.0796 C   0  0  0  0  0  0  0  0  0  0  0  0
    2.2860    2.8573   -2.3049 H   0  0  0  0  0  0  0  0  0  0  0  0
    2.4175    3.0419   -0.5601 H   0  0  0  0  0  0  0  0  0  0  0  0
    0.6100   -2.0713    0.3348 H   0  0  0  0  0  0  0  0  0  0  0  0
    3.8372    1.3508   -1.6150 H   0  0  0  0  0  0  0  0  0  0  0  0
    0.1947    2.8729   -1.4664 H   0  0  0  0  0  0  0  0  0  0  0  0
   -1.7787    2.0000   -0.7785 H   0  0  0  0  0  0  0  0  0  0  0  0
   -3.5510   -2.2248    3.0164 H   0  0  0  0  0  0  0  0  0  0  0  0
   -2.5251   -0.9729    3.0442 H   0  0  0  0  0  0  0  0  0  0  0  0
  1 17  1  0  0  0  0
  2  4  2  0  0  0  0
  2  5  2  0  0  0  0
  2  8  1  0  0  0  0
  2 11  1  0  0  0  0
  3  6  2  0  0  0  0
  3  7  2  0  0  0  0
  3 10  1  0  0  0  0
  3 15  1  0  0  0  0
  8 13  1  0  0  0  0
  8 21  1  0  0  0  0
  9 12  1  0  0  0  0
  9 13  1  0  0  0  0
  9 22  1  0  0  0  0
 10 24  1  0  0  0  0
 10 25  1  0  0  0  0
 11 12  1  0  0  0  0
 11 14  2  0  0  0  0
 12 16  2  0  0  0  0
 13 18  1  0  0  0  0
 13 19  1  0  0  0  0
 14 15  1  0  0  0  0
 14 20  1  0  0  0  0
 15 17  2  0  0  0  0
 16 17  1  0  0  0  0
 16 23  1  0  0  0  0
M  END
> <PUBCHEM_BONDANNOTATIONS>
11  12  8
11  14  8
12  16  8
14  15  8
15  17  8
16  17  8

$$$$
