
  ACD/Labs03221914022D

 17 18  0  0  0  0  0  0  0  0  1 V2000
    3.4626   -3.6838    0.0000 C   0  0  0  0  0  0  0  0  0  0  0  0
    2.3015   -3.0203    0.0000 C   0  0  0  0  0  0  0  0  0  0  0  0
    2.3015   -1.6864    0.0000 C   0  0  0  0  0  0  0  0  0  0  0  0
    3.4626   -1.0229    0.0000 C   0  0  0  0  0  0  0  0  0  0  0  0
    4.6099   -1.6864    0.0000 C   0  0  0  0  0  0  0  0  0  0  0  0
    4.6099   -3.0203    0.0000 C   0  0  0  0  0  0  0  0  0  0  0  0
    5.7572   -3.6838    0.0000 N   0  0  0  0  0  0  0  0  0  0  0  0
    6.9115   -3.0203    0.0000 C   0  0  0  0  0  0  0  0  0  0  0  0
    6.9115   -1.6864    0.0000 N   0  0  0  0  0  0  0  0  0  0  0  0
    5.7572   -1.0229    0.0000 S   0  0  0  0  0  0  0  0  0  0  0  0
    6.6143   -0.0069    0.0000 O   0  0  0  0  0  0  0  0  0  0  0  0
    4.9071   -0.0069    0.0000 O   0  0  0  0  0  0  0  0  0  0  0  0
    1.1542   -1.0229    0.0000 S   0  0  0  0  0  0  0  0  0  0  0  0
    0.0000   -1.6864    0.0000 N   0  0  0  0  0  0  0  0  0  0  0  0
    2.0112   -0.0069    0.0000 O   0  0  0  0  0  0  0  0  0  0  0  0
    0.2972    0.0000    0.0000 O   0  0  0  0  0  0  0  0  0  0  0  0
    1.1542   -3.6838    0.0000 Cl  0  0  0  0  0  0  0  0  0  0  0  0
  1  2  2  0  0  0  0
  1  6  1  0  0  0  0
  2  3  1  0  0  0  0
  2 17  1  0  0  0  0
  3  4  2  0  0  0  0
  3 13  1  0  0  0  0
  4  5  1  0  0  0  0
  5  6  2  0  0  0  0
  5 10  1  0  0  0  0
  6  7  1  0  0  0  0
  7  8  1  0  0  0  0
  8  9  1  0  0  0  0
  9 10  1  0  0  0  0
 10 11  2  0  0  0  0
 10 12  2  0  0  0  0
 13 14  1  0  0  0  0
 13 15  2  0  0  0  0
 13 16  2  0  0  0  0
M  END
