
  ACD/Labs04281711072D

  9  9  0  0  0  0  0  0  0  0  1 V2000
    0.0000   -3.9776    0.0000 O   0  0  0  0  0  0  0  0  0  0  0  0
    2.2927    0.0000    0.0000 O   0  0  0  0  0  0  0  0  0  0  0  0
    4.6037   -3.9776    0.0000 O   0  0  0  0  0  0  0  0  0  0  0  0
    1.1509   -3.3193    0.0000 C   0  0  0  0  0  0  0  0  0  0  0  0
    2.2927   -1.3213    0.0000 C   0  0  0  0  0  0  0  0  0  0  0  0
    3.4528   -3.3193    0.0000 C   0  0  0  0  0  0  0  0  0  0  0  0
    1.1509   -1.9842    0.0000 C   0  0  0  0  0  0  0  0  0  0  0  0
    2.2927   -3.9960    0.0000 C   0  0  0  0  0  0  0  0  0  0  0  0
    3.4528   -1.9842    0.0000 C   0  0  0  0  0  0  0  0  0  0  0  0
  1  4  1  0  0  0  0
  2  5  1  0  0  0  0
  3  6  1  0  0  0  0
  4  7  1  0  0  0  0
  4  8  2  0  0  0  0
  5  7  2  0  0  0  0
  5  9  1  0  0  0  0
  6  8  1  0  0  0  0
  6  9  2  0  0  0  0
M  END
