
  ACD/Labs04281711072D

 11 11  0  0  0  0  0  0  0  0  2 V2000
    4.6557   -3.4545    0.0000 N   0  0  0  0  0  0  0  0  0  0  0  0
    3.9900   -2.3046    0.0000 C   0  0  0  0  0  0  0  0  0  0  0  0
    4.6557   -1.1500    0.0000 C   0  0  0  0  0  0  0  0  0  0  0  0
    3.9900    0.0000    0.0000 C   0  0  0  0  0  0  0  0  0  0  0  0
    2.6584    0.0000    0.0000 C   0  0  0  0  0  0  0  0  0  0  0  0
    1.9973   -1.1500    0.0000 C   0  0  0  0  0  0  0  0  0  0  0  0
    2.6584   -2.3046    0.0000 C   0  0  0  0  0  0  0  0  0  0  0  0
    1.9973   -3.4545    0.0000 N   0  0  0  0  0  0  0  0  0  0  0  0
    0.6658   -1.1500    0.0000 N   0  3  0  0  0  0  0  0  0  0  0  0
    0.0000    0.0000    0.0000 O   0  5  0  0  0  0  0  0  0  0  0  0
    0.0000   -2.3046    0.0000 O   0  0  0  0  0  0  0  0  0  0  0  0
  1  2  1  0  0  0  0
  2  3  1  0  0  0  0
  2  7  2  0  0  0  0
  3  4  2  0  0  0  0
  4  5  1  0  0  0  0
  5  6  2  0  0  0  0
  6  7  1  0  0  0  0
  6  9  1  0  0  0  0
  7  8  1  0  0  0  0
  9 10  1  0  0  0  0
  9 11  2  0  0  0  0
M  CHG  2   9   1  10  -1
M  END
