4359525
  Marvin  12310708253D          

 18 18  0  0  0  0            999 V2000
    2.9591   -1.8361    0.0996 O   0  5  0  0  0  0  0  0  0  0  0  0
    1.3445   -2.8579   -0.0122 O   0  0  0  0  0  0  0  0  0  0  0  0
   -1.1043   -1.6661    0.1212 N   0  0  0  0  0  0  0  0  0  0  0  0
    1.7878   -1.7799    0.0501 N   0  3  0  0  0  0  0  0  0  0  0  0
   -2.3587    0.7576   -0.1497 N   0  0  0  0  0  0  0  0  0  0  0  0
   -0.3609   -0.5778    0.0301 C   0  0  0  0  0  0  0  0  0  0  0  0
    1.0682   -0.6349    0.0425 C   0  0  0  0  0  0  0  0  0  0  0  0
   -1.0458    0.6625   -0.0600 C   0  0  0  0  0  0  0  0  0  0  0  0
    1.7550    0.6094    0.0337 C   0  0  0  0  0  0  0  0  0  0  0  0
   -0.3160    1.8663   -0.0585 C   0  0  0  0  0  0  0  0  0  0  0  0
    1.0838    1.8421   -0.0033 C   0  0  0  0  0  0  0  0  0  0  0  0
    2.7774    0.6492    0.0520 H   0  0  0  0  0  0  0  0  0  0  0  0
   -0.7895    2.7735   -0.0998 H   0  0  0  0  0  0  0  0  0  0  0  0
    1.6120    2.7182    0.0027 H   0  0  0  0  0  0  0  0  0  0  0  0
   -2.0337   -1.6111    0.0366 H   0  0  0  0  0  0  0  0  0  0  0  0
   -0.7219   -2.5002    0.2893 H   0  0  0  0  0  0  0  0  0  0  0  0
   -2.7730    1.5962   -0.1378 H   0  0  0  0  0  0  0  0  0  0  0  0
   -2.8839   -0.0110   -0.2366 H   0  0  0  0  0  0  0  0  0  0  0  0
  1  4  1  0  0  0  0
  2  4  2  0  0  0  0
  3  6  1  0  0  0  0
  3 15  1  0  0  0  0
  3 16  1  0  0  0  0
  4  7  1  0  0  0  0
  5  8  1  0  0  0  0
  5 17  1  0  0  0  0
  5 18  1  0  0  0  0
  6  7  1  0  0  0  0
  6  8  2  0  0  0  0
  7  9  2  0  0  0  0
  8 10  1  0  0  0  0
  9 11  1  0  0  0  0
  9 12  1  0  0  0  0
 10 11  2  0  0  0  0
 10 13  1  0  0  0  0
 11 14  1  0  0  0  0
M  CHG  2   1  -1   4   1
M  END
> <PUBCHEM_BONDANNOTATIONS>
10  11  8
6  7  8
6  8  8
7  9  8
8  10  8
9  11  8

$$$$
