3715
  Marvin  12300703363D          

 41 43  0  0  0  0            999 V2000
    4.0295    5.3677    2.1964 Cl  0  0  0  0  0  0  0  0  0  0  0  0
   -4.0782   -2.9140   -0.2339 O   0  0  0  0  0  0  0  0  0  0  0  0
   -0.9342    2.7074   -1.3066 O   0  0  0  0  0  0  0  0  0  0  0  0
    2.3836   -4.0777    0.7035 O   0  0  0  0  0  0  0  0  0  0  0  0
    1.4823   -2.4242    1.5551 O   0  0  0  0  0  0  0  0  0  0  0  0
   -0.1193    0.7751   -0.7161 N   0  0  0  0  0  0  0  0  0  0  0  0
    0.4938   -1.4057   -0.8218 C   0  0  0  0  0  0  0  0  0  0  0  0
   -0.8879   -1.3385   -0.6677 C   0  0  0  0  0  0  0  0  0  0  0  0
   -1.2408    0.0134   -0.6162 C   0  0  0  0  0  0  0  0  0  0  0  0
    0.9258   -0.0741   -0.9545 C   0  0  0  0  0  0  0  0  0  0  0  0
    1.2882   -2.6644   -0.7912 C   0  0  0  0  0  0  0  0  0  0  0  0
   -1.8532   -2.3590   -0.5580 C   0  0  0  0  0  0  0  0  0  0  0  0
   -2.6057    0.3593   -0.4750 C   0  0  0  0  0  0  0  0  0  0  0  0
    2.3006    0.3219   -1.3588 C   0  0  0  0  0  0  0  0  0  0  0  0
   -0.0943    2.1267   -0.6271 C   0  0  0  0  0  0  0  0  0  0  0  0
   -3.2095   -2.0078   -0.3993 C   0  0  0  0  0  0  0  0  0  0  0  0
   -3.5856   -0.6481   -0.3902 C   0  0  0  0  0  0  0  0  0  0  0  0
    0.7941    2.9090    0.1338 C   0  0  0  0  0  0  0  0  0  0  0  0
    1.7281   -3.0567    0.5371 C   0  0  0  0  0  0  0  0  0  0  0  0
    0.9379    4.3049   -0.0940 C   0  0  0  0  0  0  0  0  0  0  0  0
    1.6099    2.3583    1.1566 C   0  0  0  0  0  0  0  0  0  0  0  0
    1.9140    5.0764    0.5611 C   0  0  0  0  0  0  0  0  0  0  0  0
    2.6190    3.1067    1.7927 C   0  0  0  0  0  0  0  0  0  0  0  0
    2.7876    4.4677    1.4802 C   0  0  0  0  0  0  0  0  0  0  0  0
   -4.4551   -3.4041    0.9513 C   0  0  0  0  0  0  0  0  0  0  0  0
    2.1562   -2.5968   -1.4456 H   0  0  0  0  0  0  0  0  0  0  0  0
    0.7013   -3.4843   -1.2097 H   0  0  0  0  0  0  0  0  0  0  0  0
   -1.5845   -3.3448   -0.5847 H   0  0  0  0  0  0  0  0  0  0  0  0
   -2.9058    1.3341   -0.4343 H   0  0  0  0  0  0  0  0  0  0  0  0
    2.2330    0.9170   -2.2703 H   0  0  0  0  0  0  0  0  0  0  0  0
    2.9597   -0.5145   -1.5786 H   0  0  0  0  0  0  0  0  0  0  0  0
    2.8224    0.9044   -0.6074 H   0  0  0  0  0  0  0  0  0  0  0  0
   -4.5721   -0.3885   -0.3071 H   0  0  0  0  0  0  0  0  0  0  0  0
    0.3381    4.7956   -0.7625 H   0  0  0  0  0  0  0  0  0  0  0  0
    1.5096    1.3800    1.4395 H   0  0  0  0  0  0  0  0  0  0  0  0
    1.9905    6.0754    0.3531 H   0  0  0  0  0  0  0  0  0  0  0  0
    3.2341    2.6522    2.4730 H   0  0  0  0  0  0  0  0  0  0  0  0
   -5.2065   -4.1763    0.7897 H   0  0  0  0  0  0  0  0  0  0  0  0
   -4.8949   -2.6260    1.5807 H   0  0  0  0  0  0  0  0  0  0  0  0
   -3.6129   -3.8553    1.4829 H   0  0  0  0  0  0  0  0  0  0  0  0
    2.6017   -4.5922    0.0239 H   0  0  0  0  0  0  0  0  0  0  0  0
  1 24  1  0  0  0  0
  2 16  1  0  0  0  0
  2 25  1  0  0  0  0
  3 15  2  0  0  0  0
  4 19  1  0  0  0  0
  4 41  1  0  0  0  0
  5 19  2  0  0  0  0
  6  9  1  0  0  0  0
  6 10  1  0  0  0  0
  6 15  1  0  0  0  0
  7  8  1  0  0  0  0
  7 10  2  0  0  0  0
  7 11  1  0  0  0  0
  8  9  2  0  0  0  0
  8 12  1  0  0  0  0
  9 13  1  0  0  0  0
 10 14  1  0  0  0  0
 11 19  1  0  0  0  0
 11 26  1  0  0  0  0
 11 27  1  0  0  0  0
 12 16  2  0  0  0  0
 12 28  1  0  0  0  0
 13 17  2  0  0  0  0
 13 29  1  0  0  0  0
 14 30  1  0  0  0  0
 14 31  1  0  0  0  0
 14 32  1  0  0  0  0
 15 18  1  0  0  0  0
 16 17  1  0  0  0  0
 17 33  1  0  0  0  0
 18 20  2  0  0  0  0
 18 21  1  0  0  0  0
 20 22  1  0  0  0  0
 20 34  1  0  0  0  0
 21 23  2  0  0  0  0
 21 35  1  0  0  0  0
 22 24  2  0  0  0  0
 22 36  1  0  0  0  0
 23 24  1  0  0  0  0
 23 37  1  0  0  0  0
 25 38  1  0  0  0  0
 25 39  1  0  0  0  0
 25 40  1  0  0  0  0
M  END
> <PUBCHEM_BONDANNOTATIONS>
12  16  8
13  17  8
16  17  8
18  20  8
18  21  8
20  22  8
21  23  8
22  24  8
23  24  8
6  10  8
6  9  8
7  10  8
7  8  8
8  12  8
8  9  8
9  13  8

$$$$
