
  ACD/Labs04281710322D

 13 14  0  0  0  0  0  0  0  0  1 V2000
    0.0000   -1.3301    0.0000 I   0  0  0  0  0  0  0  0  0  0  0  0
    1.1516   -1.9980    0.0000 C   0  0  0  0  0  0  0  0  0  0  0  0
    1.1516   -3.3280    0.0000 C   0  0  0  0  0  0  0  0  0  0  0  0
    2.3031   -3.9902    0.0000 C   0  0  0  0  0  0  0  0  0  0  0  0
    2.3031   -5.3202    0.0000 I   0  0  0  0  0  0  0  0  0  0  0  0
    3.4547   -3.3280    0.0000 C   0  0  0  0  0  0  0  0  0  0  0  0
    3.4547   -1.9980    0.0000 C   0  0  0  0  0  0  0  0  0  0  0  0
    2.3031   -1.3301    0.0000 C   0  0  0  0  0  0  0  0  0  0  0  0
    2.3031    0.0000    0.0000 O   0  0  0  0  0  0  0  0  0  0  0  0
    4.6063   -1.3301    0.0000 N   0  0  0  0  0  0  0  0  0  0  0  0
    5.7578   -1.9980    0.0000 C   0  0  0  0  0  0  0  0  0  0  0  0
    5.7578   -3.3280    0.0000 C   0  0  0  0  0  0  0  0  0  0  0  0
    4.6063   -3.9902    0.0000 C   0  0  0  0  0  0  0  0  0  0  0  0
  1  2  1  0  0  0  0
  2  3  1  0  0  0  0
  2  8  2  0  0  0  0
  3  4  2  0  0  0  0
  4  5  1  0  0  0  0
  4  6  1  0  0  0  0
  6  7  1  0  0  0  0
  6 13  2  0  0  0  0
  7  8  1  0  0  0  0
  7 10  2  0  0  0  0
  8  9  1  0  0  0  0
 10 11  1  0  0  0  0
 11 12  2  0  0  0  0
 12 13  1  0  0  0  0
M  END
