370
  Marvin  12300703363D          

 18 18  0  0  0  0            999 V2000
    1.3649    2.6287   -0.0513 O   0  0  0  0  0  0  0  0  0  0  0  0
    2.6985    0.2840   -0.0490 O   0  0  0  0  0  0  0  0  0  0  0  0
   -1.3129    2.6174   -0.0583 O   0  0  0  0  0  0  0  0  0  0  0  0
   -0.9286   -3.1683    0.4489 O   0  0  0  0  0  0  0  0  0  0  0  0
   -2.5123   -2.2545   -0.4986 O   0  0  0  0  0  0  0  0  0  0  0  0
   -0.6924   -0.9322   -0.0515 C   0  0  0  0  0  0  0  0  0  0  0  0
    0.7403    1.5344   -0.0543 C   0  0  0  0  0  0  0  0  0  0  0  0
    1.4399    0.3086   -0.0497 C   0  0  0  0  0  0  0  0  0  0  0  0
   -0.6708    1.5338   -0.0618 C   0  0  0  0  0  0  0  0  0  0  0  0
    0.7238   -0.9047   -0.0465 C   0  0  0  0  0  0  0  0  0  0  0  0
   -1.3709    0.3106   -0.0679 C   0  0  0  0  0  0  0  0  0  0  0  0
   -1.3860   -2.1384   -0.0364 C   0  0  0  0  0  0  0  0  0  0  0  0
    1.2573   -1.7792   -0.0497 H   0  0  0  0  0  0  0  0  0  0  0  0
   -2.3957    0.3381   -0.0716 H   0  0  0  0  0  0  0  0  0  0  0  0
    2.2454    2.6512   -0.0475 H   0  0  0  0  0  0  0  0  0  0  0  0
    3.1370   -0.4801   -0.0483 H   0  0  0  0  0  0  0  0  0  0  0  0
   -2.1937    2.6235   -0.0550 H   0  0  0  0  0  0  0  0  0  0  0  0
   -0.1437   -3.1730    0.8486 H   0  0  0  0  0  0  0  0  0  0  0  0
  1  7  1  0  0  0  0
  1 15  1  0  0  0  0
  2  8  1  0  0  0  0
  2 16  1  0  0  0  0
  3  9  1  0  0  0  0
  3 17  1  0  0  0  0
  4 12  1  0  0  0  0
  4 18  1  0  0  0  0
  5 12  2  0  0  0  0
  6 10  2  0  0  0  0
  6 11  1  0  0  0  0
  6 12  1  0  0  0  0
  7  8  2  0  0  0  0
  7  9  1  0  0  0  0
  8 10  1  0  0  0  0
  9 11  2  0  0  0  0
 10 13  1  0  0  0  0
 11 14  1  0  0  0  0
M  END
> <PUBCHEM_BONDANNOTATIONS>
6  10  8
6  11  8
7  8  8
7  9  8
8  10  8
9  11  8

$$$$
