3773
  Marvin  12300703363D          

 20 20  0  0  0  0            999 V2000
    2.5803    1.6874    0.7363 O   0  0  0  0  0  0  0  0  0  0  0  0
    1.9495    0.1448    1.9654 O   0  0  0  0  0  0  0  0  0  0  0  0
   -1.9078   -0.8234   -0.2458 N   0  0  0  0  0  0  0  0  0  0  0  0
    0.9203    0.2900   -0.1561 C   0  0  1  0  0  0  0  0  0  0  0  0
    0.6729   -1.2555   -0.2348 C   0  0  0  0  0  0  0  0  0  0  0  0
   -0.3171    1.2491   -0.1835 C   0  0  0  0  0  0  0  0  0  0  0  0
   -0.7875   -1.7744   -0.2286 C   0  0  0  0  0  0  0  0  0  0  0  0
   -1.7393    0.6344   -0.1760 C   0  0  0  0  0  0  0  0  0  0  0  0
    1.8648    0.7025    0.8798 C   0  0  0  0  0  0  0  0  0  0  0  0
    1.4500    0.4995   -1.0954 H   0  0  0  0  0  0  0  0  0  0  0  0
    1.1646   -1.6570   -1.1284 H   0  0  0  0  0  0  0  0  0  0  0  0
    1.1942   -1.7840    0.5689 H   0  0  0  0  0  0  0  0  0  0  0  0
   -0.2402    1.9018   -1.0604 H   0  0  0  0  0  0  0  0  0  0  0  0
   -0.2891    1.9617    0.6490 H   0  0  0  0  0  0  0  0  0  0  0  0
   -0.9448   -2.4223    0.6376 H   0  0  0  0  0  0  0  0  0  0  0  0
   -0.9481   -2.4099   -1.1028 H   0  0  0  0  0  0  0  0  0  0  0  0
   -2.3087    1.0256   -1.0227 H   0  0  0  0  0  0  0  0  0  0  0  0
   -2.2787    0.9652    0.7155 H   0  0  0  0  0  0  0  0  0  0  0  0
   -2.5697   -1.0993    0.4847 H   0  0  0  0  0  0  0  0  0  0  0  0
    2.5345    2.1638   -0.0028 H   0  0  0  0  0  0  0  0  0  0  0  0
  1  9  1  0  0  0  0
  1 20  1  0  0  0  0
  2  9  2  0  0  0  0
  3  7  1  0  0  0  0
  3  8  1  0  0  0  0
  3 19  1  0  0  0  0
  4  5  1  0  0  0  0
  4  6  1  0  0  0  0
  4  9  1  0  0  0  0
  4 10  1  0  0  0  0
  5  7  1  0  0  0  0
  5 11  1  0  0  0  0
  5 12  1  0  0  0  0
  6  8  1  0  0  0  0
  6 13  1  0  0  0  0
  6 14  1  0  0  0  0
  7 15  1  0  0  0  0
  7 16  1  0  0  0  0
  8 17  1  0  0  0  0
  8 18  1  0  0  0  0
M  END
$$$$
