39912
  Marvin  12300703363D          

 33 33  0  0  1  0            999 V2000
    1.3192    3.9383   -2.5334 O   0  0  0  0  0  0  0  0  0  0  0  0
    0.4882    4.7020   -0.7961 O   0  0  0  0  0  0  0  0  0  0  0  0
   -1.3180   -2.7307    0.8854 C   0  0  2  0  0  0  0  0  0  0  0  0
   -0.9997   -2.2952   -0.5801 C   0  0  0  0  0  0  0  0  0  0  0  0
   -0.2534   -1.0143   -0.6555 C   0  0  0  0  0  0  0  0  0  0  0  0
    1.1269    1.4935   -0.6079 C   0  0  0  0  0  0  0  0  0  0  0  0
    1.8530    2.8002   -0.5434 C   0  0  2  0  0  0  0  0  0  0  0  0
   -2.0337   -4.1066    0.9078 C   0  0  0  0  0  0  0  0  0  0  0  0
   -2.1206   -1.6879    1.7166 C   0  0  0  0  0  0  0  0  0  0  0  0
    1.1594   -0.9686   -0.6327 C   0  0  0  0  0  0  0  0  0  0  0  0
   -0.9645    0.2040   -0.6809 C   0  0  0  0  0  0  0  0  0  0  0  0
    1.8346    0.2665   -0.6163 C   0  0  0  0  0  0  0  0  0  0  0  0
   -0.2882    1.4294   -0.6234 C   0  0  0  0  0  0  0  0  0  0  0  0
    2.1648    3.1679    0.9339 C   0  0  0  0  0  0  0  0  0  0  0  0
    1.2130    3.8636   -1.3140 C   0  0  0  0  0  0  0  0  0  0  0  0
   -0.3612   -2.8692    1.4001 H   0  0  0  0  0  0  0  0  0  0  0  0
   -0.4212   -3.0778   -1.0806 H   0  0  0  0  0  0  0  0  0  0  0  0
   -1.9282   -2.2229   -1.1552 H   0  0  0  0  0  0  0  0  0  0  0  0
    2.8398    2.6775   -1.0046 H   0  0  0  0  0  0  0  0  0  0  0  0
   -1.4316   -4.8658    0.4048 H   0  0  0  0  0  0  0  0  0  0  0  0
   -2.1959   -4.4460    1.9329 H   0  0  0  0  0  0  0  0  0  0  0  0
   -3.0032   -4.0493    0.4080 H   0  0  0  0  0  0  0  0  0  0  0  0
   -2.3341   -2.0587    2.7207 H   0  0  0  0  0  0  0  0  0  0  0  0
   -3.0681   -1.4443    1.2311 H   0  0  0  0  0  0  0  0  0  0  0  0
   -1.5560   -0.7635    1.8505 H   0  0  0  0  0  0  0  0  0  0  0  0
    1.7069   -1.8330   -0.6135 H   0  0  0  0  0  0  0  0  0  0  0  0
   -1.9879    0.2125   -0.7113 H   0  0  0  0  0  0  0  0  0  0  0  0
    2.8579    0.2566   -0.5937 H   0  0  0  0  0  0  0  0  0  0  0  0
   -0.8568    2.2777   -0.5864 H   0  0  0  0  0  0  0  0  0  0  0  0
    2.7674    2.3921    1.4127 H   0  0  0  0  0  0  0  0  0  0  0  0
    2.7333    4.0990    0.9901 H   0  0  0  0  0  0  0  0  0  0  0  0
    1.2495    3.2921    1.5170 H   0  0  0  0  0  0  0  0  0  0  0  0
    1.8084    3.3609   -2.9827 H   0  0  0  0  0  0  0  0  0  0  0  0
  1 15  1  0  0  0  0
  1 33  1  0  0  0  0
  2 15  2  0  0  0  0
  3  4  1  0  0  0  0
  3  8  1  0  0  0  0
  3  9  1  0  0  0  0
  3 16  1  0  0  0  0
  4  5  1  0  0  0  0
  4 17  1  0  0  0  0
  4 18  1  0  0  0  0
  5 10  2  0  0  0  0
  5 11  1  0  0  0  0
  6  7  1  0  0  0  0
  6 12  2  0  0  0  0
  6 13  1  0  0  0  0
  7 14  1  0  0  0  0
  7 15  1  0  0  0  0
  7 19  1  0  0  0  0
  8 20  1  0  0  0  0
  8 21  1  0  0  0  0
  8 22  1  0  0  0  0
  9 23  1  0  0  0  0
  9 24  1  0  0  0  0
  9 25  1  0  0  0  0
 10 12  1  0  0  0  0
 10 26  1  0  0  0  0
 11 13  2  0  0  0  0
 11 27  1  0  0  0  0
 12 28  1  0  0  0  0
 13 29  1  0  0  0  0
 14 30  1  0  0  0  0
 14 31  1  0  0  0  0
 14 32  1  0  0  0  0
M  END
> <PUBCHEM_BONDANNOTATIONS>
10  12  8
11  13  8
5  10  8
5  11  8
6  12  8
6  13  8
7  14  6

$$$$
