3883
  Marvin  12300703363D          

 39 41  0  0  1  0            999 V2000
    0.2133    0.6496   -2.1018 S   0  0  0  0  0  0  0  0  0  0  0  0
    1.7070    3.0912    4.8618 F   0  0  0  0  0  0  0  0  0  0  0  0
    3.3363    3.3998    3.3885 F   0  0  0  0  0  0  0  0  0  0  0  0
    3.5960    1.9379    5.0543 F   0  0  0  0  0  0  0  0  0  0  0  0
    3.0209    0.7181    2.5351 O   0  0  0  0  0  0  0  0  0  0  0  0
    0.4597    2.2184   -2.1611 O   0  0  0  0  0  0  0  0  0  0  0  0
   -1.8102   -1.1675   -1.9173 N   0  0  0  0  0  0  0  0  0  0  0  0
   -2.4772    0.9506   -1.9434 N   0  0  0  0  0  0  0  0  0  0  0  0
    1.9140   -2.0394   -0.1459 N   0  0  0  0  0  0  0  0  0  0  0  0
    1.5911   -0.5175   -1.9892 C   0  0  0  0  0  0  0  0  0  0  0  0
    2.0288   -0.7584   -0.5934 C   0  0  0  0  0  0  0  0  0  0  0  0
    2.5337    0.2330    0.2938 C   0  0  0  0  0  0  0  0  0  0  0  0
   -1.4237    0.1147   -1.9700 C   0  0  0  0  0  0  0  0  0  0  0  0
   -3.1473   -1.1699   -1.8877 C   0  0  0  0  0  0  0  0  0  0  0  0
   -3.5620    0.1633   -1.8973 C   0  0  0  0  0  0  0  0  0  0  0  0
    2.7645   -0.1497    1.6430 C   0  0  0  0  0  0  0  0  0  0  0  0
    2.8166    1.6373   -0.1092 C   0  0  0  0  0  0  0  0  0  0  0  0
   -4.0772   -2.2230   -1.8665 C   0  0  0  0  0  0  0  0  0  0  0  0
    2.6666   -1.4984    2.0403 C   0  0  0  0  0  0  0  0  0  0  0  0
   -4.9277    0.4942   -1.8771 C   0  0  0  0  0  0  0  0  0  0  0  0
    2.2303   -2.4474    1.1060 C   0  0  0  0  0  0  0  0  0  0  0  0
   -5.4494   -1.9016   -1.8628 C   0  0  0  0  0  0  0  0  0  0  0  0
   -5.8732   -0.5535   -1.8658 C   0  0  0  0  0  0  0  0  0  0  0  0
    2.0885    1.3441    3.2735 C   0  0  0  0  0  0  0  0  0  0  0  0
    2.6973    2.4538    4.1534 C   0  0  1  0  0  0  0  0  0  0  0  0
    1.2523   -1.4371   -2.4729 H   0  0  0  0  0  0  0  0  0  0  0  0
    2.4267   -0.1450   -2.5824 H   0  0  0  0  0  0  0  0  0  0  0  0
   -1.2305   -1.9455   -1.9171 H   0  0  0  0  0  0  0  0  0  0  0  0
    3.8010    1.9471    0.2460 H   0  0  0  0  0  0  0  0  0  0  0  0
    2.0661    2.3074    0.3125 H   0  0  0  0  0  0  0  0  0  0  0  0
    2.8413    1.7930   -1.1857 H   0  0  0  0  0  0  0  0  0  0  0  0
   -3.7604   -3.1947   -1.8621 H   0  0  0  0  0  0  0  0  0  0  0  0
    2.8907   -1.7875    2.9964 H   0  0  0  0  0  0  0  0  0  0  0  0
   -5.2266    1.4715   -1.8786 H   0  0  0  0  0  0  0  0  0  0  0  0
    2.1344   -3.4312    1.3636 H   0  0  0  0  0  0  0  0  0  0  0  0
   -6.1439   -2.6519   -1.8602 H   0  0  0  0  0  0  0  0  0  0  0  0
   -6.8709   -0.3337   -1.8630 H   0  0  0  0  0  0  0  0  0  0  0  0
    1.5713    0.6213    3.9125 H   0  0  0  0  0  0  0  0  0  0  0  0
    1.3321    1.8068    2.6299 H   0  0  0  0  0  0  0  0  0  0  0  0
  1  6  2  0  0  0  0
  1 10  1  0  0  0  0
  1 13  1  0  0  0  0
  2 25  1  0  0  0  0
  3 25  1  0  0  0  0
  4 25  1  0  0  0  0
  5 16  1  0  0  0  0
  5 24  1  0  0  0  0
  7 13  1  0  0  0  0
  7 14  1  0  0  0  0
  7 28  1  0  0  0  0
  8 13  2  0  0  0  0
  8 15  1  0  0  0  0
  9 11  2  0  0  0  0
  9 21  1  0  0  0  0
 10 11  1  0  0  0  0
 10 26  1  0  0  0  0
 10 27  1  0  0  0  0
 11 12  1  0  0  0  0
 12 16  2  0  0  0  0
 12 17  1  0  0  0  0
 14 15  1  0  0  0  0
 14 18  2  0  0  0  0
 15 20  2  0  0  0  0
 16 19  1  0  0  0  0
 17 29  1  0  0  0  0
 17 30  1  0  0  0  0
 17 31  1  0  0  0  0
 18 22  1  0  0  0  0
 18 32  1  0  0  0  0
 19 21  2  0  0  0  0
 19 33  1  0  0  0  0
 20 23  1  0  0  0  0
 20 34  1  0  0  0  0
 21 35  1  0  0  0  0
 22 23  2  0  0  0  0
 22 36  1  0  0  0  0
 23 37  1  0  0  0  0
 24 25  1  0  0  0  0
 24 38  1  0  0  0  0
 24 39  1  0  0  0  0
M  END
> <PUBCHEM_BONDANNOTATIONS>
1  10  3
11  12  8
12  16  8
14  15  8
14  18  8
15  20  8
16  19  8
18  22  8
19  21  8
20  23  8
22  23  8
7  13  8
7  14  8
8  13  8
8  15  8
9  11  8
9  21  8

$$$$
