3893
  Marvin  12300703363D          

 38 37  0  0  0  0            999 V2000
   -6.6661    4.5387   -0.0000 O   0  0  0  0  0  0  0  0  0  0  0  0
   -4.7749    5.4025   -0.0000 O   0  0  0  0  0  0  0  0  0  0  0  0
    0.8157   -0.0015   -0.0000 C   0  0  0  0  0  0  0  0  0  0  0  0
   -0.7274    0.0212    0.0000 C   0  0  0  0  0  0  0  0  0  0  0  0
    1.3684   -1.4420   -0.0000 C   0  0  0  0  0  0  0  0  0  0  0  0
   -1.2754    1.4637    0.0000 C   0  0  0  0  0  0  0  0  0  0  0  0
    2.9120   -1.4729    0.0000 C   0  0  0  0  0  0  0  0  0  0  0  0
   -2.8185    1.5082   -0.0000 C   0  0  0  0  0  0  0  0  0  0  0  0
    3.4596   -2.9174   -0.0000 C   0  0  0  0  0  0  0  0  0  0  0  0
   -3.3472    2.9610   -0.0000 C   0  0  0  0  0  0  0  0  0  0  0  0
    5.0042   -2.9732   -0.0000 C   0  0  0  0  0  0  0  0  0  0  0  0
   -4.8920    3.0488    0.0000 C   0  0  0  0  0  0  0  0  0  0  0  0
    5.5417   -4.4178    0.0000 C   0  0  0  0  0  0  0  0  0  0  0  0
   -5.4529    4.3848    0.0000 C   0  0  0  0  0  0  0  0  0  0  0  0
    1.1853    0.5262    0.8845 H   0  0  0  0  0  0  0  0  0  0  0  0
    1.1853    0.5262   -0.8845 H   0  0  0  0  0  0  0  0  0  0  0  0
   -1.0974   -0.5056   -0.8847 H   0  0  0  0  0  0  0  0  0  0  0  0
   -1.0974   -0.5056    0.8847 H   0  0  0  0  0  0  0  0  0  0  0  0
    0.9958   -1.9674    0.8845 H   0  0  0  0  0  0  0  0  0  0  0  0
    0.9958   -1.9674   -0.8845 H   0  0  0  0  0  0  0  0  0  0  0  0
   -0.8994    1.9870   -0.8844 H   0  0  0  0  0  0  0  0  0  0  0  0
   -0.8994    1.9870    0.8844 H   0  0  0  0  0  0  0  0  0  0  0  0
    3.2815   -0.9451   -0.8843 H   0  0  0  0  0  0  0  0  0  0  0  0
    3.2815   -0.9451    0.8843 H   0  0  0  0  0  0  0  0  0  0  0  0
   -3.1935    0.9840   -0.8841 H   0  0  0  0  0  0  0  0  0  0  0  0
   -3.1935    0.9840    0.8841 H   0  0  0  0  0  0  0  0  0  0  0  0
    3.0806   -3.4392   -0.8839 H   0  0  0  0  0  0  0  0  0  0  0  0
    3.0806   -3.4392    0.8839 H   0  0  0  0  0  0  0  0  0  0  0  0
   -2.9595    3.4756   -0.8846 H   0  0  0  0  0  0  0  0  0  0  0  0
   -2.9595    3.4756    0.8846 H   0  0  0  0  0  0  0  0  0  0  0  0
    5.3870   -2.4542   -0.8832 H   0  0  0  0  0  0  0  0  0  0  0  0
    5.3870   -2.4542    0.8832 H   0  0  0  0  0  0  0  0  0  0  0  0
   -5.2676    2.5237   -0.8829 H   0  0  0  0  0  0  0  0  0  0  0  0
   -5.2676    2.5237    0.8829 H   0  0  0  0  0  0  0  0  0  0  0  0
    6.6322   -4.4085    0.0000 H   0  0  0  0  0  0  0  0  0  0  0  0
    5.1990   -4.9533   -0.8877 H   0  0  0  0  0  0  0  0  0  0  0  0
    5.1990   -4.9533    0.8877 H   0  0  0  0  0  0  0  0  0  0  0  0
   -7.2029    3.8409    0.0000 H   0  0  0  0  0  0  0  0  0  0  0  0
  1 14  1  0  0  0  0
  1 38  1  0  0  0  0
  2 14  2  0  0  0  0
  3  4  1  0  0  0  0
  3  5  1  0  0  0  0
  3 15  1  0  0  0  0
  3 16  1  0  0  0  0
  4  6  1  0  0  0  0
  4 17  1  0  0  0  0
  4 18  1  0  0  0  0
  5  7  1  0  0  0  0
  5 19  1  0  0  0  0
  5 20  1  0  0  0  0
  6  8  1  0  0  0  0
  6 21  1  0  0  0  0
  6 22  1  0  0  0  0
  7  9  1  0  0  0  0
  7 23  1  0  0  0  0
  7 24  1  0  0  0  0
  8 10  1  0  0  0  0
  8 25  1  0  0  0  0
  8 26  1  0  0  0  0
  9 11  1  0  0  0  0
  9 27  1  0  0  0  0
  9 28  1  0  0  0  0
 10 12  1  0  0  0  0
 10 29  1  0  0  0  0
 10 30  1  0  0  0  0
 11 13  1  0  0  0  0
 11 31  1  0  0  0  0
 11 32  1  0  0  0  0
 12 14  1  0  0  0  0
 12 33  1  0  0  0  0
 12 34  1  0  0  0  0
 13 35  1  0  0  0  0
 13 36  1  0  0  0  0
 13 37  1  0  0  0  0
M  END
$$$$
