
  ACD/Labs03221914022D

 14 13  0  0  0  0  0  0  0  0  1 V2000
   13.8317   -1.9918    0.0000 C   0  0  0  0  0  0  0  0  0  0  0  0
   12.6836   -1.3278    0.0000 C   0  0  0  0  0  0  0  0  0  0  0  0
   11.5218   -1.9918    0.0000 C   0  0  0  0  0  0  0  0  0  0  0  0
   10.3738   -1.3278    0.0000 C   0  0  0  0  0  0  0  0  0  0  0  0
    9.2257   -1.9918    0.0000 C   0  0  0  0  0  0  0  0  0  0  0  0
    8.0639   -1.3278    0.0000 C   0  0  0  0  0  0  0  0  0  0  0  0
    6.9158   -1.9918    0.0000 C   0  0  0  0  0  0  0  0  0  0  0  0
    5.7678   -1.3278    0.0000 C   0  0  0  0  0  0  0  0  0  0  0  0
    4.6059   -1.9918    0.0000 C   0  0  0  0  0  0  0  0  0  0  0  0
    3.4579   -1.3278    0.0000 C   0  0  0  0  0  0  0  0  0  0  0  0
    2.3099   -1.9918    0.0000 C   0  0  0  0  0  0  0  0  0  0  0  0
    1.1480   -1.3278    0.0000 C   0  0  0  0  0  0  0  0  0  0  0  0
    1.1480    0.0000    0.0000 O   0  0  0  0  0  0  0  0  0  0  0  0
    0.0000   -1.9918    0.0000 O   0  0  0  0  0  0  0  0  0  0  0  0
  1  2  1  0  0  0  0
  2  3  1  0  0  0  0
  3  4  1  0  0  0  0
  4  5  1  0  0  0  0
  5  6  1  0  0  0  0
  6  7  1  0  0  0  0
  7  8  1  0  0  0  0
  8  9  1  0  0  0  0
  9 10  1  0  0  0  0
 10 11  1  0  0  0  0
 11 12  1  0  0  0  0
 12 13  2  0  0  0  0
 12 14  1  0  0  0  0
M  END
