
  ACD/Labs03221914022D

 13 14  0  0  0  0  0  0  0  0  1 V2000
    5.7623   -1.3311    0.0000 C   0  0  0  0  0  0  0  0  0  0  0  0
    4.6098   -1.9938    0.0000 C   0  0  0  0  0  0  0  0  0  0  0  0
    4.6098   -3.3248    0.0000 C   0  0  0  0  0  0  0  0  0  0  0  0
    3.4574   -3.9875    0.0000 C   0  0  0  0  0  0  0  0  0  0  0  0
    2.3049   -3.3248    0.0000 C   0  0  0  0  0  0  0  0  0  0  0  0
    1.1525   -3.9875    0.0000 C   0  0  0  0  0  0  0  0  0  0  0  0
    0.0000   -3.3248    0.0000 C   0  0  0  0  0  0  0  0  0  0  0  0
    0.0000   -1.9938    0.0000 C   0  0  0  0  0  0  0  0  0  0  0  0
    1.1525   -1.3311    0.0000 C   0  0  0  0  0  0  0  0  0  0  0  0
    2.3049   -1.9938    0.0000 C   0  0  0  0  0  0  0  0  0  0  0  0
    3.4574   -1.3311    0.0000 C   0  0  0  0  0  0  0  0  0  0  0  0
    3.4574    0.0000    0.0000 O   0  0  0  0  0  0  0  0  0  0  0  0
    3.4574   -5.3186    0.0000 O   0  0  0  0  0  0  0  0  0  0  0  0
  1  2  1  0  0  0  0
  2  3  2  0  0  0  0
  2 11  1  0  0  0  0
  3  4  1  0  0  0  0
  4  5  1  0  0  0  0
  4 13  2  0  0  0  0
  5  6  2  0  0  0  0
  5 10  1  0  0  0  0
  6  7  1  0  0  0  0
  7  8  2  0  0  0  0
  8  9  1  0  0  0  0
  9 10  2  0  0  0  0
 10 11  1  0  0  0  0
 11 12  2  0  0  0  0
M  END
