
  ACD/Labs04281710482D

 17 18  0  0  0  0  0  0  0  0  1 V2000
    9.2219    0.0000    0.0000 O   0  0  0  0  0  0  0  0  0  0  0  0
    8.0784   -0.6732    0.0000 C   0  0  0  0  0  0  0  0  0  0  0  0
    6.8795   -0.0092    0.0000 C   0  0  0  0  0  0  0  0  0  0  0  0
    5.7545   -0.6732    0.0000 C   0  0  0  0  0  0  0  0  0  0  0  0
    5.7545   -2.0012    0.0000 C   0  0  0  0  0  0  0  0  0  0  0  0
    6.8795   -2.6651    0.0000 C   0  0  0  0  0  0  0  0  0  0  0  0
    8.0784   -2.0012    0.0000 C   0  0  0  0  0  0  0  0  0  0  0  0
    4.6017   -2.6559    0.0000 C   0  0  0  0  0  0  0  0  0  0  0  0
    4.6017   -3.9839    0.0000 C   0  0  0  0  0  0  0  0  0  0  0  0
    3.4490   -4.6478    0.0000 C   0  0  0  0  0  0  0  0  0  0  0  0
    2.2963   -3.9746    0.0000 C   0  0  0  0  0  0  0  0  0  0  0  0
    1.1435   -4.6294    0.0000 C   0  0  0  0  0  0  0  0  0  0  0  0
    0.0000   -3.9654    0.0000 O   0  0  0  0  0  0  0  0  0  0  0  0
    1.1435   -5.9573    0.0000 C   0  0  0  0  0  0  0  0  0  0  0  0
    2.2870   -6.6305    0.0000 C   0  0  0  0  0  0  0  0  0  0  0  0
    2.2778   -7.9585    0.0000 O   0  0  0  0  0  0  0  0  0  0  0  0
    3.4398   -5.9758    0.0000 C   0  0  0  0  0  0  0  0  0  0  0  0
  1  2  1  0  0  0  0
  2  3  2  0  0  0  0
  2  7  1  0  0  0  0
  3  4  1  0  0  0  0
  4  5  2  0  0  0  0
  5  6  1  0  0  0  0
  5  8  1  0  0  0  0
  6  7  2  0  0  0  0
  8  9  2  0  0  0  0
  9 10  1  0  0  0  0
 10 11  2  0  0  0  0
 10 17  1  0  0  0  0
 11 12  1  0  0  0  0
 12 13  1  0  0  0  0
 12 14  2  0  0  0  0
 14 15  1  0  0  0  0
 15 16  1  0  0  0  0
 15 17  2  0  0  0  0
M  END
