445154
  Marvin  12310709493D          

 29 30  0  0  0  0            999 V2000
   -0.1664    5.2611   -0.2626 O   0  0  0  0  0  0  0  0  0  0  0  0
    3.8707    3.0132   -0.2806 O   0  0  0  0  0  0  0  0  0  0  0  0
   -2.4612   -5.4822    0.3445 O   0  0  0  0  0  0  0  0  0  0  0  0
    0.5107    1.7229   -0.2610 C   0  0  0  0  0  0  0  0  0  0  0  0
   -0.5260   -1.8548    0.2927 C   0  0  0  0  0  0  0  0  0  0  0  0
   -0.2026    0.5292   -0.2573 C   0  0  0  0  0  0  0  0  0  0  0  0
    0.1699   -0.6410    0.2957 C   0  0  0  0  0  0  0  0  0  0  0  0
    1.9257    1.7717   -0.2788 C   0  0  0  0  0  0  0  0  0  0  0  0
   -0.1955    2.9515   -0.2646 C   0  0  0  0  0  0  0  0  0  0  0  0
    0.4823    4.1852   -0.2650 C   0  0  0  0  0  0  0  0  0  0  0  0
    2.6148    2.9993   -0.2744 C   0  0  0  0  0  0  0  0  0  0  0  0
    0.0554   -2.9955    0.9077 C   0  0  0  0  0  0  0  0  0  0  0  0
   -1.8030   -2.0303   -0.3014 C   0  0  0  0  0  0  0  0  0  0  0  0
    1.8898    4.2058   -0.2658 C   0  0  0  0  0  0  0  0  0  0  0  0
   -0.5995   -4.2412    0.9284 C   0  0  0  0  0  0  0  0  0  0  0  0
   -2.4663   -3.2679   -0.2870 C   0  0  0  0  0  0  0  0  0  0  0  0
   -1.8654   -4.3782    0.3303 C   0  0  0  0  0  0  0  0  0  0  0  0
   -1.0826    0.5737   -0.7110 H   0  0  0  0  0  0  0  0  0  0  0  0
    1.0434   -0.6361    0.7725 H   0  0  0  0  0  0  0  0  0  0  0  0
    2.4769    0.9095   -0.3080 H   0  0  0  0  0  0  0  0  0  0  0  0
   -1.2209    2.9608   -0.2591 H   0  0  0  0  0  0  0  0  0  0  0  0
    0.9756   -2.9434    1.3556 H   0  0  0  0  0  0  0  0  0  0  0  0
   -2.2979   -1.2680   -0.7653 H   0  0  0  0  0  0  0  0  0  0  0  0
    2.3872    5.1001   -0.2617 H   0  0  0  0  0  0  0  0  0  0  0  0
   -0.1505   -5.0426    1.3792 H   0  0  0  0  0  0  0  0  0  0  0  0
   -3.3858   -3.3507   -0.7285 H   0  0  0  0  0  0  0  0  0  0  0  0
   -1.0475    5.2518   -0.2620 H   0  0  0  0  0  0  0  0  0  0  0  0
    4.3238    2.2573   -0.2832 H   0  0  0  0  0  0  0  0  0  0  0  0
   -3.2552   -5.5611   -0.0290 H   0  0  0  0  0  0  0  0  0  0  0  0
  1 10  1  0  0  0  0
  1 27  1  0  0  0  0
  2 11  1  0  0  0  0
  2 28  1  0  0  0  0
  3 17  1  0  0  0  0
  3 29  1  0  0  0  0
  4  6  1  0  0  0  0
  4  8  2  0  0  0  0
  4  9  1  0  0  0  0
  5  7  1  0  0  0  0
  5 12  2  0  0  0  0
  5 13  1  0  0  0  0
  6  7  2  0  0  0  0
  6 18  1  0  0  0  0
  7 19  1  0  0  0  0
  8 11  1  0  0  0  0
  8 20  1  0  0  0  0
  9 10  2  0  0  0  0
  9 21  1  0  0  0  0
 10 14  1  0  0  0  0
 11 14  2  0  0  0  0
 12 15  1  0  0  0  0
 12 22  1  0  0  0  0
 13 16  2  0  0  0  0
 13 23  1  0  0  0  0
 14 24  1  0  0  0  0
 15 17  2  0  0  0  0
 15 25  1  0  0  0  0
 16 17  1  0  0  0  0
 16 26  1  0  0  0  0
M  END
> <PUBCHEM_BONDANNOTATIONS>
10  14  8
11  14  8
12  15  8
13  16  8
15  17  8
16  17  8
4  8  8
4  9  8
5  12  8
5  13  8
8  11  8
9  10  8

$$$$
