
  ACD/Labs06251410102D

 15 16  0  0  0  0  0  0  0  0  1 V2000
    1.1542   -5.3218    0.0000 C   0  0  0  0  0  0  0  0  0  0  0  0
    1.1542   -3.9948    0.0000 O   0  0  0  0  0  0  0  0  0  0  0  0
    2.3015   -3.3244    0.0000 C   0  0  0  0  0  0  0  0  0  0  0  0
    3.4557   -3.9948    0.0000 C   0  0  0  0  0  0  0  0  0  0  0  0
    4.6100   -3.3244    0.0000 C   0  0  0  0  0  0  0  0  0  0  0  0
    5.7573   -3.9948    0.0000 N   0  0  0  0  0  0  0  0  0  0  0  0
    6.9115   -3.3244    0.0000 C   0  0  0  0  0  0  0  0  0  0  0  0
    6.9115   -1.9974    0.0000 C   0  0  0  0  0  0  0  0  0  0  0  0
    5.7573   -1.3339    0.0000 C   0  0  0  0  0  0  0  0  0  0  0  0
    5.7573    0.0000    0.0000 Cl  0  0  0  0  0  0  0  0  0  0  0  0
    4.6100   -1.9974    0.0000 C   0  0  0  0  0  0  0  0  0  0  0  0
    3.4557   -1.3339    0.0000 C   0  0  0  0  0  0  0  0  0  0  0  0
    2.3015   -1.9974    0.0000 C   0  0  0  0  0  0  0  0  0  0  0  0
    1.1542   -1.3339    0.0000 O   0  0  0  0  0  0  0  0  0  0  0  0
    0.0000   -1.9974    0.0000 C   0  0  0  0  0  0  0  0  0  0  0  0
  1  2  1  0  0  0  0
  2  3  1  0  0  0  0
  3  4  1  0  0  0  0
  3 13  2  0  0  0  0
  4  5  2  0  0  0  0
  5  6  1  0  0  0  0
  5 11  1  0  0  0  0
  6  7  2  0  0  0  0
  7  8  1  0  0  0  0
  8  9  2  0  0  0  0
  9 10  1  0  0  0  0
  9 11  1  0  0  0  0
 11 12  2  0  0  0  0
 12 13  1  0  0  0  0
 13 14  1  0  0  0  0
 14 15  1  0  0  0  0
M  END
