
  ACD/Labs04281710562D

 17 18  0  0  0  0  0  0  0  0  1 V2000
    0.0000   -0.6565    0.0000 C   0  0  0  0  0  0  0  0  0  0  0  0
    1.1518    0.0000    0.0000 O   0  0  0  0  0  0  0  0  0  0  0  0
    2.3036   -0.6565    0.0000 C   0  0  0  0  0  0  0  0  0  0  0  0
    2.3036   -1.9927    0.0000 C   0  0  0  0  0  0  0  0  0  0  0  0
    3.4555   -2.6607    0.0000 C   0  0  0  0  0  0  0  0  0  0  0  0
    4.6073   -1.9927    0.0000 C   0  0  0  0  0  0  0  0  0  0  0  0
    4.6073   -0.6565    0.0000 C   0  0  0  0  0  0  0  0  0  0  0  0
    3.4555    0.0000    0.0000 C   0  0  0  0  0  0  0  0  0  0  0  0
    5.7591    0.0000    0.0000 C   0  0  0  0  0  0  0  0  0  0  0  0
    6.9109   -0.6565    0.0000 C   0  0  0  0  0  0  0  0  0  0  0  0
    6.9109   -1.9927    0.0000 C   0  0  0  0  0  0  0  0  0  0  0  0
    5.7591   -2.6607    0.0000 C   0  0  0  0  0  0  0  0  0  0  0  0
    8.0627   -2.6607    0.0000 C   0  0  0  0  0  0  0  0  0  0  0  0
    9.2146   -1.9927    0.0000 C   0  0  0  0  0  0  0  0  0  0  0  0
   10.3664   -2.6607    0.0000 C   0  0  0  0  0  0  0  0  0  0  0  0
   10.3664   -3.9853    0.0000 O   0  0  0  0  0  0  0  0  0  0  0  0
   11.5182   -1.9927    0.0000 C   0  0  0  0  0  0  0  0  0  0  0  0
  1  2  1  0  0  0  0
  2  3  1  0  0  0  0
  3  4  1  0  0  0  0
  3  8  2  0  0  0  0
  4  5  2  0  0  0  0
  5  6  1  0  0  0  0
  6  7  1  0  0  0  0
  6 12  2  0  0  0  0
  7  8  1  0  0  0  0
  7  9  2  0  0  0  0
  9 10  1  0  0  0  0
 10 11  2  0  0  0  0
 11 12  1  0  0  0  0
 11 13  1  0  0  0  0
 13 14  1  0  0  0  0
 14 15  1  0  0  0  0
 15 16  2  0  0  0  0
 15 17  1  0  0  0  0
M  END
