4409
  Marvin  12300703363D          

 33 34  0  0  0  0            999 V2000
    1.8619   -4.8209   -0.2513 O   0  0  0  0  0  0  0  0  0  0  0  0
   -2.1877    4.7345    2.1024 O   0  0  0  0  0  0  0  0  0  0  0  0
   -0.1063    1.2035   -0.4661 C   0  0  0  0  0  0  0  0  0  0  0  0
   -0.8384    2.4950   -0.4932 C   0  0  0  0  0  0  0  0  0  0  0  0
   -0.1338   -1.2588   -0.4828 C   0  0  0  0  0  0  0  0  0  0  0  0
    1.2899   -1.2736   -0.4734 C   0  0  0  0  0  0  0  0  0  0  0  0
   -0.8116   -0.0205   -0.4687 C   0  0  0  0  0  0  0  0  0  0  0  0
   -1.1977    3.0577    0.9071 C   0  0  0  0  0  0  0  0  0  0  0  0
    1.3054    1.1695   -0.4515 C   0  0  0  0  0  0  0  0  0  0  0  0
    1.9985   -0.0531   -0.4624 C   0  0  0  0  0  0  0  0  0  0  0  0
   -0.8448   -2.4794   -0.5009 C   0  0  0  0  0  0  0  0  0  0  0  0
    1.9694   -2.5108   -0.4514 C   0  0  0  0  0  0  0  0  0  0  0  0
    1.2502   -3.7219   -0.4003 C   0  0  0  0  0  0  0  0  0  0  0  0
   -0.1567   -3.7035   -0.4640 C   0  0  0  0  0  0  0  0  0  0  0  0
   -1.9347    4.3132    0.9804 C   0  0  0  0  0  0  0  0  0  0  0  0
   -2.4121    5.1308   -0.1192 C   0  0  0  0  0  0  0  0  0  0  0  0
    2.2142   -5.3370    0.9317 C   0  0  0  0  0  0  0  0  0  0  0  0
   -1.7568    2.3683   -1.0737 H   0  0  0  0  0  0  0  0  0  0  0  0
   -0.2445    3.2364   -1.0353 H   0  0  0  0  0  0  0  0  0  0  0  0
   -1.8359   -0.0077   -0.4606 H   0  0  0  0  0  0  0  0  0  0  0  0
   -1.7849    2.3010    1.4368 H   0  0  0  0  0  0  0  0  0  0  0  0
   -0.2653    3.1886    1.4650 H   0  0  0  0  0  0  0  0  0  0  0  0
    1.8471    2.0376   -0.4342 H   0  0  0  0  0  0  0  0  0  0  0  0
    3.0221   -0.0369   -0.4567 H   0  0  0  0  0  0  0  0  0  0  0  0
   -1.8678   -2.4947   -0.5285 H   0  0  0  0  0  0  0  0  0  0  0  0
    2.9931   -2.5411   -0.4484 H   0  0  0  0  0  0  0  0  0  0  0  0
   -0.6860   -4.5791   -0.4625 H   0  0  0  0  0  0  0  0  0  0  0  0
   -3.4974    5.2319   -0.0630 H   0  0  0  0  0  0  0  0  0  0  0  0
   -1.9637    6.1241   -0.0644 H   0  0  0  0  0  0  0  0  0  0  0  0
   -2.1829    4.7351   -1.1078 H   0  0  0  0  0  0  0  0  0  0  0  0
    2.7486   -6.2708    0.7636 H   0  0  0  0  0  0  0  0  0  0  0  0
    2.8734   -4.6643    1.4877 H   0  0  0  0  0  0  0  0  0  0  0  0
    1.3356   -5.5534    1.5457 H   0  0  0  0  0  0  0  0  0  0  0  0
  1 13  1  0  0  0  0
  1 17  1  0  0  0  0
  2 15  2  0  0  0  0
  3  4  1  0  0  0  0
  3  7  2  0  0  0  0
  3  9  1  0  0  0  0
  4  8  1  0  0  0  0
  4 18  1  0  0  0  0
  4 19  1  0  0  0  0
  5  6  2  0  0  0  0
  5  7  1  0  0  0  0
  5 11  1  0  0  0  0
  6 10  1  0  0  0  0
  6 12  1  0  0  0  0
  7 20  1  0  0  0  0
  8 15  1  0  0  0  0
  8 21  1  0  0  0  0
  8 22  1  0  0  0  0
  9 10  2  0  0  0  0
  9 23  1  0  0  0  0
 10 24  1  0  0  0  0
 11 14  2  0  0  0  0
 11 25  1  0  0  0  0
 12 13  2  0  0  0  0
 12 26  1  0  0  0  0
 13 14  1  0  0  0  0
 14 27  1  0  0  0  0
 15 16  1  0  0  0  0
 16 28  1  0  0  0  0
 16 29  1  0  0  0  0
 16 30  1  0  0  0  0
 17 31  1  0  0  0  0
 17 32  1  0  0  0  0
 17 33  1  0  0  0  0
M  END
> <PUBCHEM_BONDANNOTATIONS>
11  14  8
12  13  8
13  14  8
3  7  8
3  9  8
5  11  8
5  6  8
5  7  8
6  10  8
6  12  8
9  10  8

$$$$
