
  ACD/Labs03221914022D

 17 18  0  0  0  0  0  0  0  0  1 V2000
    5.7575   -5.9832    0.0000 C   0  0  0  0  0  0  0  0  0  0  0  0
    4.6043   -5.3220    0.0000 C   0  0  0  0  0  0  0  0  0  0  0  0
    4.6043   -3.9915    0.0000 N   0  0  0  0  0  0  0  0  0  0  0  0
    5.7575   -3.3222    0.0000 C   0  0  0  0  0  0  0  0  0  0  0  0
    5.7575   -1.9917    0.0000 C   0  0  0  0  0  0  0  0  0  0  0  0
    4.6043   -1.3305    0.0000 C   0  0  0  0  0  0  0  0  0  0  0  0
    3.4593   -1.9917    0.0000 C   0  0  0  0  0  0  0  0  0  0  0  0
    2.3062   -1.3305    0.0000 C   0  0  0  0  0  0  0  0  0  0  0  0
    1.1531   -1.9917    0.0000 C   0  0  0  0  0  0  0  0  0  0  0  0
    1.1531   -3.3222    0.0000 C   0  0  0  0  0  0  0  0  0  0  0  0
    0.0000   -3.9915    0.0000 C   0  0  0  0  0  0  0  0  0  0  0  0
    2.3062   -3.9915    0.0000 N   0  0  0  0  0  0  0  0  0  0  0  0
    3.4593   -3.3222    0.0000 C   0  0  0  0  0  0  0  0  0  0  0  0
    4.6043    0.0000    0.0000 O   0  0  0  0  0  0  0  0  0  0  0  0
    6.9106   -1.3305    0.0000 C   0  0  0  0  0  0  0  0  0  0  0  0
    6.9106    0.0000    0.0000 O   0  0  0  0  0  0  0  0  0  0  0  0
    8.0637   -1.9917    0.0000 O   0  0  0  0  0  0  0  0  0  0  0  0
  1  2  1  0  0  0  0
  2  3  1  0  0  0  0
  3  4  1  0  0  0  0
  3 13  1  0  0  0  0
  4  5  2  0  0  0  0
  5  6  1  0  0  0  0
  5 15  1  0  0  0  0
  6  7  1  0  0  0  0
  6 14  2  0  0  0  0
  7  8  2  0  0  0  0
  7 13  1  0  0  0  0
  8  9  1  0  0  0  0
  9 10  2  0  0  0  0
 10 11  1  0  0  0  0
 10 12  1  0  0  0  0
 12 13  2  0  0  0  0
 15 16  2  0  0  0  0
 15 17  1  0  0  0  0
M  END
