5111791
  Marvin  12300716493D          

 18 18  0  0  0  0            999 V2000
   -0.6834    3.7626   -0.0035 O   0  5  0  0  0  0  0  0  0  0  0  0
   -2.3622    2.7948    0.0026 O   0  0  0  0  0  0  0  0  0  0  0  0
   -1.1952   -2.0597    0.0830 N   0  0  0  0  0  0  0  0  0  0  0  0
    1.6029   -2.0571   -0.0843 N   0  0  0  0  0  0  0  0  0  0  0  0
   -1.1965    2.7086    0.0050 N   0  3  0  0  0  0  0  0  0  0  0  0
   -0.5042   -0.9383    0.0298 C   0  0  0  0  0  0  0  0  0  0  0  0
    0.9073   -0.9401   -0.0267 C   0  0  0  0  0  0  0  0  0  0  0  0
   -0.5263    1.5418    0.0106 C   0  0  0  0  0  0  0  0  0  0  0  0
   -1.1963    0.2911    0.0368 C   0  0  0  0  0  0  0  0  0  0  0  0
    1.6008    0.2856   -0.0313 C   0  0  0  0  0  0  0  0  0  0  0  0
    0.8920    1.4997   -0.0097 C   0  0  0  0  0  0  0  0  0  0  0  0
   -2.2204    0.2703    0.0634 H   0  0  0  0  0  0  0  0  0  0  0  0
    2.6241    0.3087   -0.0548 H   0  0  0  0  0  0  0  0  0  0  0  0
    1.4390    2.3639   -0.0139 H   0  0  0  0  0  0  0  0  0  0  0  0
   -2.1302   -2.0361    0.0866 H   0  0  0  0  0  0  0  0  0  0  0  0
   -0.7564   -2.8833    0.1258 H   0  0  0  0  0  0  0  0  0  0  0  0
    2.5378   -2.0298   -0.0887 H   0  0  0  0  0  0  0  0  0  0  0  0
    1.1673   -2.8826   -0.1305 H   0  0  0  0  0  0  0  0  0  0  0  0
  1  5  1  0  0  0  0
  2  5  2  0  0  0  0
  3  6  1  0  0  0  0
  3 15  1  0  0  0  0
  3 16  1  0  0  0  0
  4  7  1  0  0  0  0
  4 17  1  0  0  0  0
  4 18  1  0  0  0  0
  5  8  1  0  0  0  0
  6  7  2  0  0  0  0
  6  9  1  0  0  0  0
  7 10  1  0  0  0  0
  8  9  2  0  0  0  0
  8 11  1  0  0  0  0
  9 12  1  0  0  0  0
 10 11  2  0  0  0  0
 10 13  1  0  0  0  0
 11 14  1  0  0  0  0
M  CHG  2   1  -1   5   1
M  END
> <PUBCHEM_BONDANNOTATIONS>
10  11  8
6  7  8
6  9  8
7  10  8
8  11  8
8  9  8

$$$$
