4594
  Marvin  12300703363D          

 43 45  0  0  1  0            999 V2000
    0.8597    1.3022   -2.0906 S   0  0  0  0  0  0  0  0  0  0  0  0
    3.6027    1.4465    2.6143 O   0  0  0  0  0  0  0  0  0  0  0  0
    1.1386    2.8640   -2.1801 O   0  0  0  0  0  0  0  0  0  0  0  0
   -5.6985   -2.1393   -1.6084 O   0  0  0  0  0  0  0  0  0  0  0  0
   -1.1876   -0.5047   -1.9306 N   0  0  0  0  0  0  0  0  0  0  0  0
   -1.8392    1.6131   -1.9897 N   0  0  0  0  0  0  0  0  0  0  0  0
    2.5221   -1.3500   -0.0511 N   0  0  0  0  0  0  0  0  0  0  0  0
    2.2310    0.1366   -1.9128 C   0  0  0  0  0  0  0  0  0  0  0  0
    2.6421   -0.0751   -0.5022 C   0  0  0  0  0  0  0  0  0  0  0  0
    3.1350    0.9164    0.3933 C   0  0  0  0  0  0  0  0  0  0  0  0
   -0.7861    0.7752   -1.9951 C   0  0  0  0  0  0  0  0  0  0  0  0
   -2.5249   -0.5000   -1.8800 C   0  0  0  0  0  0  0  0  0  0  0  0
    3.3386    0.5451    1.7525 C   0  0  0  0  0  0  0  0  0  0  0  0
   -2.9303    0.8355   -1.9212 C   0  0  0  0  0  0  0  0  0  0  0  0
    3.2583   -0.8130    2.1607 C   0  0  0  0  0  0  0  0  0  0  0  0
    3.4542    2.3064   -0.0359 C   0  0  0  0  0  0  0  0  0  0  0  0
   -3.4607   -1.5445   -1.7973 C   0  0  0  0  0  0  0  0  0  0  0  0
    2.8269   -1.7518    1.2029 C   0  0  0  0  0  0  0  0  0  0  0  0
   -4.2956    1.1730   -1.8911 C   0  0  0  0  0  0  0  0  0  0  0  0
   -4.8356   -1.2188   -1.7336 C   0  0  0  0  0  0  0  0  0  0  0  0
   -5.2460    0.1347   -1.8022 C   0  0  0  0  0  0  0  0  0  0  0  0
    3.6136   -1.3058    3.5150 C   0  0  0  0  0  0  0  0  0  0  0  0
    2.7215    2.0975    3.3868 C   0  0  0  0  0  0  0  0  0  0  0  0
   -6.1223   -2.6761   -0.4591 C   0  0  0  0  0  0  0  0  0  0  0  0
    1.8947   -0.7917   -2.3823 H   0  0  0  0  0  0  0  0  0  0  0  0
    3.0769    0.4900   -2.5031 H   0  0  0  0  0  0  0  0  0  0  0  0
   -0.6151   -1.2880   -1.9222 H   0  0  0  0  0  0  0  0  0  0  0  0
    4.4314    2.6061    0.3520 H   0  0  0  0  0  0  0  0  0  0  0  0
    2.6992    2.9993    0.3414 H   0  0  0  0  0  0  0  0  0  0  0  0
    3.5274    2.4301   -1.1166 H   0  0  0  0  0  0  0  0  0  0  0  0
   -3.1434   -2.5167   -1.7760 H   0  0  0  0  0  0  0  0  0  0  0  0
    2.7321   -2.7452    1.4265 H   0  0  0  0  0  0  0  0  0  0  0  0
   -4.5885    2.1523   -1.9302 H   0  0  0  0  0  0  0  0  0  0  0  0
   -6.2419    0.3708   -1.7795 H   0  0  0  0  0  0  0  0  0  0  0  0
    2.7360   -1.7325    4.0041 H   0  0  0  0  0  0  0  0  0  0  0  0
    4.3802   -2.0805    3.4368 H   0  0  0  0  0  0  0  0  0  0  0  0
    4.0181   -0.5316    4.1688 H   0  0  0  0  0  0  0  0  0  0  0  0
    3.2626    2.8277    3.9894 H   0  0  0  0  0  0  0  0  0  0  0  0
    2.1960    1.4208    4.0656 H   0  0  0  0  0  0  0  0  0  0  0  0
    1.9792    2.6373    2.7924 H   0  0  0  0  0  0  0  0  0  0  0  0
   -6.8401   -3.4656   -0.6882 H   0  0  0  0  0  0  0  0  0  0  0  0
   -5.2999   -3.1201    0.1104 H   0  0  0  0  0  0  0  0  0  0  0  0
   -6.6222   -1.9296    0.1659 H   0  0  0  0  0  0  0  0  0  0  0  0
  1  3  2  0  0  0  0
  1  8  1  0  0  0  0
  1 11  1  0  0  0  0
  2 13  1  0  0  0  0
  2 23  1  0  0  0  0
  4 20  1  0  0  0  0
  4 24  1  0  0  0  0
  5 11  1  0  0  0  0
  5 12  1  0  0  0  0
  5 27  1  0  0  0  0
  6 11  2  0  0  0  0
  6 14  1  0  0  0  0
  7  9  2  0  0  0  0
  7 18  1  0  0  0  0
  8  9  1  0  0  0  0
  8 25  1  0  0  0  0
  8 26  1  0  0  0  0
  9 10  1  0  0  0  0
 10 13  2  0  0  0  0
 10 16  1  0  0  0  0
 12 14  2  0  0  0  0
 12 17  1  0  0  0  0
 13 15  1  0  0  0  0
 14 19  1  0  0  0  0
 15 18  2  0  0  0  0
 15 22  1  0  0  0  0
 16 28  1  0  0  0  0
 16 29  1  0  0  0  0
 16 30  1  0  0  0  0
 17 20  2  0  0  0  0
 17 31  1  0  0  0  0
 18 32  1  0  0  0  0
 19 21  2  0  0  0  0
 19 33  1  0  0  0  0
 20 21  1  0  0  0  0
 21 34  1  0  0  0  0
 22 35  1  0  0  0  0
 22 36  1  0  0  0  0
 22 37  1  0  0  0  0
 23 38  1  0  0  0  0
 23 39  1  0  0  0  0
 23 40  1  0  0  0  0
 24 41  1  0  0  0  0
 24 42  1  0  0  0  0
 24 43  1  0  0  0  0
M  END
> <PUBCHEM_BONDANNOTATIONS>
1  8  3
10  13  8
12  14  8
12  17  8
13  15  8
14  19  8
15  18  8
17  20  8
19  21  8
20  21  8
5  11  8
5  12  8
6  11  8
6  14  8
7  18  8
7  9  8
9  10  8

$$$$
