
  ACD/Labs04281710322D

 13 14  0  0  0  0  0  0  0  0  1 V2000
    4.5966    0.0000    0.0000 O   0  0  0  0  0  0  0  0  0  0  0  0
    6.9017    0.0000    0.0000 O   0  0  0  0  0  0  0  0  0  0  0  0
    0.0000   -0.0138    0.0000 O   0  0  0  0  0  0  0  0  0  0  0  0
    3.4440   -2.0084    0.0000 C   0  0  0  0  0  0  0  0  0  0  0  0
    3.4440   -0.6626    0.0000 C   0  0  0  0  0  0  0  0  0  0  0  0
    4.6104   -2.6779    0.0000 C   0  0  0  0  0  0  0  0  0  0  0  0
    5.7630   -0.6557    0.0000 C   0  0  0  0  0  0  0  0  0  0  0  0
    2.2845   -0.0138    0.0000 C   0  0  0  0  0  0  0  0  0  0  0  0
    5.7215   -2.0153    0.0000 C   0  0  0  0  0  0  0  0  0  0  0  0
    2.2845   -2.6848    0.0000 C   0  0  0  0  0  0  0  0  0  0  0  0
    1.1457   -0.6626    0.0000 C   0  0  0  0  0  0  0  0  0  0  0  0
    1.1457   -2.0084    0.0000 C   0  0  0  0  0  0  0  0  0  0  0  0
    4.6104   -4.0030    0.0000 C   0  0  0  0  0  0  0  0  0  0  0  0
  1  5  1  0  0  0  0
  1  7  1  0  0  0  0
  2  7  2  0  0  0  0
  3 11  1  0  0  0  0
  4  5  2  0  0  0  0
  4  6  1  0  0  0  0
  4 10  1  0  0  0  0
  5  8  1  0  0  0  0
  6  9  2  0  0  0  0
  6 13  1  0  0  0  0
  7  9  1  0  0  0  0
  8 11  2  0  0  0  0
 10 12  2  0  0  0  0
 11 12  1  0  0  0  0
M  END
