
  ACD/Labs03221913572D

 10 10  0  0  0  0  0  0  0  0  1 V2000
    0.0093   -3.9894    0.0000 C   0  0  0  0  0  0  0  0  0  0  0  0
    1.1545   -4.6551    0.0000 C   0  0  0  0  0  0  0  0  0  0  0  0
    2.3089   -3.9894    0.0000 C   0  0  0  0  0  0  0  0  0  0  0  0
    2.3089   -2.6581    0.0000 C   0  0  0  0  0  0  0  0  0  0  0  0
    3.4587   -1.9924    0.0000 C   0  0  0  0  0  0  0  0  0  0  0  0
    4.6132   -2.6581    0.0000 O   0  0  0  0  0  0  0  0  0  0  0  0
    1.1545   -1.9924    0.0000 C   0  0  0  0  0  0  0  0  0  0  0  0
    0.0093   -2.6581    0.0000 C   0  0  0  0  0  0  0  0  0  0  0  0
    1.1545   -0.6610    0.0000 C   0  0  0  0  0  0  0  0  0  0  0  0
    0.0000    0.0000    0.0000 O   0  0  0  0  0  0  0  0  0  0  0  0
  1  2  2  0  0  0  0
  1  8  1  0  0  0  0
  2  3  1  0  0  0  0
  3  4  2  0  0  0  0
  4  5  1  0  0  0  0
  4  7  1  0  0  0  0
  5  6  2  0  0  0  0
  7  8  2  0  0  0  0
  7  9  1  0  0  0  0
  9 10  2  0  0  0  0
M  END
