4807
  Marvin  12300703363D          

 16 16  0  0  0  0            999 V2000
   -2.7233   -1.6871   -0.0000 O   0  0  0  0  0  0  0  0  0  0  0  0
    2.7233   -1.6871    0.0000 O   0  0  0  0  0  0  0  0  0  0  0  0
   -0.7174   -0.4976   -0.0000 C   0  0  0  0  0  0  0  0  0  0  0  0
    0.7174   -0.4976   -0.0000 C   0  0  0  0  0  0  0  0  0  0  0  0
   -1.3930    0.7536    0.0000 C   0  0  0  0  0  0  0  0  0  0  0  0
    1.3930    0.7536   -0.0000 C   0  0  0  0  0  0  0  0  0  0  0  0
   -0.6999    1.9738    0.0000 C   0  0  0  0  0  0  0  0  0  0  0  0
    0.6999    1.9738    0.0000 C   0  0  0  0  0  0  0  0  0  0  0  0
   -1.5004   -1.6576    0.0000 C   0  0  0  0  0  0  0  0  0  0  0  0
    1.5004   -1.6576   -0.0000 C   0  0  0  0  0  0  0  0  0  0  0  0
   -2.4153    0.8152   -0.0000 H   0  0  0  0  0  0  0  0  0  0  0  0
    2.4153    0.8152   -0.0000 H   0  0  0  0  0  0  0  0  0  0  0  0
   -1.2112    2.8601    0.0000 H   0  0  0  0  0  0  0  0  0  0  0  0
    1.2112    2.8601   -0.0000 H   0  0  0  0  0  0  0  0  0  0  0  0
   -1.0995   -2.5603    0.0000 H   0  0  0  0  0  0  0  0  0  0  0  0
    1.0995   -2.5603   -0.0000 H   0  0  0  0  0  0  0  0  0  0  0  0
  1  9  2  0  0  0  0
  2 10  2  0  0  0  0
  3  4  1  0  0  0  0
  3  5  2  0  0  0  0
  3  9  1  0  0  0  0
  4  6  2  0  0  0  0
  4 10  1  0  0  0  0
  5  7  1  0  0  0  0
  5 11  1  0  0  0  0
  6  8  1  0  0  0  0
  6 12  1  0  0  0  0
  7  8  2  0  0  0  0
  7 13  1  0  0  0  0
  8 14  1  0  0  0  0
  9 15  1  0  0  0  0
 10 16  1  0  0  0  0
M  END
> <PUBCHEM_BONDANNOTATIONS>
3  4  8
3  5  8
4  6  8
5  7  8
6  8  8
7  8  8

$$$$
