4965
  Marvin  12300703363D          

 21 21  0  0  0  0            999 V2000
   -1.3473   -4.4221    1.3012 Br  0  0  0  0  0  0  0  0  0  0  0  0
    1.2029    2.7228   -0.1484 O   0  0  0  0  0  0  0  0  0  0  0  0
   -2.6444   -2.1607   -0.3397 O   0  0  0  0  0  0  0  0  0  0  0  0
   -0.7332   -0.9219   -0.3814 C   0  0  0  0  0  0  0  0  0  0  0  0
    0.6842   -0.8202   -0.3922 C   0  0  0  0  0  0  0  0  0  0  0  0
   -1.4438    0.3102   -0.3914 C   0  0  0  0  0  0  0  0  0  0  0  0
    0.6102    1.6129   -0.2981 C   0  0  0  0  0  0  0  0  0  0  0  0
    1.3490    0.4178   -0.3596 C   0  0  0  0  0  0  0  0  0  0  0  0
   -0.7947    1.5573   -0.3587 C   0  0  0  0  0  0  0  0  0  0  0  0
   -1.4177   -2.1504   -0.3514 C   0  0  0  0  0  0  0  0  0  0  0  0
   -0.8665   -3.4978   -0.3247 C   0  0  0  0  0  0  0  0  0  0  0  0
    1.5643    3.2361    1.0341 C   0  0  0  0  0  0  0  0  0  0  0  0
    1.2902   -1.6386   -0.4103 H   0  0  0  0  0  0  0  0  0  0  0  0
   -2.4667    0.3340   -0.4090 H   0  0  0  0  0  0  0  0  0  0  0  0
    2.3726    0.4458   -0.3617 H   0  0  0  0  0  0  0  0  0  0  0  0
   -1.3448    2.4200   -0.3565 H   0  0  0  0  0  0  0  0  0  0  0  0
   -1.2464   -4.0715   -1.1722 H   0  0  0  0  0  0  0  0  0  0  0  0
    0.2172   -3.5576   -0.3862 H   0  0  0  0  0  0  0  0  0  0  0  0
    2.0975    4.1712    0.8673 H   0  0  0  0  0  0  0  0  0  0  0  0
    2.2285    2.5626    1.5848 H   0  0  0  0  0  0  0  0  0  0  0  0
    0.6889    3.4501    1.6541 H   0  0  0  0  0  0  0  0  0  0  0  0
  1 11  1  0  0  0  0
  2  7  1  0  0  0  0
  2 12  1  0  0  0  0
  3 10  2  0  0  0  0
  4  5  2  0  0  0  0
  4  6  1  0  0  0  0
  4 10  1  0  0  0  0
  5  8  1  0  0  0  0
  5 13  1  0  0  0  0
  6  9  2  0  0  0  0
  6 14  1  0  0  0  0
  7  8  2  0  0  0  0
  7  9  1  0  0  0  0
  8 15  1  0  0  0  0
  9 16  1  0  0  0  0
 10 11  1  0  0  0  0
 11 17  1  0  0  0  0
 11 18  1  0  0  0  0
 12 19  1  0  0  0  0
 12 20  1  0  0  0  0
 12 21  1  0  0  0  0
M  END
> <PUBCHEM_BONDANNOTATIONS>
4  5  8
4  6  8
5  8  8
6  9  8
7  8  8
7  9  8

$$$$
