
  ACD/Labs06251410102D

 12 12  0  0  0  0  0  0  0  0  1 V2000
    5.9827   -5.7554    0.0000 C   0  0  0  0  0  0  0  0  0  0  0  0
    4.6546   -5.7554    0.0000 O   0  0  0  0  0  0  0  0  0  0  0  0
    3.9905   -4.6067    0.0000 C   0  0  0  0  0  0  0  0  0  0  0  0
    4.6546   -3.4520    0.0000 C   0  0  0  0  0  0  0  0  0  0  0  0
    3.9905   -2.3033    0.0000 C   0  0  0  0  0  0  0  0  0  0  0  0
    2.6563   -2.3033    0.0000 C   0  0  0  0  0  0  0  0  0  0  0  0
    1.9922   -3.4520    0.0000 C   0  0  0  0  0  0  0  0  0  0  0  0
    2.6563   -4.6067    0.0000 C   0  0  0  0  0  0  0  0  0  0  0  0
    1.9922   -1.1487    0.0000 C   0  0  0  0  0  0  0  0  0  0  0  0
    2.6563    0.0000    0.0000 O   0  0  0  0  0  0  0  0  0  0  0  0
    0.6641   -1.1487    0.0000 C   0  0  0  0  0  0  0  0  0  0  0  0
    0.0000   -2.3033    0.0000 Br  0  0  0  0  0  0  0  0  0  0  0  0
  1  2  1  0  0  0  0
  2  3  1  0  0  0  0
  3  4  1  0  0  0  0
  3  8  2  0  0  0  0
  4  5  2  0  0  0  0
  5  6  1  0  0  0  0
  6  7  2  0  0  0  0
  6  9  1  0  0  0  0
  7  8  1  0  0  0  0
  9 10  2  0  0  0  0
  9 11  1  0  0  0  0
 11 12  1  0  0  0  0
M  END
