5090
  Marvin  12300703363D          

 36 38  0  0  0  0            999 V2000
    1.1796    4.2577   -0.1459 S   0  0  1  0  0  0  0  0  0  0  0  0
   -3.0793   -2.4553   -1.3450 O   0  0  0  0  0  0  0  0  0  0  0  0
   -2.3131   -4.2401   -0.5174 O   0  0  0  0  0  0  0  0  0  0  0  0
    2.7049    4.0282    0.2422 O   0  0  0  0  0  0  0  0  0  0  0  0
    1.1642    5.0628   -1.5167 O   0  0  0  0  0  0  0  0  0  0  0  0
   -1.5566   -1.0236   -0.8306 C   0  0  0  0  0  0  0  0  0  0  0  0
   -0.9073    0.2043   -0.7305 C   0  0  0  0  0  0  0  0  0  0  0  0
   -1.1615   -2.2413   -0.4191 C   0  0  0  0  0  0  0  0  0  0  0  0
   -2.8469   -1.1619   -1.4665 C   0  0  0  0  0  0  0  0  0  0  0  0
    0.3873    2.7250   -0.3970 C   0  0  0  0  0  0  0  0  0  0  0  0
    0.0211   -2.6308    0.2303 C   0  0  0  0  0  0  0  0  0  0  0  0
    0.4462    0.3827   -1.1046 C   0  0  0  0  0  0  0  0  0  0  0  0
   -1.6070    1.3242   -0.2239 C   0  0  0  0  0  0  0  0  0  0  0  0
   -2.1868   -3.0483   -0.7597 C   0  0  0  0  0  0  0  0  0  0  0  0
    1.0896    1.6243   -0.9328 C   0  0  0  0  0  0  0  0  0  0  0  0
   -0.9736    2.5660   -0.0727 C   0  0  0  0  0  0  0  0  0  0  0  0
    0.6556   -3.8578   -0.0954 C   0  0  0  0  0  0  0  0  0  0  0  0
    0.6460   -1.8315    1.2230 C   0  0  0  0  0  0  0  0  0  0  0  0
    0.4324    5.2697    1.1517 C   0  0  0  0  0  0  0  0  0  0  0  0
    1.8509   -4.2651    0.5246 C   0  0  0  0  0  0  0  0  0  0  0  0
    1.8556   -2.2165    1.8324 C   0  0  0  0  0  0  0  0  0  0  0  0
    2.4566   -3.4376    1.4839 C   0  0  0  0  0  0  0  0  0  0  0  0
   -2.8058   -0.8779   -2.5221 H   0  0  0  0  0  0  0  0  0  0  0  0
   -3.6436   -0.6032   -0.9688 H   0  0  0  0  0  0  0  0  0  0  0  0
    0.9848   -0.3916   -1.5023 H   0  0  0  0  0  0  0  0  0  0  0  0
   -2.5874    1.2607    0.0618 H   0  0  0  0  0  0  0  0  0  0  0  0
    2.0726    1.7125   -1.2008 H   0  0  0  0  0  0  0  0  0  0  0  0
   -1.5345    3.3394    0.2844 H   0  0  0  0  0  0  0  0  0  0  0  0
    0.2657   -4.4827   -0.8050 H   0  0  0  0  0  0  0  0  0  0  0  0
    0.2329   -0.9471    1.5272 H   0  0  0  0  0  0  0  0  0  0  0  0
    0.6793    4.8492    2.1270 H   0  0  0  0  0  0  0  0  0  0  0  0
    0.8162    6.2871    1.0890 H   0  0  0  0  0  0  0  0  0  0  0  0
   -0.6507    5.3148    1.0484 H   0  0  0  0  0  0  0  0  0  0  0  0
    2.2815   -5.1584    0.2745 H   0  0  0  0  0  0  0  0  0  0  0  0
    2.2988   -1.6130    2.5292 H   0  0  0  0  0  0  0  0  0  0  0  0
    3.3322   -3.7248    1.9271 H   0  0  0  0  0  0  0  0  0  0  0  0
  1  4  2  0  0  0  0
  1  5  2  0  0  0  0
  1 10  1  0  0  0  0
  1 19  1  0  0  0  0
  2  9  1  0  0  0  0
  2 14  1  0  0  0  0
  3 14  2  0  0  0  0
  6  7  1  0  0  0  0
  6  8  2  0  0  0  0
  6  9  1  0  0  0  0
  7 12  2  0  0  0  0
  7 13  1  0  0  0  0
  8 11  1  0  0  0  0
  8 14  1  0  0  0  0
  9 23  1  0  0  0  0
  9 24  1  0  0  0  0
 10 15  2  0  0  0  0
 10 16  1  0  0  0  0
 11 17  2  0  0  0  0
 11 18  1  0  0  0  0
 12 15  1  0  0  0  0
 12 25  1  0  0  0  0
 13 16  2  0  0  0  0
 13 26  1  0  0  0  0
 15 27  1  0  0  0  0
 16 28  1  0  0  0  0
 17 20  1  0  0  0  0
 17 29  1  0  0  0  0
 18 21  2  0  0  0  0
 18 30  1  0  0  0  0
 19 31  1  0  0  0  0
 19 32  1  0  0  0  0
 19 33  1  0  0  0  0
 20 22  2  0  0  0  0
 20 34  1  0  0  0  0
 21 22  1  0  0  0  0
 21 35  1  0  0  0  0
 22 36  1  0  0  0  0
M  END
> <PUBCHEM_BONDANNOTATIONS>
10  15  8
10  16  8
11  17  8
11  18  8
12  15  8
13  16  8
17  20  8
18  21  8
20  22  8
21  22  8
7  12  8
7  13  8

$$$$
