
  ACD/Labs04281710392D

 12 13  0  0  0  0  0  0  0  0  1 V2000
    3.9811    0.0000    0.0000 O   0  0  0  0  0  0  0  0  0  0  0  0
    3.5661   -1.2642    0.0000 C   0  0  0  0  0  0  0  0  0  0  0  0
    4.3491   -2.3396    0.0000 N   0  0  0  0  0  0  0  0  0  0  0  0
    3.5661   -3.4151    0.0000 S   0  0  0  0  0  0  0  0  0  0  0  0
    3.2925   -4.7170    0.0000 O   0  0  0  0  0  0  0  0  0  0  0  0
    4.5566   -4.3066    0.0000 O   0  0  0  0  0  0  0  0  0  0  0  0
    2.3019   -3.0047    0.0000 C   0  0  0  0  0  0  0  0  0  0  0  0
    2.3019   -1.6745    0.0000 C   0  0  0  0  0  0  0  0  0  0  0  0
    1.1509   -1.0094    0.0000 C   0  0  0  0  0  0  0  0  0  0  0  0
    0.0000   -1.6745    0.0000 C   0  0  0  0  0  0  0  0  0  0  0  0
    0.0000   -3.0047    0.0000 C   0  0  0  0  0  0  0  0  0  0  0  0
    1.1509   -3.6698    0.0000 C   0  0  0  0  0  0  0  0  0  0  0  0
  1  2  2  0  0  0  0
  2  3  1  0  0  0  0
  2  8  1  0  0  0  0
  3  4  1  0  0  0  0
  4  5  2  0  0  0  0
  4  6  2  0  0  0  0
  4  7  1  0  0  0  0
  7  8  2  0  0  0  0
  7 12  1  0  0  0  0
  8  9  1  0  0  0  0
  9 10  2  0  0  0  0
 10 11  1  0  0  0  0
 11 12  2  0  0  0  0
M  END
