5143
  Marvin  12300703363D          

 17 18  0  0  0  0            999 V2000
    1.4206    1.5612   -0.3534 S   0  0  2  0  0  0  0  0  0  0  0  0
    1.9301    2.2484    0.9861 O   0  0  0  0  0  0  0  0  0  0  0  0
    2.4962    1.3876   -1.5130 O   0  0  0  0  0  0  0  0  0  0  0  0
   -2.1268    1.7844   -1.1304 O   0  0  0  0  0  0  0  0  0  0  0  0
    0.0007    2.2079   -0.8808 N   0  0  0  0  0  0  0  0  0  0  0  0
    0.6404    0.0788    0.0443 C   0  0  0  0  0  0  0  0  0  0  0  0
   -0.7235    0.1922   -0.2487 C   0  0  0  0  0  0  0  0  0  0  0  0
   -1.0120    1.4242   -0.7830 C   0  0  0  0  0  0  0  0  0  0  0  0
    1.1835   -1.0855    0.6127 C   0  0  0  0  0  0  0  0  0  0  0  0
   -1.5866   -0.8857    0.0381 C   0  0  0  0  0  0  0  0  0  0  0  0
    0.3126   -2.1474    0.9261 C   0  0  0  0  0  0  0  0  0  0  0  0
   -1.0655   -2.0486    0.6419 C   0  0  0  0  0  0  0  0  0  0  0  0
   -0.0616    3.0784   -1.2165 H   0  0  0  0  0  0  0  0  0  0  0  0
    2.1846   -1.1538    0.8068 H   0  0  0  0  0  0  0  0  0  0  0  0
   -2.5847   -0.8277   -0.1767 H   0  0  0  0  0  0  0  0  0  0  0  0
    0.6821   -2.9919    1.3676 H   0  0  0  0  0  0  0  0  0  0  0  0
   -1.6901   -2.8222    0.8788 H   0  0  0  0  0  0  0  0  0  0  0  0
  1  2  2  0  0  0  0
  1  3  2  0  0  0  0
  1  5  1  0  0  0  0
  1  6  1  0  0  0  0
  4  8  2  0  0  0  0
  5  8  1  0  0  0  0
  5 13  1  0  0  0  0
  6  7  1  0  0  0  0
  6  9  2  0  0  0  0
  7  8  1  0  0  0  0
  7 10  2  0  0  0  0
  9 11  1  0  0  0  0
  9 14  1  0  0  0  0
 10 12  1  0  0  0  0
 10 15  1  0  0  0  0
 11 12  2  0  0  0  0
 11 16  1  0  0  0  0
 12 17  1  0  0  0  0
M  END
> <PUBCHEM_BONDANNOTATIONS>
10  12  8
11  12  8
6  7  8
6  9  8
7  10  8
9  11  8

$$$$
