55176
  Marvin  12300706533D          

 23 23  0  0  0  0            999 V2000
   -4.3266    2.0761   -0.8305 Cl  0  0  0  0  0  0  0  0  0  0  0  0
   -0.4784    4.4226   -0.5183 O   0  0  0  0  0  0  0  0  0  0  0  0
   -2.2648    0.3626   -0.8138 N   0  0  0  0  0  0  0  0  0  0  0  0
   -0.4961    1.6411   -0.7647 N   0  0  0  0  0  0  0  0  0  0  0  0
    0.8659   -0.8633    0.4763 C   0  0  0  0  0  0  0  0  0  0  0  0
   -0.0468   -0.8172   -0.7752 C   0  0  0  0  0  0  0  0  0  0  0  0
    1.8045   -2.0945    0.5315 C   0  0  0  0  0  0  0  0  0  0  0  0
   -0.9236    0.3670   -0.7870 C   0  0  0  0  0  0  0  0  0  0  0  0
    2.7139   -2.1140    1.7795 C   0  0  0  0  0  0  0  0  0  0  0  0
   -2.6966    1.6291   -0.8128 C   0  0  0  0  0  0  0  0  0  0  0  0
   -1.5688    2.4506   -0.7783 C   0  0  0  0  0  0  0  0  0  0  0  0
   -1.5177    3.8231   -0.7563 C   0  0  0  0  0  0  0  0  0  0  0  0
    0.2377   -0.8591    1.3721 H   0  0  0  0  0  0  0  0  0  0  0  0
    1.4827    0.0402    0.5000 H   0  0  0  0  0  0  0  0  0  0  0  0
    0.5641   -0.7940   -1.6808 H   0  0  0  0  0  0  0  0  0  0  0  0
   -0.6587   -1.7222   -0.8137 H   0  0  0  0  0  0  0  0  0  0  0  0
    2.4393   -2.1083   -0.3587 H   0  0  0  0  0  0  0  0  0  0  0  0
    1.2055   -3.0091    0.5247 H   0  0  0  0  0  0  0  0  0  0  0  0
    3.3506   -3.0003    1.7674 H   0  0  0  0  0  0  0  0  0  0  0  0
    3.3569   -1.2318    1.8031 H   0  0  0  0  0  0  0  0  0  0  0  0
    2.1160   -2.1347    2.6929 H   0  0  0  0  0  0  0  0  0  0  0  0
   -2.8282   -0.4274   -0.8283 H   0  0  0  0  0  0  0  0  0  0  0  0
   -2.3308    4.3631   -0.9291 H   0  0  0  0  0  0  0  0  0  0  0  0
  1 10  1  0  0  0  0
  2 12  2  0  0  0  0
  3  8  1  0  0  0  0
  3 10  1  0  0  0  0
  3 22  1  0  0  0  0
  4  8  2  0  0  0  0
  4 11  1  0  0  0  0
  5  6  1  0  0  0  0
  5  7  1  0  0  0  0
  5 13  1  0  0  0  0
  5 14  1  0  0  0  0
  6  8  1  0  0  0  0
  6 15  1  0  0  0  0
  6 16  1  0  0  0  0
  7  9  1  0  0  0  0
  7 17  1  0  0  0  0
  7 18  1  0  0  0  0
  9 19  1  0  0  0  0
  9 20  1  0  0  0  0
  9 21  1  0  0  0  0
 10 11  2  0  0  0  0
 11 12  1  0  0  0  0
 12 23  1  0  0  0  0
M  END
> <PUBCHEM_BONDANNOTATIONS>
10  11  8
3  10  8
3  8  8
4  11  8
4  8  8

$$$$
