
  ACD/Labs06251410092D

 13 14  0  0  0  0  0  0  0  0  1 V2000
    1.0660   -6.3079    0.0000 C   0  0  0  0  0  0  0  0  0  0  0  0
    1.3436   -5.0084    0.0000 O   0  0  0  0  0  0  0  0  0  0  0  0
    2.6115   -4.5921    0.0000 C   0  0  0  0  0  0  0  0  0  0  0  0
    3.5955   -5.4878    0.0000 O   0  0  0  0  0  0  0  0  0  0  0  0
    2.8890   -3.2927    0.0000 C   0  0  0  0  0  0  0  0  0  0  0  0
    4.1001   -2.7502    0.0000 C   0  0  0  0  0  0  0  0  0  0  0  0
    3.9613   -1.4319    0.0000 N   0  0  0  0  0  0  0  0  0  0  0  0
    2.6619   -1.1543    0.0000 C   0  0  0  0  0  0  0  0  0  0  0  0
    1.9933    0.0000    0.0000 C   0  0  0  0  0  0  0  0  0  0  0  0
    0.6623    0.0000    0.0000 C   0  0  0  0  0  0  0  0  0  0  0  0
    0.0000   -1.1543    0.0000 C   0  0  0  0  0  0  0  0  0  0  0  0
    0.6623   -2.3024    0.0000 C   0  0  0  0  0  0  0  0  0  0  0  0
    1.9933   -2.3024    0.0000 C   0  0  0  0  0  0  0  0  0  0  0  0
  1  2  1  0  0  0  0
  2  3  1  0  0  0  0
  3  4  2  0  0  0  0
  3  5  1  0  0  0  0
  5  6  2  0  0  0  0
  5 13  1  0  0  0  0
  6  7  1  0  0  0  0
  7  8  1  0  0  0  0
  8  9  1  0  0  0  0
  8 13  2  0  0  0  0
  9 10  2  0  0  0  0
 10 11  1  0  0  0  0
 11 12  2  0  0  0  0
 12 13  1  0  0  0  0
M  END
