5329
  Marvin  12300703363D          

 28 29  0  0  0  0            999 V2000
    2.1005    1.0899   -0.8875 S   0  0  2  0  0  0  0  0  0  0  0  0
   -2.2446    0.7528   -0.4539 O   0  0  0  0  0  0  0  0  0  0  0  0
    3.5316    1.6481   -0.4766 O   0  0  0  0  0  0  0  0  0  0  0  0
    2.0661    1.0135   -2.4765 O   0  0  0  0  0  0  0  0  0  0  0  0
    0.9122    2.1741   -0.4831 N   0  0  0  0  0  0  0  0  0  0  0  0
   -0.9518    0.6804   -0.5770 N   0  0  0  0  0  0  0  0  0  0  0  0
    0.6014   -4.1998    1.1823 N   0  0  0  0  0  0  0  0  0  0  0  0
    1.8213   -0.4943   -0.2109 C   0  0  0  0  0  0  0  0  0  0  0  0
    2.0652   -1.6569   -0.9715 C   0  0  0  0  0  0  0  0  0  0  0  0
    1.2665   -0.6256    1.0813 C   0  0  0  0  0  0  0  0  0  0  0  0
   -0.3773    1.8879   -0.4284 C   0  0  0  0  0  0  0  0  0  0  0  0
    1.0374   -3.0344    0.7638 C   0  0  0  0  0  0  0  0  0  0  0  0
    1.6723   -2.9195   -0.4896 C   0  0  0  0  0  0  0  0  0  0  0  0
    0.8597   -1.8842    1.5592 C   0  0  0  0  0  0  0  0  0  0  0  0
   -1.4119    2.7879   -0.2041 C   0  0  0  0  0  0  0  0  0  0  0  0
   -2.5847    2.0398   -0.2306 C   0  0  0  0  0  0  0  0  0  0  0  0
   -3.9744    2.4796   -0.0729 C   0  0  0  0  0  0  0  0  0  0  0  0
    1.1743    3.0555   -0.3094 H   0  0  0  0  0  0  0  0  0  0  0  0
    2.5088   -1.5974   -1.8909 H   0  0  0  0  0  0  0  0  0  0  0  0
    1.1176    0.1962    1.6719 H   0  0  0  0  0  0  0  0  0  0  0  0
    1.8399   -3.7475   -1.0672 H   0  0  0  0  0  0  0  0  0  0  0  0
    0.4181   -1.9486    2.4804 H   0  0  0  0  0  0  0  0  0  0  0  0
   -1.3290    3.7958   -0.0558 H   0  0  0  0  0  0  0  0  0  0  0  0
   -4.4008    2.0227    0.8210 H   0  0  0  0  0  0  0  0  0  0  0  0
   -4.5466    2.1521   -0.9421 H   0  0  0  0  0  0  0  0  0  0  0  0
   -4.0496    3.5645    0.0090 H   0  0  0  0  0  0  0  0  0  0  0  0
    0.1940   -4.2765    2.0208 H   0  0  0  0  0  0  0  0  0  0  0  0
    0.6838   -4.9562    0.6385 H   0  0  0  0  0  0  0  0  0  0  0  0
  1  3  2  0  0  0  0
  1  4  2  0  0  0  0
  1  5  1  0  0  0  0
  1  8  1  0  0  0  0
  2  6  1  0  0  0  0
  2 16  1  0  0  0  0
  5 11  1  0  0  0  0
  5 18  1  0  0  0  0
  6 11  2  0  0  0  0
  7 12  1  0  0  0  0
  7 27  1  0  0  0  0
  7 28  1  0  0  0  0
  8  9  2  0  0  0  0
  8 10  1  0  0  0  0
  9 13  1  0  0  0  0
  9 19  1  0  0  0  0
 10 14  2  0  0  0  0
 10 20  1  0  0  0  0
 11 15  1  0  0  0  0
 12 13  2  0  0  0  0
 12 14  1  0  0  0  0
 13 21  1  0  0  0  0
 14 22  1  0  0  0  0
 15 16  2  0  0  0  0
 15 23  1  0  0  0  0
 16 17  1  0  0  0  0
 17 24  1  0  0  0  0
 17 25  1  0  0  0  0
 17 26  1  0  0  0  0
M  END
> <PUBCHEM_BONDANNOTATIONS>
10  14  8
11  15  8
12  13  8
12  14  8
15  16  8
2  16  8
2  6  8
6  11  8
8  10  8
8  9  8
9  13  8

$$$$
