
  ACD/Labs04281710322D

 17 18  0  0  0  0  0  0  0  0  1 V2000
    1.3319   -3.9863    0.0000 S   0  0  0  0  0  0  0  0  0  0  0  0
    2.6544   -3.9863    0.0000 O   0  0  0  0  0  0  0  0  0  0  0  0
    0.0000   -3.9863    0.0000 O   0  0  0  0  0  0  0  0  0  0  0  0
    1.3319   -2.6544    0.0000 N   0  0  0  0  0  0  0  0  0  0  0  0
    2.4775   -0.6613    0.0000 N   0  0  0  0  0  0  0  0  0  0  0  0
    1.3319   -9.3138    0.0000 N   0  0  0  0  0  0  0  0  0  0  0  0
    1.3319   -5.3275    0.0000 C   0  0  0  0  0  0  0  0  0  0  0  0
    2.4775   -5.9887    0.0000 C   0  0  0  0  0  0  0  0  0  0  0  0
    0.1770   -5.9887    0.0000 C   0  0  0  0  0  0  0  0  0  0  0  0
    2.4775   -1.9931    0.0000 C   0  0  0  0  0  0  0  0  0  0  0  0
    1.3319   -7.9819    0.0000 C   0  0  0  0  0  0  0  0  0  0  0  0
    2.4775   -7.3206    0.0000 C   0  0  0  0  0  0  0  0  0  0  0  0
    0.1770   -7.3206    0.0000 C   0  0  0  0  0  0  0  0  0  0  0  0
    3.6324   -2.6544    0.0000 C   0  0  0  0  0  0  0  0  0  0  0  0
    4.7873   -1.9931    0.0000 C   0  0  0  0  0  0  0  0  0  0  0  0
    4.7873   -0.6613    0.0000 C   0  0  0  0  0  0  0  0  0  0  0  0
    3.6324    0.0000    0.0000 C   0  0  0  0  0  0  0  0  0  0  0  0
  1  2  2  0  0  0  0
  1  3  2  0  0  0  0
  1  4  1  0  0  0  0
  1  7  1  0  0  0  0
  4 10  1  0  0  0  0
  5 10  1  0  0  0  0
  5 17  2  0  0  0  0
  6 11  1  0  0  0  0
  7  8  2  0  0  0  0
  7  9  1  0  0  0  0
  8 12  1  0  0  0  0
  9 13  2  0  0  0  0
 10 14  2  0  0  0  0
 11 12  2  0  0  0  0
 11 13  1  0  0  0  0
 14 15  1  0  0  0  0
 15 16  2  0  0  0  0
 16 17  1  0  0  0  0
M  END
