
  ACD/Labs04281713412D

 16 17  0  0  0  0  0  0  0  0  1 V2000
    9.0122    0.0000    0.0000 N   0  0  0  0  0  0  0  0  0  0  0  0
    7.8586   -0.6669    0.0000 C   0  0  0  0  0  0  0  0  0  0  0  0
    6.7051   -0.0090    0.0000 C   0  0  0  0  0  0  0  0  0  0  0  0
    5.5515   -0.6669    0.0000 C   0  0  0  0  0  0  0  0  0  0  0  0
    5.5515   -2.0007    0.0000 C   0  0  0  0  0  0  0  0  0  0  0  0
    6.7051   -2.6676    0.0000 C   0  0  0  0  0  0  0  0  0  0  0  0
    7.8586   -2.0007    0.0000 C   0  0  0  0  0  0  0  0  0  0  0  0
    4.4069   -2.6676    0.0000 S   0  0  0  0  0  0  0  0  0  0  0  0
    3.5508   -3.6860    0.0000 O   0  0  0  0  0  0  0  0  0  0  0  0
    5.2541   -3.6860    0.0000 O   0  0  0  0  0  0  0  0  0  0  0  0
    3.2534   -2.0007    0.0000 N   0  0  0  0  0  0  0  0  0  0  0  0
    2.0998   -2.6676    0.0000 C   0  0  0  0  0  0  0  0  0  0  0  0
    1.9647   -3.9834    0.0000 S   0  0  0  0  0  0  0  0  0  0  0  0
    0.6669   -4.2628    0.0000 C   0  0  0  0  0  0  0  0  0  0  0  0
    0.0000   -3.1182    0.0000 C   0  0  0  0  0  0  0  0  0  0  0  0
    0.8832   -2.1179    0.0000 N   0  0  0  0  0  0  0  0  0  0  0  0
  1  2  1  0  0  0  0
  2  3  2  0  0  0  0
  2  7  1  0  0  0  0
  3  4  1  0  0  0  0
  4  5  2  0  0  0  0
  5  6  1  0  0  0  0
  5  8  1  0  0  0  0
  6  7  2  0  0  0  0
  8  9  2  0  0  0  0
  8 10  2  0  0  0  0
  8 11  1  0  0  0  0
 11 12  1  0  0  0  0
 12 13  1  0  0  0  0
 12 16  2  0  0  0  0
 13 14  1  0  0  0  0
 14 15  2  0  0  0  0
 15 16  1  0  0  0  0
M  END
