
  ACD/Labs04281710572D

 25 27  0  0  0  0  0  0  0  0  1 V2000
    2.3092    0.0000    0.0000 O   0  0  0  0  0  0  0  0  0  0  0  0
    2.3092   -1.3274    0.0000 C   0  0  0  0  0  0  0  0  0  0  0  0
    3.4568   -1.9911    0.0000 C   0  0  0  0  0  0  0  0  0  0  0  0
    3.4568   -3.3185    0.0000 C   0  0  0  0  0  0  0  0  0  0  0  0
    4.6045   -3.9823    0.0000 C   0  0  0  0  0  0  0  0  0  0  0  0
    5.7660   -3.3185    0.0000 C   0  0  0  0  0  0  0  0  0  0  0  0
    6.9136   -3.9823    0.0000 C   0  0  0  0  0  0  0  0  0  0  0  0
    8.0613   -4.6598    0.0000 C   0  0  0  0  0  0  0  0  0  0  0  0
    9.2228   -5.3235    0.0000 C   0  0  0  0  0  0  0  0  0  0  0  0
    9.2228   -6.6509    0.0000 C   0  0  0  0  0  0  0  0  0  0  0  0
   10.3705   -7.3146    0.0000 C   0  0  0  0  0  0  0  0  0  0  0  0
   11.5181   -6.6509    0.0000 C   0  0  0  0  0  0  0  0  0  0  0  0
   11.5181   -5.3235    0.0000 C   0  0  0  0  0  0  0  0  0  0  0  0
   12.6796   -4.6598    0.0000 C   0  0  0  0  0  0  0  0  0  0  0  0
   13.3433   -3.4983    0.0000 C   0  0  0  0  0  0  0  0  0  0  0  0
   12.0159   -3.4983    0.0000 C   0  0  0  0  0  0  0  0  0  0  0  0
   13.8273   -5.3235    0.0000 C   0  0  0  0  0  0  0  0  0  0  0  0
   13.8273   -6.6509    0.0000 C   0  0  0  0  0  0  0  0  0  0  0  0
   12.6796   -7.3146    0.0000 S   0  0  0  0  0  0  0  0  0  0  0  0
   10.3705   -4.6598    0.0000 C   0  0  0  0  0  0  0  0  0  0  0  0
    5.7660   -1.9911    0.0000 N   0  0  0  0  0  0  0  0  0  0  0  0
    4.6045   -1.3274    0.0000 C   0  0  0  0  0  0  0  0  0  0  0  0
    1.1477   -1.9911    0.0000 O   0  0  0  0  0  0  0  0  0  0  0  0
    1.1477   -3.3185    0.0000 C   0  0  0  0  0  0  0  0  0  0  0  0
    0.0000   -3.9823    0.0000 C   0  0  0  0  0  0  0  0  0  0  0  0
  1  2  2  0  0  0  0
  2  3  1  0  0  0  0
  2 23  1  0  0  0  0
  3  4  2  0  0  0  0
  3 22  1  0  0  0  0
  4  5  1  0  0  0  0
  5  6  2  0  0  0  0
  6  7  1  0  0  0  0
  6 21  1  0  0  0  0
  7  8  3  0  0  0  0
  8  9  1  0  0  0  0
  9 10  2  0  0  0  0
  9 20  1  0  0  0  0
 10 11  1  0  0  0  0
 11 12  2  0  0  0  0
 12 13  1  0  0  0  0
 12 19  1  0  0  0  0
 13 14  1  0  0  0  0
 13 20  2  0  0  0  0
 14 15  1  0  0  0  0
 14 16  1  0  0  0  0
 14 17  1  0  0  0  0
 17 18  1  0  0  0  0
 18 19  1  0  0  0  0
 21 22  2  0  0  0  0
 23 24  1  0  0  0  0
 24 25  1  0  0  0  0
M  END
