
  ACD/Labs03221914022D

 10 10  0  0  0  0  0  0  0  0  1 V2000
    0.0046   -2.0059    0.0000 C   0  0  0  0  0  0  0  0  0  0  0  0
    0.0000   -3.3294    0.0000 C   0  0  0  0  0  0  0  0  0  0  0  0
    1.1528   -3.9980    0.0000 C   0  0  0  0  0  0  0  0  0  0  0  0
    2.3057   -3.3340    0.0000 C   0  0  0  0  0  0  0  0  0  0  0  0
    2.3057   -2.0013    0.0000 C   0  0  0  0  0  0  0  0  0  0  0  0
    1.1575   -1.3419    0.0000 C   0  0  0  0  0  0  0  0  0  0  0  0
    3.4585   -1.3327    0.0000 C   0  0  0  0  0  0  0  0  0  0  0  0
    4.6114   -1.9967    0.0000 O   0  0  0  0  0  0  0  0  0  0  0  0
    3.4539    0.0000    0.0000 O   0  0  0  0  0  0  0  0  0  0  0  0
    3.4585   -3.9980    0.0000 S   0  0  0  0  0  0  0  0  0  0  0  0
  1  2  2  0  0  0  0
  1  6  1  0  0  0  0
  2  3  1  0  0  0  0
  3  4  2  0  0  0  0
  4  5  1  0  0  0  0
  4 10  1  0  0  0  0
  5  6  2  0  0  0  0
  5  7  1  0  0  0  0
  7  8  2  0  0  0  0
  7  9  1  0  0  0  0
M  END
