5505
  Marvin  12300703363D          

 36 36  0  0  0  0            999 V2000
    0.2422    0.6396    0.1738 S   0  0  2  0  0  0  0  0  0  0  0  0
   -0.0536    0.3266    1.7049 O   0  0  0  0  0  0  0  0  0  0  0  0
   -1.1500    0.7691   -0.5844 O   0  0  0  0  0  0  0  0  0  0  0  0
    1.6891   -2.5361   -1.1130 O   0  0  0  0  0  0  0  0  0  0  0  0
    0.0496   -2.3340    0.3440 N   0  0  0  0  0  0  0  0  0  0  0  0
    1.1402   -0.5609   -0.5366 N   0  0  0  0  0  0  0  0  0  0  0  0
   -2.1597   -3.1573    0.0159 C   0  0  0  0  0  0  0  0  0  0  0  0
   -0.6640   -3.5167    0.2040 C   0  0  0  0  0  0  0  0  0  0  0  0
   -3.0560   -4.3969   -0.2177 C   0  0  0  0  0  0  0  0  0  0  0  0
    1.1110    2.1420    0.1510 C   0  0  0  0  0  0  0  0  0  0  0  0
   -4.5517   -4.0711   -0.4133 C   0  0  0  0  0  0  0  0  0  0  0  0
    0.9614   -1.8325   -0.4268 C   0  0  0  0  0  0  0  0  0  0  0  0
    2.5205    2.1467    0.1607 C   0  0  0  0  0  0  0  0  0  0  0  0
    0.4121    3.3652    0.1500 C   0  0  0  0  0  0  0  0  0  0  0  0
    2.5321    4.5964    0.1571 C   0  0  0  0  0  0  0  0  0  0  0  0
    3.2227    3.3635    0.1604 C   0  0  0  0  0  0  0  0  0  0  0  0
    1.1184    4.5807    0.1531 C   0  0  0  0  0  0  0  0  0  0  0  0
    3.2969    5.8610    0.1601 C   0  0  0  0  0  0  0  0  0  0  0  0
   -2.2632   -2.4830   -0.8407 H   0  0  0  0  0  0  0  0  0  0  0  0
   -2.5155   -2.6172    0.8994 H   0  0  0  0  0  0  0  0  0  0  0  0
   -0.5276   -4.0998    1.1171 H   0  0  0  0  0  0  0  0  0  0  0  0
   -0.3198   -4.1235   -0.6388 H   0  0  0  0  0  0  0  0  0  0  0  0
   -2.7042   -4.9269   -1.1068 H   0  0  0  0  0  0  0  0  0  0  0  0
   -2.9574   -5.0736    0.6350 H   0  0  0  0  0  0  0  0  0  0  0  0
   -0.2163   -1.8014    1.0636 H   0  0  0  0  0  0  0  0  0  0  0  0
   -5.1106   -4.9945   -0.5756 H   0  0  0  0  0  0  0  0  0  0  0  0
   -4.6991   -3.4252   -1.2810 H   0  0  0  0  0  0  0  0  0  0  0  0
   -4.9598   -3.5737    0.4686 H   0  0  0  0  0  0  0  0  0  0  0  0
    1.8244   -0.2775   -1.1087 H   0  0  0  0  0  0  0  0  0  0  0  0
    3.0517    1.2725    0.1718 H   0  0  0  0  0  0  0  0  0  0  0  0
   -0.6109    3.3849    0.1513 H   0  0  0  0  0  0  0  0  0  0  0  0
    4.2457    3.3366    0.1650 H   0  0  0  0  0  0  0  0  0  0  0  0
    0.5848    5.4532    0.1544 H   0  0  0  0  0  0  0  0  0  0  0  0
    3.9313    5.9102   -0.7267 H   0  0  0  0  0  0  0  0  0  0  0  0
    3.9287    5.9084    1.0489 H   0  0  0  0  0  0  0  0  0  0  0  0
    2.6567    6.7451    0.1602 H   0  0  0  0  0  0  0  0  0  0  0  0
  1  2  2  0  0  0  0
  1  3  2  0  0  0  0
  1  6  1  0  0  0  0
  1 10  1  0  0  0  0
  4 12  2  0  0  0  0
  5  8  1  0  0  0  0
  5 12  1  0  0  0  0
  5 25  1  0  0  0  0
  6 12  1  0  0  0  0
  6 29  1  0  0  0  0
  7  8  1  0  0  0  0
  7  9  1  0  0  0  0
  7 19  1  0  0  0  0
  7 20  1  0  0  0  0
  8 21  1  0  0  0  0
  8 22  1  0  0  0  0
  9 11  1  0  0  0  0
  9 23  1  0  0  0  0
  9 24  1  0  0  0  0
 10 13  2  0  0  0  0
 10 14  1  0  0  0  0
 11 26  1  0  0  0  0
 11 27  1  0  0  0  0
 11 28  1  0  0  0  0
 13 16  1  0  0  0  0
 13 30  1  0  0  0  0
 14 17  2  0  0  0  0
 14 31  1  0  0  0  0
 15 16  2  0  0  0  0
 15 17  1  0  0  0  0
 15 18  1  0  0  0  0
 16 32  1  0  0  0  0
 17 33  1  0  0  0  0
 18 34  1  0  0  0  0
 18 35  1  0  0  0  0
 18 36  1  0  0  0  0
M  END
> <PUBCHEM_BONDANNOTATIONS>
10  13  8
10  14  8
13  16  8
14  17  8
15  16  8
15  17  8

$$$$
