
  ACD/Labs04281710392D

 17 18  0  0  0  0  0  0  0  0  1 V2000
    0.0000   -0.0160    0.0000 Cl  0  0  0  0  0  0  0  0  0  0  0  0
    1.1509   -0.6714    0.0000 C   0  0  0  0  0  0  0  0  0  0  0  0
    1.1509   -2.0061    0.0000 C   0  0  0  0  0  0  0  0  0  0  0  0
    2.3018   -2.6694    0.0000 C   0  0  0  0  0  0  0  0  0  0  0  0
    3.4527   -2.0061    0.0000 C   0  0  0  0  0  0  0  0  0  0  0  0
    3.4527   -0.6714    0.0000 C   0  0  0  0  0  0  0  0  0  0  0  0
    2.3018    0.0000    0.0000 C   0  0  0  0  0  0  0  0  0  0  0  0
    4.6036   -0.0160    0.0000 O   0  0  0  0  0  0  0  0  0  0  0  0
    4.6036   -2.6774    0.0000 O   0  0  0  0  0  0  0  0  0  0  0  0
    4.6036   -4.0042    0.0000 C   0  0  0  0  0  0  0  0  0  0  0  0
    5.7545   -4.6675    0.0000 C   0  0  0  0  0  0  0  0  0  0  0  0
    5.7545   -5.9942    0.0000 C   0  0  0  0  0  0  0  0  0  0  0  0
    4.5956   -6.6656    0.0000 C   0  0  0  0  0  0  0  0  0  0  0  0
    3.4447   -6.0022    0.0000 C   0  0  0  0  0  0  0  0  0  0  0  0
    3.4447   -4.6675    0.0000 C   0  0  0  0  0  0  0  0  0  0  0  0
    2.3018   -4.0042    0.0000 Cl  0  0  0  0  0  0  0  0  0  0  0  0
    4.5956   -7.9923    0.0000 Cl  0  0  0  0  0  0  0  0  0  0  0  0
  1  2  1  0  0  0  0
  2  3  2  0  0  0  0
  2  7  1  0  0  0  0
  3  4  1  0  0  0  0
  4  5  2  0  0  0  0
  5  6  1  0  0  0  0
  5  9  1  0  0  0  0
  6  7  2  0  0  0  0
  6  8  1  0  0  0  0
  9 10  1  0  0  0  0
 10 11  2  0  0  0  0
 10 15  1  0  0  0  0
 11 12  1  0  0  0  0
 12 13  2  0  0  0  0
 13 14  1  0  0  0  0
 13 17  1  0  0  0  0
 14 15  2  0  0  0  0
 15 16  1  0  0  0  0
M  END
