5780
  Marvin  12300703363D          

 26 25  0  0  1  0            999 V2000
    1.5749    1.7787    1.2929 O   0  0  0  0  0  0  0  0  0  0  0  0
    2.7821   -0.2498    0.0037 O   0  0  0  0  0  0  0  0  0  0  0  0
   -0.8966    2.8294    0.7170 O   0  0  0  0  0  0  0  0  0  0  0  0
    1.5750   -2.3895   -1.1415 O   0  0  0  0  0  0  0  0  0  0  0  0
   -2.7640    0.7202    1.4918 O   0  0  0  0  0  0  0  0  0  0  0  0
   -0.8493   -2.4453   -2.3669 O   0  0  0  0  0  0  0  0  0  0  0  0
    0.8504    1.1766    0.2169 C   0  0  1  0  0  0  0  0  0  0  0  0
    1.3517   -0.2919    0.0337 C   0  0  1  0  0  0  0  0  0  0  0  0
   -0.6663    1.4440    0.4550 C   0  0  1  0  0  0  0  0  0  0  0  0
    0.8964   -1.1323   -1.2008 C   0  0  2  0  0  0  0  0  0  0  0  0
   -1.3460    0.6352    1.5867 C   0  0  0  0  0  0  0  0  0  0  0  0
   -0.6118   -1.4397   -1.3868 C   0  0  0  0  0  0  0  0  0  0  0  0
    1.1437    1.7343   -0.6766 H   0  0  0  0  0  0  0  0  0  0  0  0
    1.1189   -0.8562    0.9385 H   0  0  0  0  0  0  0  0  0  0  0  0
   -1.2008    1.2628   -0.4757 H   0  0  0  0  0  0  0  0  0  0  0  0
    1.2449   -0.6355   -2.1095 H   0  0  0  0  0  0  0  0  0  0  0  0
   -1.0353    1.0015    2.5669 H   0  0  0  0  0  0  0  0  0  0  0  0
   -1.0998   -0.4241    1.5356 H   0  0  0  0  0  0  0  0  0  0  0  0
   -1.0633   -1.7785   -0.4538 H   0  0  0  0  0  0  0  0  0  0  0  0
   -1.1451   -0.5621   -1.7471 H   0  0  0  0  0  0  0  0  0  0  0  0
    1.3479    1.2582    2.0916 H   0  0  0  0  0  0  0  0  0  0  0  0
    3.0170    0.2812   -0.7864 H   0  0  0  0  0  0  0  0  0  0  0  0
   -0.5628    3.3082   -0.0702 H   0  0  0  0  0  0  0  0  0  0  0  0
    1.2641   -2.8152   -0.3142 H   0  0  0  0  0  0  0  0  0  0  0  0
   -3.1008    0.1308    2.1988 H   0  0  0  0  0  0  0  0  0  0  0  0
   -1.8250   -2.5409   -2.3994 H   0  0  0  0  0  0  0  0  0  0  0  0
  7  1  1  0  0  0  0
  1 21  1  0  0  0  0
  8  2  1  0  0  0  0
  2 22  1  0  0  0  0
  9  3  1  0  0  0  0
  3 23  1  0  0  0  0
 10  4  1  0  0  0  0
  4 24  1  0  0  0  0
  5 11  1  0  0  0  0
  5 25  1  0  0  0  0
  6 12  1  0  0  0  0
  6 26  1  0  0  0  0
  7  8  1  0  0  0  0
  7  9  1  0  0  0  0
  7 13  1  0  0  0  0
  8 10  1  0  0  0  0
  8 14  1  0  0  0  0
  9 11  1  0  0  0  0
  9 15  1  0  0  0  0
 10 12  1  0  0  0  0
 10 16  1  0  0  0  0
 11 17  1  0  0  0  0
 11 18  1  0  0  0  0
 12 19  1  0  0  0  0
 12 20  1  0  0  0  0
M  END
> <PUBCHEM_BONDANNOTATIONS>
7  1  6
8  2  6
9  3  5
10  4  6

$$$$
