62348
  Marvin  12310715543D          

 21 21  0  0  0  0            999 V2000
    2.2646    0.4723   -0.2112 O   0  0  0  0  0  0  0  0  0  0  0  0
    0.9119    2.8078   -0.3811 O   0  0  0  0  0  0  0  0  0  0  0  0
   -1.4714   -2.7725    0.8185 O   0  0  0  0  0  0  0  0  0  0  0  0
   -1.1129   -0.7576   -0.3938 C   0  0  0  0  0  0  0  0  0  0  0  0
    0.2991   -0.7295   -0.3967 C   0  0  0  0  0  0  0  0  0  0  0  0
    1.0035    0.4915   -0.3471 C   0  0  0  0  0  0  0  0  0  0  0  0
   -1.8089    0.4742   -0.3948 C   0  0  0  0  0  0  0  0  0  0  0  0
    0.2945    1.7113   -0.3860 C   0  0  0  0  0  0  0  0  0  0  0  0
   -1.8222   -2.0570   -0.3624 C   0  0  0  0  0  0  0  0  0  0  0  0
   -1.1136    1.6975   -0.4053 C   0  0  0  0  0  0  0  0  0  0  0  0
    2.8901    0.4628    0.9719 C   0  0  0  0  0  0  0  0  0  0  0  0
    0.8280   -1.6072   -0.4073 H   0  0  0  0  0  0  0  0  0  0  0  0
   -2.8307    0.4954   -0.3825 H   0  0  0  0  0  0  0  0  0  0  0  0
   -1.5480   -2.6530   -1.2351 H   0  0  0  0  0  0  0  0  0  0  0  0
   -2.9083   -1.9445   -0.3654 H   0  0  0  0  0  0  0  0  0  0  0  0
   -1.6384    2.5754   -0.4135 H   0  0  0  0  0  0  0  0  0  0  0  0
    3.9664    0.4546    0.8052 H   0  0  0  0  0  0  0  0  0  0  0  0
    2.6294   -0.4258    1.5537 H   0  0  0  0  0  0  0  0  0  0  0  0
    2.6447    1.3511    1.5608 H   0  0  0  0  0  0  0  0  0  0  0  0
    0.4799    3.5746   -0.3908 H   0  0  0  0  0  0  0  0  0  0  0  0
   -1.9575   -3.6216    0.7631 H   0  0  0  0  0  0  0  0  0  0  0  0
  1  6  1  0  0  0  0
  1 11  1  0  0  0  0
  2  8  1  0  0  0  0
  2 20  1  0  0  0  0
  3  9  1  0  0  0  0
  3 21  1  0  0  0  0
  4  5  2  0  0  0  0
  4  7  1  0  0  0  0
  4  9  1  0  0  0  0
  5  6  1  0  0  0  0
  5 12  1  0  0  0  0
  6  8  2  0  0  0  0
  7 10  2  0  0  0  0
  7 13  1  0  0  0  0
  8 10  1  0  0  0  0
  9 14  1  0  0  0  0
  9 15  1  0  0  0  0
 10 16  1  0  0  0  0
 11 17  1  0  0  0  0
 11 18  1  0  0  0  0
 11 19  1  0  0  0  0
M  END
> <PUBCHEM_BONDANNOTATIONS>
4  5  8
4  7  8
5  6  8
6  8  8
7  10  8
8  10  8

$$$$
