
  ACD/Labs04281710322D

 11 11  0  0  0  0  0  0  0  0  1 V2000
    0.0000    0.0000    0.0000 S   0  0  0  0  0  0  0  0  0  0  0  0
    0.6644   -1.1553    0.0000 C   0  0  0  0  0  0  0  0  0  0  0  0
    0.0000   -2.3046    0.0000 N   0  0  0  0  0  0  0  0  0  0  0  0
    1.9933   -1.1553    0.0000 N   0  0  0  0  0  0  0  0  0  0  0  0
    2.6578   -2.3046    0.0000 C   0  0  0  0  0  0  0  0  0  0  0  0
    3.9927   -2.3046    0.0000 C   0  0  0  0  0  0  0  0  0  0  0  0
    4.6571   -1.1553    0.0000 C   0  0  0  0  0  0  0  0  0  0  0  0
    5.9860   -1.1553    0.0000 C   0  0  0  0  0  0  0  0  0  0  0  0
    1.9933   -3.4599    0.0000 C   0  0  0  0  0  0  0  0  0  0  0  0
    0.6644   -3.4599    0.0000 C   0  0  0  0  0  0  0  0  0  0  0  0
    0.0000   -4.6092    0.0000 O   0  0  0  0  0  0  0  0  0  0  0  0
  1  2  2  0  0  0  0
  2  3  1  0  0  0  0
  2  4  1  0  0  0  0
  3 10  1  0  0  0  0
  4  5  1  0  0  0  0
  5  6  1  0  0  0  0
  5  9  2  0  0  0  0
  6  7  1  0  0  0  0
  7  8  1  0  0  0  0
  9 10  1  0  0  0  0
 10 11  2  0  0  0  0
M  END
