
  SciTegic07080820033D

 11 11  0  0  0  0            999 V2000
    5.0318   -1.2175    0.0000 C   0  0
    3.7105   -0.4277   -0.0002 C   0  0
    2.5257   -1.4115   -0.0001 C   0  0
    1.2318   -0.6493   -0.0001 C   0  0
    1.2448    0.6831    0.0001 C   0  0
   -0.0109    1.4244    0.0000 C   0  0
   -0.0036    2.6604    0.0003 O   0  0
   -1.2149    0.7326   -0.0002 N   0  0
   -1.2014   -0.6594   -0.0004 C   0  0
   -2.5485   -1.4549   -0.0007 S   0  0
    0.0162   -1.3471   -0.0004 N   0  0
  1  2  1  0
  2  3  1  0
  3  4  1  0
  4  5  2  3
  5  6  1  0
  6  7  2  0
  6  8  1  0
  8  9  1  0
  9 10  2  0
  9 11  1  0
 11  4  1  0
M  END
