MolHeader
  ELEMENTL03211813542D
Dotmatics Elemental
  6  5  0  0  1  0            999 V2000
    1.3305   -1.3305    0.0000 C   0  0  0  0  0
    2.6609   -1.3305    0.0000 C   0  0  0  0  0
    3.3262   -2.4813    0.0000 O   0  0  0  0  0
    3.3262   -0.1796    0.0000 O   0  0  0  0  0
    0.6655   -0.1787    0.0000 N   0  0  0  0  0
    0.6652   -2.4821    0.0000 C   0  0  0  0  0
  1  2  1  0  0  0
  2  3  1  0  0  0
  2  4  2  0  0  0
  1  5  1  0  0  0
  1  6  1  6  0  0
M  END
