
  ACD/Labs04281710492D

  8  7  0  0  1  0  0  0  0  0  1 V2000
    0.0000   -1.9958    0.0000 N   0  0  0  0  0  0  0  0  0  0  0  0
    1.3305   -1.9958    0.0000 C   0  0  0  0  0  0  0  0  0  0  0  0
    1.3305   -3.3263    0.0000 H   0  0  0  0  0  0  0  0  0  0  0  0
    1.3305   -0.6653    0.0000 C   0  0  0  0  0  0  0  0  0  0  0  0
    2.4814    0.0000    0.0000 O   0  0  0  0  0  0  0  0  0  0  0  0
    2.6610   -1.9958    0.0000 C   0  0  0  0  0  0  0  0  0  0  0  0
    3.3263   -3.1466    0.0000 O   0  0  0  0  0  0  0  0  0  0  0  0
    3.3263   -0.8449    0.0000 O   0  0  0  0  0  0  0  0  0  0  0  0
  1  2  1  0  0  0  0
  2  3  1  6  0  0  0
  2  4  1  0  0  0  0
  2  6  1  0  0  0  0
  4  5  1  0  0  0  0
  6  7  1  0  0  0  0
  6  8  2  0  0  0  0
M  END
