5951
  Marvin  12300703363D          

 14 13  0  0  1  0            999 V2000
   -0.0665    1.8499    1.3701 O   0  0  0  0  0  0  0  0  0  0  0  0
   -0.2230   -2.1908   -1.2120 O   0  0  0  0  0  0  0  0  0  0  0  0
   -1.2250   -0.5257   -1.9159 O   0  0  0  0  0  0  0  0  0  0  0  0
    1.4355   -0.2842    0.1213 N   0  0  0  0  0  0  0  0  0  0  0  0
   -0.0357   -0.2720    0.1084 C   0  0  1  0  0  0  0  0  0  0  0  0
   -0.5322    1.1938    0.1967 C   0  0  0  0  0  0  0  0  0  0  0  0
   -0.5132   -1.0133   -1.0491 C   0  0  0  0  0  0  0  0  0  0  0  0
   -0.3787   -0.7949    1.0062 H   0  0  0  0  0  0  0  0  0  0  0  0
   -1.6247    1.2224    0.2149 H   0  0  0  0  0  0  0  0  0  0  0  0
   -0.1881    1.7615   -0.6709 H   0  0  0  0  0  0  0  0  0  0  0  0
    1.7421    0.1626    0.9887 H   0  0  0  0  0  0  0  0  0  0  0  0
    1.7409   -1.2594    0.1729 H   0  0  0  0  0  0  0  0  0  0  0  0
   -0.4207    2.7618    1.3021 H   0  0  0  0  0  0  0  0  0  0  0  0
    0.2894   -2.6118   -0.6332 H   0  0  0  0  0  0  0  0  0  0  0  0
  1  6  1  0  0  0  0
  1 13  1  0  0  0  0
  2  7  1  0  0  0  0
  2 14  1  0  0  0  0
  3  7  2  0  0  0  0
  5  4  1  0  0  0  0
  4 11  1  0  0  0  0
  4 12  1  0  0  0  0
  5  6  1  0  0  0  0
  5  7  1  0  0  0  0
  5  8  1  0  0  0  0
  6  9  1  0  0  0  0
  6 10  1  0  0  0  0
M  END
> <PUBCHEM_BONDANNOTATIONS>
5  4  6

$$$$
