5960
  Marvin  12300703363D          

 16 15  0  0  1  0            999 V2000
    2.3775    0.4897    1.1526 O   0  0  0  0  0  0  0  0  0  0  0  0
   -2.7866    1.2914   -0.2932 O   0  0  0  0  0  0  0  0  0  0  0  0
    0.5041    0.7975    1.9690 O   0  0  0  0  0  0  0  0  0  0  0  0
   -0.9136    2.1638   -0.4104 O   0  0  0  0  0  0  0  0  0  0  0  0
    1.0186   -1.6634   -0.1853 N   0  0  0  0  0  0  0  0  0  0  0  0
    0.5752   -0.2607   -0.1392 C   0  0  1  0  0  0  0  0  0  0  0  0
   -0.9784   -0.1870   -0.2494 C   0  0  0  0  0  0  0  0  0  0  0  0
    1.1646    0.3614    1.0379 C   0  0  0  0  0  0  0  0  0  0  0  0
   -1.5717    1.1387   -0.3218 C   0  0  0  0  0  0  0  0  0  0  0  0
    0.9912    0.2231   -1.0278 H   0  0  0  0  0  0  0  0  0  0  0  0
   -1.2957   -0.7289   -1.1451 H   0  0  0  0  0  0  0  0  0  0  0  0
   -1.4107   -0.7127    0.6071 H   0  0  0  0  0  0  0  0  0  0  0  0
    0.6910   -2.0655   -1.0663 H   0  0  0  0  0  0  0  0  0  0  0  0
    2.0405   -1.6571   -0.2330 H   0  0  0  0  0  0  0  0  0  0  0  0
    2.9226    0.2070    0.5227 H   0  0  0  0  0  0  0  0  0  0  0  0
   -3.3287    0.6029   -0.2176 H   0  0  0  0  0  0  0  0  0  0  0  0
  1  8  1  0  0  0  0
  1 15  1  0  0  0  0
  2  9  1  0  0  0  0
  2 16  1  0  0  0  0
  3  8  2  0  0  0  0
  4  9  2  0  0  0  0
  6  5  1  0  0  0  0
  5 13  1  0  0  0  0
  5 14  1  0  0  0  0
  6  7  1  0  0  0  0
  6  8  1  0  0  0  0
  6 10  1  0  0  0  0
  7  9  1  0  0  0  0
  7 11  1  0  0  0  0
  7 12  1  0  0  0  0
M  END
> <PUBCHEM_BONDANNOTATIONS>
6  5  5

$$$$
