64048
  Marvin  12310715543D          

 18 19  0  0  0  0            999 V2000
   -1.7265    2.3595    0.1128 O   0  0  0  0  0  0  0  0  0  0  0  0
    2.6205    2.4974    0.2432 O   0  0  0  0  0  0  0  0  0  0  0  0
    1.7069    0.5076    0.2062 N   0  0  0  0  0  0  0  0  0  0  0  0
    0.4351    2.3939    0.1732 N   0  0  0  0  0  0  0  0  0  0  0  0
   -0.6624    0.3208   -0.0160 C   0  0  0  0  0  0  0  0  0  0  0  0
    0.6276   -0.2795    0.0797 C   0  0  0  0  0  0  0  0  0  0  0  0
   -0.6859    1.7188    0.0887 C   0  0  0  0  0  0  0  0  0  0  0  0
   -1.7947   -0.5010   -0.2166 C   0  0  0  0  0  0  0  0  0  0  0  0
    0.7575   -1.6819    0.0206 C   0  0  0  0  0  0  0  0  0  0  0  0
    1.6095    1.8135    0.2123 C   0  0  0  0  0  0  0  0  0  0  0  0
   -1.6508   -1.8977   -0.3073 C   0  0  0  0  0  0  0  0  0  0  0  0
   -0.3793   -2.4865   -0.1814 C   0  0  0  0  0  0  0  0  0  0  0  0
    2.5528    0.1146    0.2771 H   0  0  0  0  0  0  0  0  0  0  0  0
   -2.7286   -0.0937   -0.3066 H   0  0  0  0  0  0  0  0  0  0  0  0
    1.6744   -2.1246    0.1158 H   0  0  0  0  0  0  0  0  0  0  0  0
    0.3961    3.3285    0.2056 H   0  0  0  0  0  0  0  0  0  0  0  0
   -2.4711   -2.4866   -0.4650 H   0  0  0  0  0  0  0  0  0  0  0  0
   -0.2812   -3.5031   -0.2424 H   0  0  0  0  0  0  0  0  0  0  0  0
  1  7  2  0  0  0  0
  2 10  2  0  0  0  0
  3  6  1  0  0  0  0
  3 10  1  0  0  0  0
  3 13  1  0  0  0  0
  4  7  1  0  0  0  0
  4 10  1  0  0  0  0
  4 16  1  0  0  0  0
  5  6  1  0  0  0  0
  5  7  1  0  0  0  0
  5  8  2  0  0  0  0
  6  9  2  0  0  0  0
  8 11  1  0  0  0  0
  8 14  1  0  0  0  0
  9 12  1  0  0  0  0
  9 15  1  0  0  0  0
 11 12  2  0  0  0  0
 11 17  1  0  0  0  0
 12 18  1  0  0  0  0
M  END
> <PUBCHEM_BONDANNOTATIONS>
11  12  8
3  10  8
3  6  8
4  10  8
4  7  8
5  6  8
5  7  8
5  8  8
6  9  8
8  11  8
9  12  8

$$$$
