
  1019              3D

 20 21  0  0  0  0  0  0  0  0999 V2000
    3.4286   -3.3988   -0.0309 C   0  0  0  0  0  0  0  0  0  0  0  0
    3.3792   -2.0065    0.0285 C   0  0  0  0  0  0  0  0  0  0  0  0
    4.7658   -3.6948    0.0382 N   0  0  0  0  0  0  0  0  0  0  0  0
    2.2960   -4.2063   -0.1459 C   0  0  0  0  0  0  0  0  0  0  0  0
    2.1328   -1.3615   -0.0179 C   0  0  0  0  0  0  0  0  0  0  0  0
    4.6449   -1.4729    0.1236 N   0  0  0  0  0  0  0  0  0  0  0  0
    5.4442   -2.5133    0.1202 C   0  0  0  0  0  0  0  0  0  0  0  0
    1.0605   -3.5546   -0.1909 C   0  0  0  0  0  0  0  0  0  0  0  0
    0.9857   -2.1614   -0.1084 C   0  0  0  0  0  0  0  0  0  0  0  0
    7.1668   -2.5017    0.1936 S   0  0  0  0  0  0  0  0  0  0  0  0
   -0.2474   -1.5646   -0.1810 O   0  0  0  0  0  0  0  0  0  0  0  0
   -0.6913   -1.1970    1.1255 C   0  0  0  0  0  0  0  0  0  0  0  0
    5.1740   -4.6197    0.0204 H   0  0  0  0  0  0  0  0  0  0  0  0
    2.3666   -5.2866   -0.2020 H   0  0  0  0  0  0  0  0  0  0  0  0
    2.0605   -0.2792    0.0213 H   0  0  0  0  0  0  0  0  0  0  0  0
    0.1522   -4.1441   -0.2908 H   0  0  0  0  0  0  0  0  0  0  0  0
    7.4029   -3.3315   -0.8340 H   0  0  0  0  0  0  0  0  0  0  0  0
   -0.4557   -1.9565    1.8800 H   0  0  0  0  0  0  0  0  0  0  0  0
   -0.2526   -0.2354    1.4112 H   0  0  0  0  0  0  0  0  0  0  0  0
   -1.7783   -1.0834    1.0893 H   0  0  0  0  0  0  0  0  0  0  0  0
  1  2  2  0  0  0  0
  1  3  1  0  0  0  0
  1  4  1  0  0  0  0
  2  5  1  0  0  0  0
  2  6  1  0  0  0  0
  3  7  1  0  0  0  0
  4  8  2  0  0  0  0
  5  9  2  0  0  0  0
  6  7  2  0  0  0  0
  7 10  1  0  0  0  0
  8  9  1  0  0  0  0
  9 11  1  0  0  0  0
 11 12  1  0  0  0  0
  3 13  1  0  0  0  0
  4 14  1  0  0  0  0
  5 15  1  0  0  0  0
  8 16  1  0  0  0  0
 10 17  1  0  0  0  0
 12 18  1  0  0  0  0
 12 19  1  0  0  0  0
 12 20  1  0  0  0  0
M  END
>  <energy>
30.470457809105461

$$$$
