602
  Marvin  12300703363D          

 13 12  0  0  1  0            999 V2000
    2.0198    1.0346    0.1302 O   0  0  0  0  0  0  0  0  0  0  0  0
    0.2397    2.1158    0.1510 O   0  0  0  0  0  0  0  0  0  0  0  0
   -0.8018   -0.2927    1.3229 N   0  0  0  0  0  0  0  0  0  0  0  0
    0.0348   -0.2077    0.1170 C   0  0  1  0  0  0  0  0  0  0  0  0
   -0.8410   -0.3258   -1.1518 C   0  0  0  0  0  0  0  0  0  0  0  0
    0.7949    1.0277    0.1378 C   0  0  0  0  0  0  0  0  0  0  0  0
    0.7089   -1.0704    0.1380 H   0  0  0  0  0  0  0  0  0  0  0  0
   -1.3785   -1.2759   -1.1604 H   0  0  0  0  0  0  0  0  0  0  0  0
   -0.2251   -0.2798   -2.0530 H   0  0  0  0  0  0  0  0  0  0  0  0
   -1.5765    0.4806   -1.1943 H   0  0  0  0  0  0  0  0  0  0  0  0
   -1.2662   -1.2037    1.3139 H   0  0  0  0  0  0  0  0  0  0  0  0
   -0.1811   -0.2828    2.1355 H   0  0  0  0  0  0  0  0  0  0  0  0
    2.4721    0.2800    0.1132 H   0  0  0  0  0  0  0  0  0  0  0  0
  1  6  1  0  0  0  0
  1 13  1  0  0  0  0
  2  6  2  0  0  0  0
  3  4  1  0  0  0  0
  3 11  1  0  0  0  0
  3 12  1  0  0  0  0
  4  5  1  0  0  0  0
  4  6  1  0  0  0  0
  4  7  1  0  0  0  0
  5  8  1  0  0  0  0
  5  9  1  0  0  0  0
  5 10  1  0  0  0  0
M  END
> <PUBCHEM_BONDANNOTATIONS>
4  3  3

$$$$
