
  ACD/Labs03221914022D

  6  5  0  0  0  0  0  0  0  0  1 V2000
    1.1509    0.0000    0.0000 C   0  0  0  0  0  0  0  0  0  0  0  0
    1.1509   -1.3307    0.0000 C   0  0  0  0  0  0  0  0  0  0  0  0
    2.3053   -1.9943    0.0000 C   0  0  0  0  0  0  0  0  0  0  0  0
    3.4563   -1.3307    0.0000 O   0  0  0  0  0  0  0  0  0  0  0  0
    2.3053   -3.3250    0.0000 O   0  0  0  0  0  0  0  0  0  0  0  0
    0.0000   -1.9943    0.0000 N   0  0  0  0  0  0  0  0  0  0  0  0
  1  2  1  0  0  0  0
  2  3  1  0  0  0  0
  2  6  1  0  0  0  0
  3  4  2  0  0  0  0
  3  5  1  0  0  0  0
M  END
