
  ACD/Labs04281710322D

 11 12  0  0  0  0  0  0  0  0  1 V2000
    5.2543   -4.5713    0.0000 N   0  0  0  0  0  0  0  0  0  0  0  0
    4.1036   -3.9040    0.0000 C   0  0  0  0  0  0  0  0  0  0  0  0
    3.9618   -2.5851    0.0000 N   0  0  0  0  0  0  0  0  0  0  0  0
    2.6587   -2.3066    0.0000 C   0  0  0  0  0  0  0  0  0  0  0  0
    1.9966   -1.1559    0.0000 C   0  0  0  0  0  0  0  0  0  0  0  0
    0.6673   -1.1559    0.0000 C   0  0  0  0  0  0  0  0  0  0  0  0
    0.0000    0.0000    0.0000 Cl  0  0  0  0  0  0  0  0  0  0  0  0
    0.0000   -2.3066    0.0000 C   0  0  0  0  0  0  0  0  0  0  0  0
    0.6673   -3.4573    0.0000 C   0  0  0  0  0  0  0  0  0  0  0  0
    1.9966   -3.4573    0.0000 C   0  0  0  0  0  0  0  0  0  0  0  0
    2.8846   -4.4451    0.0000 O   0  0  0  0  0  0  0  0  0  0  0  0
  1  2  1  0  0  0  0
  2  3  2  0  0  0  0
  2 11  1  0  0  0  0
  3  4  1  0  0  0  0
  4  5  1  0  0  0  0
  4 10  2  0  0  0  0
  5  6  2  0  0  0  0
  6  7  1  0  0  0  0
  6  8  1  0  0  0  0
  8  9  2  0  0  0  0
  9 10  1  0  0  0  0
 10 11  1  0  0  0  0
M  END
