676246
  Marvin  12310718493D          

 26 27  0  0  0  0            999 V2000
    1.4642   -0.3368   -0.4682 O   0  0  0  0  0  0  0  0  0  0  0  0
   -0.4234   -1.1597   -0.8626 O   0  0  0  0  0  0  0  0  0  0  0  0
    3.9443   -0.7669    0.2918 O   0  0  0  0  0  0  0  0  0  0  0  0
    0.7159    2.2676    0.1955 O   0  0  0  0  0  0  0  0  0  0  0  0
   -1.6947   -3.4110   -0.4165 O   0  0  0  0  0  0  0  0  0  0  0  0
   -2.3092    0.8749   -1.3587 O   0  0  0  0  0  0  0  0  0  0  0  0
    0.2949    0.5100   -2.0539 O   0  0  0  0  0  0  0  0  0  0  0  0
    2.1119    0.5056    0.0927 N   0  0  0  0  0  0  0  0  0  0  0  0
   -1.6230   -1.2080   -0.8314 N   0  0  0  0  0  0  0  0  0  0  0  0
    3.8355    1.2826    1.3708 C   0  0  0  0  0  0  0  0  0  0  0  0
    2.7811    2.3883    1.2151 C   0  0  0  0  0  0  0  0  0  0  0  0
   -3.6030   -2.1221   -0.1633 C   0  0  0  0  0  0  0  0  0  0  0  0
   -3.8360   -0.6701   -0.6051 C   0  0  0  0  0  0  0  0  0  0  0  0
    3.3005    0.2478    0.5295 C   0  0  0  0  0  0  0  0  0  0  0  0
    1.7785    1.7144    0.4446 C   0  0  0  0  0  0  0  0  0  0  0  0
   -2.2174   -2.3058   -0.4947 C   0  0  0  0  0  0  0  0  0  0  0  0
   -2.5113   -0.2691   -0.9767 C   0  0  0  0  0  0  0  0  0  0  0  0
    0.4390   -0.3215   -1.1669 C   0  0  0  0  0  0  0  0  0  0  0  0
    3.8995    0.9217    2.4025 H   0  0  0  0  0  0  0  0  0  0  0  0
    4.8232    1.6178    1.0397 H   0  0  0  0  0  0  0  0  0  0  0  0
    3.1668    3.2495    0.6645 H   0  0  0  0  0  0  0  0  0  0  0  0
    2.3923    2.7147    2.1825 H   0  0  0  0  0  0  0  0  0  0  0  0
   -3.7426   -2.2476    0.9154 H   0  0  0  0  0  0  0  0  0  0  0  0
   -4.2564   -2.8167   -0.6990 H   0  0  0  0  0  0  0  0  0  0  0  0
   -4.5136   -0.6069   -1.4602 H   0  0  0  0  0  0  0  0  0  0  0  0
   -4.2170   -0.0527    0.2126 H   0  0  0  0  0  0  0  0  0  0  0  0
  1  8  1  0  0  0  0
  1 18  1  0  0  0  0
  2  9  1  0  0  0  0
  2 18  1  0  0  0  0
  3 14  2  0  0  0  0
  4 15  2  0  0  0  0
  5 16  2  0  0  0  0
  6 17  2  0  0  0  0
  7 18  2  0  0  0  0
  8 14  1  0  0  0  0
  8 15  1  0  0  0  0
  9 16  1  0  0  0  0
  9 17  1  0  0  0  0
 10 11  1  0  0  0  0
 10 14  1  0  0  0  0
 10 19  1  0  0  0  0
 10 20  1  0  0  0  0
 11 15  1  0  0  0  0
 11 21  1  0  0  0  0
 11 22  1  0  0  0  0
 12 13  1  0  0  0  0
 12 16  1  0  0  0  0
 12 23  1  0  0  0  0
 12 24  1  0  0  0  0
 13 17  1  0  0  0  0
 13 25  1  0  0  0  0
 13 26  1  0  0  0  0
M  END
$$$$
