6211
  Marvin  12300703363D          

 13 13  0  0  0  0            999 V2000
    1.9963   -1.5501   -0.0045 O   0  0  0  0  0  0  0  0  0  0  0  0
   -0.1717    2.5216   -0.0045 O   0  0  0  0  0  0  0  0  0  0  0  0
   -2.3533   -1.2529   -0.0040 O   0  0  0  0  0  0  0  0  0  0  0  0
   -0.1749   -1.3860   -0.0050 N   0  0  0  0  0  0  0  0  0  0  0  0
   -1.2476    0.6286   -0.0050 N   0  0  0  0  0  0  0  0  0  0  0  0
    1.1707    0.6233    0.0074 C   0  0  0  0  0  0  0  0  0  0  0  0
    1.0088   -0.8302   -0.0021 C   0  0  0  0  0  0  0  0  0  0  0  0
   -0.1257    1.3004   -0.0021 C   0  0  0  0  0  0  0  0  0  0  0  0
   -1.2758   -0.6793   -0.0051 C   0  0  0  0  0  0  0  0  0  0  0  0
    1.7478    0.9305   -0.8686 H   0  0  0  0  0  0  0  0  0  0  0  0
    1.7214    0.9165    0.9045 H   0  0  0  0  0  0  0  0  0  0  0  0
   -0.2381   -2.3200   -0.0056 H   0  0  0  0  0  0  0  0  0  0  0  0
   -2.0578    1.0977   -0.0056 H   0  0  0  0  0  0  0  0  0  0  0  0
  1  7  2  0  0  0  0
  2  8  2  0  0  0  0
  3  9  2  0  0  0  0
  4  7  1  0  0  0  0
  4  9  1  0  0  0  0
  4 12  1  0  0  0  0
  5  8  1  0  0  0  0
  5  9  1  0  0  0  0
  5 13  1  0  0  0  0
  6  7  1  0  0  0  0
  6  8  1  0  0  0  0
  6 10  1  0  0  0  0
  6 11  1  0  0  0  0
M  END
$$$$
