689105
  Marvin  12310720193D          

 21 22  0  0  0  0            999 V2000
    1.7929    3.3322   -0.3798 O   0  0  0  0  0  0  0  0  0  0  0  0
   -0.0940    3.4724    0.4752 O   0  0  0  0  0  0  0  0  0  0  0  0
    1.2987   -0.7152    0.0905 N   0  0  0  0  0  0  0  0  0  0  0  0
    1.7073    0.5183    0.0592 N   0  0  0  0  0  0  0  0  0  0  0  0
   -0.0505   -0.7253    0.0768 C   0  0  0  0  0  0  0  0  0  0  0  0
   -0.4759    0.6041   -0.0051 C   0  0  0  0  0  0  0  0  0  0  0  0
    0.6774    1.3859    0.0254 C   0  0  0  0  0  0  0  0  0  0  0  0
   -0.9976   -1.7699    0.1205 C   0  0  0  0  0  0  0  0  0  0  0  0
   -1.8430    0.9270   -0.1118 C   0  0  0  0  0  0  0  0  0  0  0  0
    2.2074   -1.8161    0.1240 C   0  0  0  0  0  0  0  0  0  0  0  0
   -2.3696   -1.4566    0.0409 C   0  0  0  0  0  0  0  0  0  0  0  0
   -2.7891   -0.1168   -0.0913 C   0  0  0  0  0  0  0  0  0  0  0  0
    0.7944    2.7587    0.0352 C   0  0  0  0  0  0  0  0  0  0  0  0
   -0.7045   -2.7441    0.2086 H   0  0  0  0  0  0  0  0  0  0  0  0
   -2.1517    1.8955   -0.2123 H   0  0  0  0  0  0  0  0  0  0  0  0
    2.8541   -1.7853   -0.7548 H   0  0  0  0  0  0  0  0  0  0  0  0
    2.8308   -1.7599    1.0179 H   0  0  0  0  0  0  0  0  0  0  0  0
    1.7082   -2.7859    0.1280 H   0  0  0  0  0  0  0  0  0  0  0  0
   -3.0653   -2.2050    0.0748 H   0  0  0  0  0  0  0  0  0  0  0  0
   -3.7847    0.1005   -0.1724 H   0  0  0  0  0  0  0  0  0  0  0  0
    2.4547    2.8857   -0.7493 H   0  0  0  0  0  0  0  0  0  0  0  0
  1 13  1  0  0  0  0
  1 21  1  0  0  0  0
  2 13  2  0  0  0  0
  3  4  1  0  0  0  0
  3  5  1  0  0  0  0
  3 10  1  0  0  0  0
  4  7  2  0  0  0  0
  5  6  1  0  0  0  0
  5  8  2  0  0  0  0
  6  7  1  0  0  0  0
  6  9  2  0  0  0  0
  7 13  1  0  0  0  0
  8 11  1  0  0  0  0
  8 14  1  0  0  0  0
  9 12  1  0  0  0  0
  9 15  1  0  0  0  0
 10 16  1  0  0  0  0
 10 17  1  0  0  0  0
 10 18  1  0  0  0  0
 11 12  2  0  0  0  0
 11 19  1  0  0  0  0
 12 20  1  0  0  0  0
M  END
> <PUBCHEM_BONDANNOTATIONS>
11  12  8
3  4  8
3  5  8
4  7  8
5  6  8
5  8  8
6  7  8
6  9  8
8  11  8
9  12  8

$$$$
