
  ACD/Labs06251410092D

 13 14  0  0  0  0  0  0  0  0  1 V2000
    2.6091   -5.3550    0.0000 C   0  0  0  0  0  0  0  0  0  0  0  0
    2.8825   -4.0566    0.0000 N   0  0  0  0  0  0  0  0  0  0  0  0
    4.1001   -3.5161    0.0000 N   0  0  0  0  0  0  0  0  0  0  0  0
    3.9572   -2.1929    0.0000 C   0  0  0  0  0  0  0  0  0  0  0  0
    4.9450   -1.3046    0.0000 C   0  0  0  0  0  0  0  0  0  0  0  0
    6.2122   -1.7146    0.0000 O   0  0  0  0  0  0  0  0  0  0  0  0
    4.6716    0.0000    0.0000 O   0  0  0  0  0  0  0  0  0  0  0  0
    2.6588   -1.9134    0.0000 C   0  0  0  0  0  0  0  0  0  0  0  0
    1.9941   -0.7641    0.0000 C   0  0  0  0  0  0  0  0  0  0  0  0
    0.6647   -0.7641    0.0000 C   0  0  0  0  0  0  0  0  0  0  0  0
    0.0000   -1.9134    0.0000 C   0  0  0  0  0  0  0  0  0  0  0  0
    0.6647   -3.0689    0.0000 C   0  0  0  0  0  0  0  0  0  0  0  0
    1.9941   -3.0689    0.0000 C   0  0  0  0  0  0  0  0  0  0  0  0
  1  2  1  0  0  0  0
  2  3  1  0  0  0  0
  2 13  1  0  0  0  0
  3  4  2  0  0  0  0
  4  5  1  0  0  0  0
  4  8  1  0  0  0  0
  5  6  1  0  0  0  0
  5  7  2  0  0  0  0
  8  9  1  0  0  0  0
  8 13  2  0  0  0  0
  9 10  2  0  0  0  0
 10 11  1  0  0  0  0
 11 12  2  0  0  0  0
 12 13  1  0  0  0  0
M  END
