6251
  Marvin  12300703363D          

 26 25  0  0  1  0            999 V2000
    0.9174    1.6195    1.7248 O   0  0  0  0  0  0  0  0  0  0  0  0
    2.4211   -0.3458    0.4065 O   0  0  0  0  0  0  0  0  0  0  0  0
   -1.5685    2.4648    0.6000 O   0  0  0  0  0  0  0  0  0  0  0  0
    1.0603   -2.5425   -0.8476 O   0  0  0  0  0  0  0  0  0  0  0  0
   -3.2450    0.4386    1.7163 O   0  0  0  0  0  0  0  0  0  0  0  0
    0.4757   -1.3054   -3.3528 O   0  0  0  0  0  0  0  0  0  0  0  0
    0.3938    1.0054    0.5462 C   0  0  1  0  0  0  0  0  0  0  0  0
    0.9957   -0.4237    0.3724 C   0  0  1  0  0  0  0  0  0  0  0  0
   -1.1605    1.0976    0.5811 C   0  0  1  0  0  0  0  0  0  0  0  0
    0.5450   -1.2127   -0.8933 C   0  0  1  0  0  0  0  0  0  0  0  0
   -1.8262    0.3518    1.7634 C   0  0  0  0  0  0  0  0  0  0  0  0
    0.9444   -0.5567   -2.2378 C   0  0  0  0  0  0  0  0  0  0  0  0
    0.7491    1.6311   -0.2765 H   0  0  0  0  0  0  0  0  0  0  0  0
    0.7274   -1.0109    1.2545 H   0  0  0  0  0  0  0  0  0  0  0  0
   -1.5731    0.6990   -0.3481 H   0  0  0  0  0  0  0  0  0  0  0  0
   -0.5403   -1.3352   -0.8820 H   0  0  0  0  0  0  0  0  0  0  0  0
   -1.4875    0.7632    2.7161 H   0  0  0  0  0  0  0  0  0  0  0  0
   -1.5791   -0.7103    1.7383 H   0  0  0  0  0  0  0  0  0  0  0  0
    2.0300   -0.4677   -2.3134 H   0  0  0  0  0  0  0  0  0  0  0  0
    0.5080    0.4395   -2.3257 H   0  0  0  0  0  0  0  0  0  0  0  0
    1.8878    1.6658    1.5912 H   0  0  0  0  0  0  0  0  0  0  0  0
    2.7313   -1.2760    0.4286 H   0  0  0  0  0  0  0  0  0  0  0  0
   -1.2530    2.8393   -0.2504 H   0  0  0  0  0  0  0  0  0  0  0  0
    0.6557   -2.9477   -0.0508 H   0  0  0  0  0  0  0  0  0  0  0  0
   -3.5492   -0.1071    2.4723 H   0  0  0  0  0  0  0  0  0  0  0  0
    0.7399   -0.7737   -4.1334 H   0  0  0  0  0  0  0  0  0  0  0  0
  7  1  1  0  0  0  0
  1 21  1  0  0  0  0
  8  2  1  0  0  0  0
  2 22  1  0  0  0  0
  9  3  1  0  0  0  0
  3 23  1  0  0  0  0
 10  4  1  0  0  0  0
  4 24  1  0  0  0  0
  5 11  1  0  0  0  0
  5 25  1  0  0  0  0
  6 12  1  0  0  0  0
  6 26  1  0  0  0  0
  7  8  1  0  0  0  0
  7  9  1  0  0  0  0
  7 13  1  0  0  0  0
  8 10  1  0  0  0  0
  8 14  1  0  0  0  0
  9 11  1  0  0  0  0
  9 15  1  0  0  0  0
 10 12  1  0  0  0  0
 10 16  1  0  0  0  0
 11 17  1  0  0  0  0
 11 18  1  0  0  0  0
 12 19  1  0  0  0  0
 12 20  1  0  0  0  0
M  END
> <PUBCHEM_BONDANNOTATIONS>
7  1  6
8  2  6
9  3  5
10  4  5

$$$$
