66808
  Marvin  12310720203D          

 17 17  0  0  0  0            999 V2000
   -2.6982    0.3802    0.0231 O   0  0  0  0  0  0  0  0  0  0  0  0
   -0.9449   -3.1894   -0.3700 O   0  0  0  0  0  0  0  0  0  0  0  0
    3.4224    1.2967    0.0025 O   0  5  0  0  0  0  0  0  0  0  0  0
    3.4262   -0.6403   -0.0002 O   0  0  0  0  0  0  0  0  0  0  0  0
    2.7668    0.3247   -0.0012 N   0  3  0  0  0  0  0  0  0  0  0  0
   -0.7472   -0.9209    0.0002 C   0  0  0  0  0  0  0  0  0  0  0  0
    1.4208    0.3205   -0.0027 C   0  0  0  0  0  0  0  0  0  0  0  0
    0.6708   -0.8845   -0.0117 C   0  0  0  0  0  0  0  0  0  0  0  0
   -1.4386    0.3170    0.0196 C   0  0  0  0  0  0  0  0  0  0  0  0
    0.6760    1.5260    0.0082 C   0  0  0  0  0  0  0  0  0  0  0  0
   -0.7279    1.5318    0.0191 C   0  0  0  0  0  0  0  0  0  0  0  0
   -1.4344   -2.1296   -0.0068 C   0  0  0  0  0  0  0  0  0  0  0  0
    1.1825   -1.7713   -0.0187 H   0  0  0  0  0  0  0  0  0  0  0  0
    1.1503    2.4325    0.0091 H   0  0  0  0  0  0  0  0  0  0  0  0
   -1.2237    2.4276    0.0251 H   0  0  0  0  0  0  0  0  0  0  0  0
   -2.3827   -2.1753    0.2821 H   0  0  0  0  0  0  0  0  0  0  0  0
   -3.1181    1.1542    0.0222 H   0  0  0  0  0  0  0  0  0  0  0  0
  1  9  1  0  0  0  0
  1 17  1  0  0  0  0
  2 12  2  0  0  0  0
  3  5  1  0  0  0  0
  4  5  2  0  0  0  0
  5  7  1  0  0  0  0
  6  8  1  0  0  0  0
  6  9  2  0  0  0  0
  6 12  1  0  0  0  0
  7  8  2  0  0  0  0
  7 10  1  0  0  0  0
  8 13  1  0  0  0  0
  9 11  1  0  0  0  0
 10 11  2  0  0  0  0
 10 14  1  0  0  0  0
 11 15  1  0  0  0  0
 12 16  1  0  0  0  0
M  CHG  2   3  -1   5   1
M  END
> <PUBCHEM_BONDANNOTATIONS>
10  11  8
6  8  8
6  9  8
7  10  8
7  8  8
9  11  8

$$$$
