66950
  Marvin  12310720203D          

 13 13  0  0  0  0            999 V2000
   -2.4605    0.6330   -0.7296 O   0  0  0  0  0  0  0  0  0  0  0  0
   -0.5974   -0.5137   -0.6331 N   0  0  0  0  0  0  0  0  0  0  0  0
    1.1175    0.1922    0.6488 N   0  0  0  0  0  0  0  0  0  0  0  0
    1.3015   -1.7229   -0.4782 N   0  0  0  0  0  0  0  0  0  0  0  0
    0.6186   -0.6913   -0.1564 C   0  0  0  0  0  0  0  0  0  0  0  0
   -1.3275    0.5281   -0.2856 C   0  0  0  0  0  0  0  0  0  0  0  0
   -0.8073    1.4713    0.5652 C   0  0  0  0  0  0  0  0  0  0  0  0
    0.4485    1.2648    1.0173 C   0  0  0  0  0  0  0  0  0  0  0  0
   -0.9499   -1.1409   -1.2315 H   0  0  0  0  0  0  0  0  0  0  0  0
   -1.3255    2.2734    0.8407 H   0  0  0  0  0  0  0  0  0  0  0  0
    0.8789    1.9133    1.6312 H   0  0  0  0  0  0  0  0  0  0  0  0
    0.9392   -2.3659   -1.0524 H   0  0  0  0  0  0  0  0  0  0  0  0
    2.1639   -1.8413   -0.1363 H   0  0  0  0  0  0  0  0  0  0  0  0
  1  6  2  0  0  0  0
  2  5  1  0  0  0  0
  2  6  1  0  0  0  0
  2  9  1  0  0  0  0
  3  5  2  0  0  0  0
  3  8  1  0  0  0  0
  4  5  1  0  0  0  0
  4 12  1  0  0  0  0
  4 13  1  0  0  0  0
  6  7  1  0  0  0  0
  7  8  2  0  0  0  0
  7 10  1  0  0  0  0
  8 11  1  0  0  0  0
M  END
> <PUBCHEM_BONDANNOTATIONS>
2  5  8
2  6  8
3  5  8
3  8  8
6  7  8
7  8  8

$$$$
