67658
  Marvin  12310720203D          

 16 16  0  0  0  0            999 V2000
   -1.0894    2.9925   -0.0546 F   0  0  0  0  0  0  0  0  0  0  0  0
    1.6726   -1.6271   -0.0567 O   0  0  0  0  0  0  0  0  0  0  0  0
   -2.2693   -1.8906    0.4572 O   0  0  0  0  0  0  0  0  0  0  0  0
   -0.7406   -2.8262   -0.5591 O   0  0  0  0  0  0  0  0  0  0  0  0
   -0.4408   -0.6029   -0.0631 C   0  0  0  0  0  0  0  0  0  0  0  0
    0.9804   -0.5745   -0.0674 C   0  0  0  0  0  0  0  0  0  0  0  0
   -1.1267    0.6395   -0.0577 C   0  0  0  0  0  0  0  0  0  0  0  0
    1.6762    0.6510   -0.0631 C   0  0  0  0  0  0  0  0  0  0  0  0
   -0.4331    1.8638   -0.0562 C   0  0  0  0  0  0  0  0  0  0  0  0
    0.9718    1.8669   -0.0583 C   0  0  0  0  0  0  0  0  0  0  0  0
   -1.1617   -1.7943   -0.0591 C   0  0  0  0  0  0  0  0  0  0  0  0
   -2.1507    0.6758   -0.0632 H   0  0  0  0  0  0  0  0  0  0  0  0
    2.6994    0.6691   -0.0600 H   0  0  0  0  0  0  0  0  0  0  0  0
    1.4873    2.7497   -0.0560 H   0  0  0  0  0  0  0  0  0  0  0  0
    2.5521   -1.5925   -0.0521 H   0  0  0  0  0  0  0  0  0  0  0  0
   -2.6276   -1.2002    0.8694 H   0  0  0  0  0  0  0  0  0  0  0  0
  1  9  1  0  0  0  0
  2  6  1  0  0  0  0
  2 15  1  0  0  0  0
  3 11  1  0  0  0  0
  3 16  1  0  0  0  0
  4 11  2  0  0  0  0
  5  6  2  0  0  0  0
  5  7  1  0  0  0  0
  5 11  1  0  0  0  0
  6  8  1  0  0  0  0
  7  9  2  0  0  0  0
  7 12  1  0  0  0  0
  8 10  2  0  0  0  0
  8 13  1  0  0  0  0
  9 10  1  0  0  0  0
 10 14  1  0  0  0  0
M  END
> <PUBCHEM_BONDANNOTATIONS>
5  6  8
5  7  8
6  8  8
7  9  8
8  10  8
9  10  8

$$$$
