
  ACD/Labs02211713332D

 11 11  0  0  0  0  0  0  0  0  1 V2000
    4.6067    0.0000    0.0000 O   0  0  0  0  0  0  0  0  0  0  0  0
    4.6067   -1.3302    0.0000 C   0  0  0  0  0  0  0  0  0  0  0  0
    5.7584   -1.9924    0.0000 O   0  0  0  0  0  0  0  0  0  0  0  0
    3.4550   -1.9924    0.0000 C   0  0  0  0  0  0  0  0  0  0  0  0
    3.4550   -3.3226    0.0000 C   0  0  0  0  0  0  0  0  0  0  0  0
    4.6067   -3.9906    0.0000 O   0  0  0  0  0  0  0  0  0  0  0  0
    2.3034   -3.9906    0.0000 C   0  0  0  0  0  0  0  0  0  0  0  0
    1.1517   -3.3283    0.0000 C   0  0  0  0  0  0  0  0  0  0  0  0
    1.1517   -1.9924    0.0000 C   0  0  0  0  0  0  0  0  0  0  0  0
    0.0000   -1.3302    0.0000 F   0  0  0  0  0  0  0  0  0  0  0  0
    2.3034   -1.3302    0.0000 C   0  0  0  0  0  0  0  0  0  0  0  0
  1  2  1  0  0  0  0
  2  3  2  0  0  0  0
  2  4  1  0  0  0  0
  4  5  2  0  0  0  0
  4 11  1  0  0  0  0
  5  6  1  0  0  0  0
  5  7  1  0  0  0  0
  7  8  2  0  0  0  0
  8  9  1  0  0  0  0
  9 10  1  0  0  0  0
  9 11  2  0  0  0  0
M  END
