67687
  Marvin  12310720203D          

 18 18  0  0  0  0            999 V2000
    1.3486   -2.2630   -0.0474 F   0  0  0  0  0  0  0  0  0  0  0  0
    2.4458    2.6191    0.4522 O   0  0  0  0  0  0  0  0  0  0  0  0
    0.8643    3.5311   -0.5067 O   0  0  0  0  0  0  0  0  0  0  0  0
   -0.7820   -1.1974   -0.0534 C   0  0  0  0  0  0  0  0  0  0  0  0
    0.6342    1.2962   -0.0522 C   0  0  0  0  0  0  0  0  0  0  0  0
    0.6329   -1.1687   -0.0490 C   0  0  0  0  0  0  0  0  0  0  0  0
   -1.4751    0.0342   -0.0614 C   0  0  0  0  0  0  0  0  0  0  0  0
    1.3226    0.0585   -0.0471 C   0  0  0  0  0  0  0  0  0  0  0  0
   -0.7801    1.2574   -0.0667 C   0  0  0  0  0  0  0  0  0  0  0  0
   -1.5615   -2.4581   -0.0506 C   0  0  0  0  0  0  0  0  0  0  0  0
    1.3272    2.5017   -0.0388 C   0  0  0  0  0  0  0  0  0  0  0  0
   -2.4988    0.0547   -0.0610 H   0  0  0  0  0  0  0  0  0  0  0  0
    2.3467    0.0357   -0.0511 H   0  0  0  0  0  0  0  0  0  0  0  0
   -1.3305    2.1213   -0.0689 H   0  0  0  0  0  0  0  0  0  0  0  0
   -2.1958   -2.5049   -0.9376 H   0  0  0  0  0  0  0  0  0  0  0  0
   -2.1955   -2.5018    0.8370 H   0  0  0  0  0  0  0  0  0  0  0  0
   -0.9400   -3.3550   -0.0493 H   0  0  0  0  0  0  0  0  0  0  0  0
    2.8370    1.9389    0.8521 H   0  0  0  0  0  0  0  0  0  0  0  0
  1  6  1  0  0  0  0
  2 11  1  0  0  0  0
  2 18  1  0  0  0  0
  3 11  2  0  0  0  0
  4  6  2  0  0  0  0
  4  7  1  0  0  0  0
  4 10  1  0  0  0  0
  5  8  2  0  0  0  0
  5  9  1  0  0  0  0
  5 11  1  0  0  0  0
  6  8  1  0  0  0  0
  7  9  2  0  0  0  0
  7 12  1  0  0  0  0
  8 13  1  0  0  0  0
  9 14  1  0  0  0  0
 10 15  1  0  0  0  0
 10 16  1  0  0  0  0
 10 17  1  0  0  0  0
M  END
> <PUBCHEM_BONDANNOTATIONS>
4  6  8
4  7  8
5  8  8
5  9  8
6  8  8
7  9  8

$$$$
