67947
  Marvin  12310720203D          

 15 15  0  0  0  0            999 V2000
    2.1338   -2.0294   -0.0294 Cl  0  0  0  0  0  0  0  0  0  0  0  0
   -2.2691    0.6887   -0.1012 F   0  0  0  0  0  0  0  0  0  0  0  0
   -2.1089   -1.9843    0.4759 O   0  0  0  0  0  0  0  0  0  0  0  0
   -0.6339   -2.8915   -0.6082 O   0  0  0  0  0  0  0  0  0  0  0  0
   -0.2850   -0.6748   -0.0696 C   0  0  0  0  0  0  0  0  0  0  0  0
    1.1406   -0.6495   -0.0665 C   0  0  0  0  0  0  0  0  0  0  0  0
   -0.9651    0.5760   -0.0725 C   0  0  0  0  0  0  0  0  0  0  0  0
    1.8393    0.5765   -0.0656 C   0  0  0  0  0  0  0  0  0  0  0  0
   -0.2608    1.7951   -0.0641 C   0  0  0  0  0  0  0  0  0  0  0  0
    1.1420    1.7947   -0.0623 C   0  0  0  0  0  0  0  0  0  0  0  0
   -1.0161   -1.8645   -0.0672 C   0  0  0  0  0  0  0  0  0  0  0  0
    2.8621    0.6080   -0.0622 H   0  0  0  0  0  0  0  0  0  0  0  0
   -0.7589    2.6882   -0.0622 H   0  0  0  0  0  0  0  0  0  0  0  0
    1.6524    2.6798   -0.0584 H   0  0  0  0  0  0  0  0  0  0  0  0
   -2.4725   -1.3128    0.9134 H   0  0  0  0  0  0  0  0  0  0  0  0
  1  6  1  0  0  0  0
  2  7  1  0  0  0  0
  3 11  1  0  0  0  0
  3 15  1  0  0  0  0
  4 11  2  0  0  0  0
  5  6  1  0  0  0  0
  5  7  2  0  0  0  0
  5 11  1  0  0  0  0
  6  8  2  0  0  0  0
  7  9  1  0  0  0  0
  8 10  1  0  0  0  0
  8 12  1  0  0  0  0
  9 10  2  0  0  0  0
  9 13  1  0  0  0  0
 10 14  1  0  0  0  0
M  END
> <PUBCHEM_BONDANNOTATIONS>
5  6  8
5  7  8
6  8  8
7  9  8
8  10  8
9  10  8

$$$$
