
  ACD/Labs06251410132D

 13 14  0  0  0  0  0  0  0  0  1 V2000
    2.3040    0.0000    0.0000 O   0  0  0  0  0  0  0  0  0  0  0  0
    1.1497   -0.6656    0.0000 C   0  0  0  0  0  0  0  0  0  0  0  0
    0.0000    0.0000    0.0000 O   0  0  0  0  0  0  0  0  0  0  0  0
    1.1497   -1.9968    0.0000 C   0  0  0  0  0  0  0  0  0  0  0  0
    0.0000   -2.6577    0.0000 N   0  0  0  0  0  0  0  0  0  0  0  0
    0.0000   -3.9889    0.0000 C   0  0  0  0  0  0  0  0  0  0  0  0
    1.1497   -4.6545    0.0000 C   0  0  0  0  0  0  0  0  0  0  0  0
    2.3040   -3.9889    0.0000 C   0  0  0  0  0  0  0  0  0  0  0  0
    3.4536   -4.6545    0.0000 C   0  0  0  0  0  0  0  0  0  0  0  0
    4.6080   -3.9889    0.0000 C   0  0  0  0  0  0  0  0  0  0  0  0
    4.6080   -2.6577    0.0000 C   0  0  0  0  0  0  0  0  0  0  0  0
    3.4536   -1.9968    0.0000 C   0  0  0  0  0  0  0  0  0  0  0  0
    2.3040   -2.6577    0.0000 C   0  0  0  0  0  0  0  0  0  0  0  0
  1  2  1  0  0  0  0
  2  3  2  0  0  0  0
  2  4  1  0  0  0  0
  4  5  1  0  0  0  0
  4 13  2  0  0  0  0
  5  6  2  0  0  0  0
  6  7  1  0  0  0  0
  7  8  2  0  0  0  0
  8  9  1  0  0  0  0
  8 13  1  0  0  0  0
  9 10  2  0  0  0  0
 10 11  1  0  0  0  0
 11 12  2  0  0  0  0
 12 13  1  0  0  0  0
M  END
