
  ACD/Labs04281710402D

 10 11  0  0  0  0  0  0  0  0  1 V2000
    5.6821   -1.3296    0.0000 S   0  0  0  0  0  0  0  0  0  0  0  0
    4.3525   -1.3296    0.0000 C   0  0  0  0  0  0  0  0  0  0  0  0
    3.5741   -2.4035    0.0000 O   0  0  0  0  0  0  0  0  0  0  0  0
    2.3069   -1.9944    0.0000 C   0  0  0  0  0  0  0  0  0  0  0  0
    2.3069   -0.6648    0.0000 C   0  0  0  0  0  0  0  0  0  0  0  0
    1.1535    0.0000    0.0000 C   0  0  0  0  0  0  0  0  0  0  0  0
    0.0000   -0.6648    0.0000 C   0  0  0  0  0  0  0  0  0  0  0  0
    0.0000   -1.9944    0.0000 C   0  0  0  0  0  0  0  0  0  0  0  0
    1.1535   -2.6592    0.0000 C   0  0  0  0  0  0  0  0  0  0  0  0
    3.5741   -0.2557    0.0000 N   0  0  0  0  0  0  0  0  0  0  0  0
  1  2  1  0  0  0  0
  2  3  1  0  0  0  0
  2 10  2  0  0  0  0
  3  4  1  0  0  0  0
  4  5  2  0  0  0  0
  4  9  1  0  0  0  0
  5  6  1  0  0  0  0
  5 10  1  0  0  0  0
  6  7  2  0  0  0  0
  7  8  1  0  0  0  0
  8  9  2  0  0  0  0
M  END
