712377
  Marvin  12310721013D          

 15 16  0  0  0  0            999 V2000
    3.3475    2.1562    0.8381 S   0  0  0  0  0  0  0  0  0  0  0  0
    0.8043    1.7953    0.4784 O   0  0  0  0  0  0  0  0  0  0  0  0
    1.8925    0.0079    0.3541 N   0  0  0  0  0  0  0  0  0  0  0  0
    0.6593   -0.3035    0.0962 C   0  0  0  0  0  0  0  0  0  0  0  0
   -0.0280    0.9038    0.1847 C   0  0  0  0  0  0  0  0  0  0  0  0
    0.0047   -1.5031   -0.2324 C   0  0  0  0  0  0  0  0  0  0  0  0
   -1.4113    0.9620   -0.0603 C   0  0  0  0  0  0  0  0  0  0  0  0
    1.9219    1.2750    0.5500 C   0  0  0  0  0  0  0  0  0  0  0  0
   -1.3787   -1.4498   -0.5030 C   0  0  0  0  0  0  0  0  0  0  0  0
   -2.0812   -0.2266   -0.4206 C   0  0  0  0  0  0  0  0  0  0  0  0
    2.6219   -0.5768    0.3762 H   0  0  0  0  0  0  0  0  0  0  0  0
    0.5199   -2.3837   -0.2823 H   0  0  0  0  0  0  0  0  0  0  0  0
   -1.9150    1.8481    0.0118 H   0  0  0  0  0  0  0  0  0  0  0  0
   -1.8760   -2.3038   -0.7644 H   0  0  0  0  0  0  0  0  0  0  0  0
   -3.0817   -0.2008   -0.6267 H   0  0  0  0  0  0  0  0  0  0  0  0
  1  8  2  0  0  0  0
  2  5  1  0  0  0  0
  2  8  1  0  0  0  0
  3  4  1  0  0  0  0
  3  8  1  0  0  0  0
  3 11  1  0  0  0  0
  4  5  1  0  0  0  0
  4  6  2  0  0  0  0
  5  7  2  0  0  0  0
  6  9  1  0  0  0  0
  6 12  1  0  0  0  0
  7 10  1  0  0  0  0
  7 13  1  0  0  0  0
  9 10  2  0  0  0  0
  9 14  1  0  0  0  0
 10 15  1  0  0  0  0
M  END
> <PUBCHEM_BONDANNOTATIONS>
2  5  8
2  8  8
3  4  8
3  8  8
4  5  8
4  6  8
5  7  8
6  9  8
7  10  8
9  10  8

$$$$
