69114
  Marvin  12310720203D          

 15 15  0  0  0  0            999 V2000
   -0.6095   -2.1460    0.1654 O   0  0  0  0  0  0  0  0  0  0  0  0
    2.0943   -1.9431   -0.4579 O   0  0  0  0  0  0  0  0  0  0  0  0
    2.9187   -0.3183    0.4816 O   0  0  0  0  0  0  0  0  0  0  0  0
   -1.6697   -0.2870    0.1116 N   0  0  0  0  0  0  0  0  0  0  0  0
    0.6808   -0.2237    0.0544 C   0  0  0  0  0  0  0  0  0  0  0  0
   -0.5202   -0.9275    0.1041 C   0  0  0  0  0  0  0  0  0  0  0  0
    0.5757    1.1327    0.0235 C   0  0  0  0  0  0  0  0  0  0  0  0
   -0.6366    1.7697    0.0346 C   0  0  0  0  0  0  0  0  0  0  0  0
   -1.7568    1.0218    0.0795 C   0  0  0  0  0  0  0  0  0  0  0  0
    1.9049   -0.8346    0.0307 C   0  0  0  0  0  0  0  0  0  0  0  0
    1.3848    1.7113   -0.0198 H   0  0  0  0  0  0  0  0  0  0  0  0
   -2.4617   -0.7847    0.1443 H   0  0  0  0  0  0  0  0  0  0  0  0
   -0.6904    2.7619    0.0075 H   0  0  0  0  0  0  0  0  0  0  0  0
   -2.6527    1.4487    0.0889 H   0  0  0  0  0  0  0  0  0  0  0  0
    1.4384   -2.3811   -0.8482 H   0  0  0  0  0  0  0  0  0  0  0  0
  1  6  2  0  0  0  0
  2 10  1  0  0  0  0
  2 15  1  0  0  0  0
  3 10  2  0  0  0  0
  4  6  1  0  0  0  0
  4  9  1  0  0  0  0
  4 12  1  0  0  0  0
  5  6  1  0  0  0  0
  5  7  2  0  0  0  0
  5 10  1  0  0  0  0
  7  8  1  0  0  0  0
  7 11  1  0  0  0  0
  8  9  2  0  0  0  0
  8 13  1  0  0  0  0
  9 14  1  0  0  0  0
M  END
> <PUBCHEM_BONDANNOTATIONS>
4  6  8
4  9  8
5  6  8
5  7  8
7  8  8
8  9  8

$$$$
