69275
  Marvin  12310720203D          

 18 18  0  0  0  0            999 V2000
   -2.0100   -2.2414    1.1070 O   0  0  0  0  0  0  0  0  0  0  0  0
    1.1305    3.8143   -0.0790 O   0  5  0  0  0  0  0  0  0  0  0  0
    2.8109    2.8460   -0.0788 O   0  0  0  0  0  0  0  0  0  0  0  0
    1.6445    2.7616   -0.0796 N   0  3  0  0  0  0  0  0  0  0  0  0
   -0.4563   -0.9004   -0.0803 C   0  0  0  0  0  0  0  0  0  0  0  0
    0.9548   -0.8749   -0.0804 C   0  0  0  0  0  0  0  0  0  0  0  0
   -1.1471    0.3316   -0.0864 C   0  0  0  0  0  0  0  0  0  0  0  0
    0.9747    1.5948   -0.0813 C   0  0  0  0  0  0  0  0  0  0  0  0
   -1.2094   -2.1736   -0.0681 C   0  0  0  0  0  0  0  0  0  0  0  0
    1.6488    0.3474   -0.0808 C   0  0  0  0  0  0  0  0  0  0  0  0
   -0.4431    1.5491   -0.0839 C   0  0  0  0  0  0  0  0  0  0  0  0
    1.4918   -1.7466   -0.0784 H   0  0  0  0  0  0  0  0  0  0  0  0
   -2.1705    0.3527   -0.0887 H   0  0  0  0  0  0  0  0  0  0  0  0
   -1.8503   -2.2327   -0.9503 H   0  0  0  0  0  0  0  0  0  0  0  0
   -0.5590   -3.0515   -0.0751 H   0  0  0  0  0  0  0  0  0  0  0  0
    2.6719    0.3066   -0.0795 H   0  0  0  0  0  0  0  0  0  0  0  0
   -0.9946    2.4111   -0.0830 H   0  0  0  0  0  0  0  0  0  0  0  0
   -2.4877   -3.0942    1.0466 H   0  0  0  0  0  0  0  0  0  0  0  0
  1  9  1  0  0  0  0
  1 18  1  0  0  0  0
  2  4  1  0  0  0  0
  3  4  2  0  0  0  0
  4  8  1  0  0  0  0
  5  6  2  0  0  0  0
  5  7  1  0  0  0  0
  5  9  1  0  0  0  0
  6 10  1  0  0  0  0
  6 12  1  0  0  0  0
  7 11  2  0  0  0  0
  7 13  1  0  0  0  0
  8 10  2  0  0  0  0
  8 11  1  0  0  0  0
  9 14  1  0  0  0  0
  9 15  1  0  0  0  0
 10 16  1  0  0  0  0
 11 17  1  0  0  0  0
M  CHG  2   2  -1   4   1
M  END
> <PUBCHEM_BONDANNOTATIONS>
5  6  8
5  7  8
6  10  8
7  11  8
8  10  8
8  11  8

$$$$
