
  ACD/Labs03221913572D

 11 11  0  0  0  0  0  0  0  0  2 V2000
    2.3010   -1.9900    0.0000 C   0  0  0  0  0  0  0  0  0  0  0  0
    3.4549   -2.6603    0.0000 C   0  0  0  0  0  0  0  0  0  0  0  0
    4.6088   -1.9900    0.0000 C   0  0  0  0  0  0  0  0  0  0  0  0
    4.6088   -0.6633    0.0000 C   0  0  0  0  0  0  0  0  0  0  0  0
    3.4549    0.0000    0.0000 C   0  0  0  0  0  0  0  0  0  0  0  0
    2.3010   -0.6633    0.0000 C   0  0  0  0  0  0  0  0  0  0  0  0
    1.1539    0.0000    0.0000 C   0  0  0  0  0  0  0  0  0  0  0  0
    0.0000   -0.6633    0.0000 O   0  0  0  0  0  0  0  0  0  0  0  0
    5.7559   -2.6603    0.0000 N   0  3  0  0  0  0  0  0  0  0  0  0
    6.9098   -1.9900    0.0000 O   0  5  0  0  0  0  0  0  0  0  0  0
    5.7559   -3.9870    0.0000 O   0  0  0  0  0  0  0  0  0  0  0  0
  1  2  2  0  0  0  0
  1  6  1  0  0  0  0
  2  3  1  0  0  0  0
  3  4  2  0  0  0  0
  3  9  1  0  0  0  0
  4  5  1  0  0  0  0
  5  6  2  0  0  0  0
  6  7  1  0  0  0  0
  7  8  1  0  0  0  0
  9 10  1  0  0  0  0
  9 11  2  0  0  0  0
M  CHG  2   9   1  10  -1
M  END
