
  ACD/Labs06251410132D

 10 10  0  0  0  0  0  0  0  0  1 V2000
    1.5064   -4.1231    0.0000 O   0  0  0  0  0  0  0  0  0  0  0  0
    2.6581   -3.4551    0.0000 S   0  0  0  0  0  0  0  0  0  0  0  0
    3.8098   -2.7917    0.0000 O   0  0  0  0  0  0  0  0  0  0  0  0
    3.3261   -4.6068    0.0000 O   0  0  0  0  0  0  0  0  0  0  0  0
    1.9947   -2.3034    0.0000 C   0  0  0  0  0  0  0  0  0  0  0  0
    2.6581   -1.1517    0.0000 C   0  0  0  0  0  0  0  0  0  0  0  0
    1.9947    0.0000    0.0000 C   0  0  0  0  0  0  0  0  0  0  0  0
    0.6634    0.0000    0.0000 C   0  0  0  0  0  0  0  0  0  0  0  0
    0.0000   -1.1517    0.0000 N   0  0  0  0  0  0  0  0  0  0  0  0
    0.6634   -2.3034    0.0000 C   0  0  0  0  0  0  0  0  0  0  0  0
  1  2  1  0  0  0  0
  2  3  2  0  0  0  0
  2  4  2  0  0  0  0
  2  5  1  0  0  0  0
  5  6  1  0  0  0  0
  5 10  2  0  0  0  0
  6  7  2  0  0  0  0
  7  8  1  0  0  0  0
  8  9  2  0  0  0  0
  9 10  1  0  0  0  0
M  END
