69856
  Marvin  12310720203D          

 19 19  0  0  0  0            999 V2000
   -2.7552    0.0435   -1.1873 O   0  0  0  0  0  0  0  0  0  0  0  0
   -0.8609   -0.9542   -1.0900 N   0  0  0  0  0  0  0  0  0  0  0  0
   -2.5947    2.7719    0.9397 N   0  0  0  0  0  0  0  0  0  0  0  0
    0.1404    0.8276    0.6560 C   0  0  0  0  0  0  0  0  0  0  0  0
    0.3763   -1.1338   -0.6762 C   0  0  0  0  0  0  0  0  0  0  0  0
    0.8924   -0.2456    0.2041 C   0  0  0  0  0  0  0  0  0  0  0  0
   -1.1419    0.9628    0.2056 C   0  0  0  0  0  0  0  0  0  0  0  0
   -1.6314    0.0336   -0.6987 C   0  0  0  0  0  0  0  0  0  0  0  0
    0.7799    1.7356    1.6159 C   0  0  0  0  0  0  0  0  0  0  0  0
    1.1475   -2.2629   -1.1642 C   0  0  0  0  0  0  0  0  0  0  0  0
   -1.9123    1.9154    0.5906 C   0  0  0  0  0  0  0  0  0  0  0  0
    1.8255   -0.3801    0.5251 H   0  0  0  0  0  0  0  0  0  0  0  0
   -1.2140   -1.5701   -1.7001 H   0  0  0  0  0  0  0  0  0  0  0  0
    0.5522    1.4015    2.6298 H   0  0  0  0  0  0  0  0  0  0  0  0
    1.8673    1.7806    1.5124 H   0  0  0  0  0  0  0  0  0  0  0  0
    0.4426    2.7686    1.5125 H   0  0  0  0  0  0  0  0  0  0  0  0
    1.4504   -2.9000   -0.3307 H   0  0  0  0  0  0  0  0  0  0  0  0
    0.5906   -2.8846   -1.8686 H   0  0  0  0  0  0  0  0  0  0  0  0
    2.0453   -1.9097   -1.6757 H   0  0  0  0  0  0  0  0  0  0  0  0
  1  8  2  0  0  0  0
  2  5  1  0  0  0  0
  2  8  1  0  0  0  0
  2 13  1  0  0  0  0
  3 11  3  0  0  0  0
  4  6  1  0  0  0  0
  4  7  2  0  0  0  0
  4  9  1  0  0  0  0
  5  6  2  0  0  0  0
  5 10  1  0  0  0  0
  6 12  1  0  0  0  0
  7  8  1  0  0  0  0
  7 11  1  0  0  0  0
  9 14  1  0  0  0  0
  9 15  1  0  0  0  0
  9 16  1  0  0  0  0
 10 17  1  0  0  0  0
 10 18  1  0  0  0  0
 10 19  1  0  0  0  0
M  END
> <PUBCHEM_BONDANNOTATIONS>
2  5  8
2  8  8
4  6  8
4  7  8
5  6  8
7  8  8

$$$$
