
  ACD/Labs04281713052D

 12 13  0  0  0  0  0  0  0  0  1 V2000
    5.2796   -0.7128    0.0000 O   0  0  0  0  0  0  0  0  0  0  0  0
    3.9808   -0.9873    0.0000 C   0  0  0  0  0  0  0  0  0  0  0  0
    3.0886    0.0000    0.0000 O   0  0  0  0  0  0  0  0  0  0  0  0
    3.5690   -2.2491    0.0000 C   0  0  0  0  0  0  0  0  0  0  0  0
    4.3504   -3.3262    0.0000 C   0  0  0  0  0  0  0  0  0  0  0  0
    3.5690   -4.4032    0.0000 N   0  0  0  0  0  0  0  0  0  0  0  0
    2.3019   -3.9914    0.0000 C   0  0  0  0  0  0  0  0  0  0  0  0
    2.3019   -2.6609    0.0000 C   0  0  0  0  0  0  0  0  0  0  0  0
    1.1510   -1.9957    0.0000 C   0  0  0  0  0  0  0  0  0  0  0  0
    0.0000   -2.6609    0.0000 C   0  0  0  0  0  0  0  0  0  0  0  0
    0.0000   -3.9914    0.0000 C   0  0  0  0  0  0  0  0  0  0  0  0
    1.1510   -4.6566    0.0000 C   0  0  0  0  0  0  0  0  0  0  0  0
  1  2  1  0  0  0  0
  2  3  2  0  0  0  0
  2  4  1  0  0  0  0
  4  5  2  0  0  0  0
  4  8  1  0  0  0  0
  5  6  1  0  0  0  0
  6  7  1  0  0  0  0
  7  8  1  0  0  0  0
  7 12  2  0  0  0  0
  8  9  2  0  0  0  0
  9 10  1  0  0  0  0
 10 11  2  0  0  0  0
 11 12  1  0  0  0  0
M  END
