70798
  Marvin  12310720203D          

 25 25  0  0  0  0            999 V2000
   -0.0199   -1.6073    2.8890 Cl  0  0  0  0  0  0  0  0  0  0  0  0
   -1.6321   -2.9915    0.0285 O   0  0  0  0  0  0  0  0  0  0  0  0
   -0.9231   -1.0288   -0.2077 N   0  0  0  0  0  0  0  0  0  0  0  0
   -0.2244    0.1129   -0.2719 C   0  0  0  0  0  0  0  0  0  0  0  0
    1.1910    0.2106   -0.4284 C   0  0  0  0  0  0  0  0  0  0  0  0
   -1.0027    1.3126   -0.2389 C   0  0  0  0  0  0  0  0  0  0  0  0
    1.8080    1.4834   -0.3777 C   0  0  0  0  0  0  0  0  0  0  0  0
   -0.3494    2.5669   -0.2449 C   0  0  0  0  0  0  0  0  0  0  0  0
    1.0476    2.6552   -0.2873 C   0  0  0  0  0  0  0  0  0  0  0  0
    2.1039   -0.9196   -0.7278 C   0  0  0  0  0  0  0  0  0  0  0  0
   -2.4929    1.3182   -0.2069 C   0  0  0  0  0  0  0  0  0  0  0  0
   -0.7947   -2.1781    0.3956 C   0  0  0  0  0  0  0  0  0  0  0  0
    0.1116   -2.6071    1.4488 C   0  0  0  0  0  0  0  0  0  0  0  0
    2.8258    1.5846   -0.4347 H   0  0  0  0  0  0  0  0  0  0  0  0
   -0.8751    3.4451   -0.2189 H   0  0  0  0  0  0  0  0  0  0  0  0
   -1.7350   -0.9673   -0.6673 H   0  0  0  0  0  0  0  0  0  0  0  0
    1.5073    3.5691   -0.2721 H   0  0  0  0  0  0  0  0  0  0  0  0
    2.7542   -0.6806   -1.5723 H   0  0  0  0  0  0  0  0  0  0  0  0
    2.7384   -1.1290    0.1356 H   0  0  0  0  0  0  0  0  0  0  0  0
    1.5790   -1.8255   -1.0278 H   0  0  0  0  0  0  0  0  0  0  0  0
   -2.8511    0.8074    0.6880 H   0  0  0  0  0  0  0  0  0  0  0  0
   -2.8824    0.8044   -1.0877 H   0  0  0  0  0  0  0  0  0  0  0  0
   -2.9412    2.3150   -0.2081 H   0  0  0  0  0  0  0  0  0  0  0  0
   -0.0914   -3.6349    1.7641 H   0  0  0  0  0  0  0  0  0  0  0  0
    1.1484   -2.6155    1.1309 H   0  0  0  0  0  0  0  0  0  0  0  0
  1 13  1  0  0  0  0
  2 12  2  0  0  0  0
  3  4  1  0  0  0  0
  3 12  1  0  0  0  0
  3 16  1  0  0  0  0
  4  5  2  0  0  0  0
  4  6  1  0  0  0  0
  5  7  1  0  0  0  0
  5 10  1  0  0  0  0
  6  8  2  0  0  0  0
  6 11  1  0  0  0  0
  7  9  2  0  0  0  0
  7 14  1  0  0  0  0
  8  9  1  0  0  0  0
  8 15  1  0  0  0  0
  9 17  1  0  0  0  0
 10 18  1  0  0  0  0
 10 19  1  0  0  0  0
 10 20  1  0  0  0  0
 11 21  1  0  0  0  0
 11 22  1  0  0  0  0
 11 23  1  0  0  0  0
 12 13  1  0  0  0  0
 13 24  1  0  0  0  0
 13 25  1  0  0  0  0
M  END
> <PUBCHEM_BONDANNOTATIONS>
4  5  8
4  6  8
5  7  8
6  8  8
7  9  8
8  9  8

$$$$
