70949
  Marvin  12310720203D          

 16 16  0  0  0  0            999 V2000
    1.6279   -1.8935   -0.0000 O   0  0  0  0  0  0  0  0  0  0  0  0
   -1.1135    2.6805    0.0000 O   0  0  0  0  0  0  0  0  0  0  0  0
   -2.4125   -2.1481   -0.0000 O   0  0  0  0  0  0  0  0  0  0  0  0
   -0.4840   -0.8684    0.0000 C   0  0  0  0  0  0  0  0  0  0  0  0
    0.9374   -0.8388   -0.0000 C   0  0  0  0  0  0  0  0  0  0  0  0
   -1.1675    0.3736    0.0000 C   0  0  0  0  0  0  0  0  0  0  0  0
   -0.4747    1.5990   -0.0000 C   0  0  0  0  0  0  0  0  0  0  0  0
    1.6344    0.3874   -0.0000 C   0  0  0  0  0  0  0  0  0  0  0  0
    0.9312    1.6036    0.0000 C   0  0  0  0  0  0  0  0  0  0  0  0
   -1.1912   -2.0671    0.0000 C   0  0  0  0  0  0  0  0  0  0  0  0
   -2.1916    0.4058    0.0000 H   0  0  0  0  0  0  0  0  0  0  0  0
    2.6585    0.4066    0.0000 H   0  0  0  0  0  0  0  0  0  0  0  0
    1.4495    2.4866   -0.0000 H   0  0  0  0  0  0  0  0  0  0  0  0
   -0.7173   -2.9376    0.0000 H   0  0  0  0  0  0  0  0  0  0  0  0
    2.5078   -1.8613    0.0000 H   0  0  0  0  0  0  0  0  0  0  0  0
   -1.9944    2.6718   -0.0000 H   0  0  0  0  0  0  0  0  0  0  0  0
  1  5  1  0  0  0  0
  1 15  1  0  0  0  0
  2  7  1  0  0  0  0
  2 16  1  0  0  0  0
  3 10  2  0  0  0  0
  4  5  2  0  0  0  0
  4  6  1  0  0  0  0
  4 10  1  0  0  0  0
  5  8  1  0  0  0  0
  6  7  2  0  0  0  0
  6 11  1  0  0  0  0
  7  9  1  0  0  0  0
  8  9  2  0  0  0  0
  8 12  1  0  0  0  0
  9 13  1  0  0  0  0
 10 14  1  0  0  0  0
M  END
> <PUBCHEM_BONDANNOTATIONS>
4  5  8
4  6  8
5  8  8
6  7  8
7  9  8
8  9  8

$$$$
