
  ACD/Labs04281711452D

 10 10  0  0  0  0  0  0  0  0  1 V2000
    4.6539   -4.6073    0.0000 O   0  0  0  0  0  0  0  0  0  0  0  0
    3.9884   -3.4578    0.0000 C   0  0  0  0  0  0  0  0  0  0  0  0
    4.6539   -2.3037    0.0000 C   0  0  0  0  0  0  0  0  0  0  0  0
    3.9884   -1.1542    0.0000 C   0  0  0  0  0  0  0  0  0  0  0  0
    2.6574   -1.1542    0.0000 C   0  0  0  0  0  0  0  0  0  0  0  0
    1.9965    0.0000    0.0000 O   0  0  0  0  0  0  0  0  0  0  0  0
    1.9965   -2.3037    0.0000 C   0  0  0  0  0  0  0  0  0  0  0  0
    0.6655   -2.3037    0.0000 C   0  0  0  0  0  0  0  0  0  0  0  0
    0.0000   -3.4578    0.0000 O   0  0  0  0  0  0  0  0  0  0  0  0
    2.6574   -3.4578    0.0000 C   0  0  0  0  0  0  0  0  0  0  0  0
  1  2  1  0  0  0  0
  2  3  1  0  0  0  0
  2 10  2  0  0  0  0
  3  4  2  0  0  0  0
  4  5  1  0  0  0  0
  5  6  1  0  0  0  0
  5  7  2  0  0  0  0
  7  8  1  0  0  0  0
  7 10  1  0  0  0  0
  8  9  2  0  0  0  0
M  END
