
  ACD/Labs04281711072D

  7  6  0  0  1  0  0  0  0  0  1 V2000
    0.0000   -1.3304    0.0000 C   0  0  0  0  0  0  0  0  0  0  0  0
    1.3304   -1.3304    0.0000 C   0  0  0  0  0  0  0  0  0  0  0  0
    1.3304   -2.6608    0.0000 H   0  0  0  0  0  0  0  0  0  0  0  0
    1.3304    0.0000    0.0000 N   0  0  0  0  0  0  0  0  0  0  0  0
    2.6608   -1.3304    0.0000 C   0  0  0  0  0  0  0  0  0  0  0  0
    3.3260   -2.4812    0.0000 O   0  0  0  0  0  0  0  0  0  0  0  0
    3.3260   -0.1796    0.0000 O   0  0  0  0  0  0  0  0  0  0  0  0
  1  2  1  0  0  0  0
  2  3  1  6  0  0  0
  2  4  1  0  0  0  0
  2  5  1  0  0  0  0
  5  6  1  0  0  0  0
  5  7  2  0  0  0  0
M  END
