71080
  Marvin  12310720203D          

 13 12  0  0  1  0            999 V2000
    1.5405    1.3158   -0.0690 O   0  0  0  0  0  0  0  0  0  0  0  0
   -0.3120    2.2620   -0.2446 O   0  0  0  0  0  0  0  0  0  0  0  0
   -1.2514   -0.1489    0.9787 N   0  0  0  0  0  0  0  0  0  0  0  0
   -0.3687   -0.0598   -0.1946 C   0  0  2  0  0  0  0  0  0  0  0  0
    0.5414   -1.3138   -0.2358 C   0  0  0  0  0  0  0  0  0  0  0  0
    0.3211    1.2170   -0.1683 C   0  0  0  0  0  0  0  0  0  0  0  0
   -1.0016   -0.0898   -1.0867 H   0  0  0  0  0  0  0  0  0  0  0  0
   -0.0553   -2.2275   -0.2601 H   0  0  0  0  0  0  0  0  0  0  0  0
    1.1686   -1.3012   -1.1299 H   0  0  0  0  0  0  0  0  0  0  0  0
    1.1914   -1.3534    0.6411 H   0  0  0  0  0  0  0  0  0  0  0  0
   -1.7835   -1.0181    0.9001 H   0  0  0  0  0  0  0  0  0  0  0  0
   -1.9266    0.6164    0.9147 H   0  0  0  0  0  0  0  0  0  0  0  0
    1.9362    2.1014   -0.0455 H   0  0  0  0  0  0  0  0  0  0  0  0
  1  6  1  0  0  0  0
  1 13  1  0  0  0  0
  2  6  2  0  0  0  0
  4  3  1  0  0  0  0
  3 11  1  0  0  0  0
  3 12  1  0  0  0  0
  4  5  1  0  0  0  0
  4  6  1  0  0  0  0
  4  7  1  0  0  0  0
  5  8  1  0  0  0  0
  5  9  1  0  0  0  0
  5 10  1  0  0  0  0
M  END
> <PUBCHEM_BONDANNOTATIONS>
4  3  5

$$$$
