736224
  Marvin  12310721593D          

 20 20  0  0  0  0            999 V2000
   -1.0649    4.1266   -0.3251 Br  0  0  0  0  0  0  0  0  0  0  0  0
   -1.7671   -1.2681    0.4049 O   0  0  0  0  0  0  0  0  0  0  0  0
   -0.2694   -2.0883   -0.8869 O   0  0  0  0  0  0  0  0  0  0  0  0
    2.1576   -0.9231   -0.1090 N   0  0  0  0  0  0  0  0  0  0  0  0
   -0.0326    0.0736   -0.2545 C   0  0  0  0  0  0  0  0  0  0  0  0
    1.3895    0.1430   -0.2192 C   0  0  0  0  0  0  0  0  0  0  0  0
   -0.7539    1.2952   -0.2830 C   0  0  0  0  0  0  0  0  0  0  0  0
    2.0491    1.3896   -0.2640 C   0  0  0  0  0  0  0  0  0  0  0  0
   -0.0937    2.5388   -0.3025 C   0  0  0  0  0  0  0  0  0  0  0  0
    1.3096    2.5828   -0.3042 C   0  0  0  0  0  0  0  0  0  0  0  0
   -0.7164   -1.1407   -0.2504 C   0  0  0  0  0  0  0  0  0  0  0  0
   -2.4029   -2.3603    0.8454 C   0  0  0  0  0  0  0  0  0  0  0  0
   -1.7771    1.3005   -0.2975 H   0  0  0  0  0  0  0  0  0  0  0  0
    3.0715    1.4470   -0.2550 H   0  0  0  0  0  0  0  0  0  0  0  0
    1.7986    3.4805   -0.3278 H   0  0  0  0  0  0  0  0  0  0  0  0
    3.0877   -0.8464   -0.1608 H   0  0  0  0  0  0  0  0  0  0  0  0
    1.7775   -1.7656    0.0351 H   0  0  0  0  0  0  0  0  0  0  0  0
   -3.3568   -2.0609    1.2784 H   0  0  0  0  0  0  0  0  0  0  0  0
   -1.8089   -2.8409    1.6264 H   0  0  0  0  0  0  0  0  0  0  0  0
   -2.5974   -3.0834    0.0497 H   0  0  0  0  0  0  0  0  0  0  0  0
  1  9  1  0  0  0  0
  2 11  1  0  0  0  0
  2 12  1  0  0  0  0
  3 11  2  0  0  0  0
  4  6  1  0  0  0  0
  4 16  1  0  0  0  0
  4 17  1  0  0  0  0
  5  6  2  0  0  0  0
  5  7  1  0  0  0  0
  5 11  1  0  0  0  0
  6  8  1  0  0  0  0
  7  9  2  0  0  0  0
  7 13  1  0  0  0  0
  8 10  2  0  0  0  0
  8 14  1  0  0  0  0
  9 10  1  0  0  0  0
 10 15  1  0  0  0  0
 12 18  1  0  0  0  0
 12 19  1  0  0  0  0
 12 20  1  0  0  0  0
M  END
> <PUBCHEM_BONDANNOTATIONS>
5  6  8
5  7  8
6  8  8
7  9  8
8  10  8
9  10  8

$$$$
