
  ACD/Labs02211713292D

 12 12  0  0  0  0  0  0  0  0  1 V2000
    5.7589    0.0000    0.0000 C   0  0  0  0  0  0  0  0  0  0  0  0
    4.6071   -0.6623    0.0000 O   0  0  0  0  0  0  0  0  0  0  0  0
    4.6071   -1.9926    0.0000 C   0  0  0  0  0  0  0  0  0  0  0  0
    5.7589   -2.6549    0.0000 O   0  0  0  0  0  0  0  0  0  0  0  0
    3.4554   -2.6549    0.0000 C   0  0  0  0  0  0  0  0  0  0  0  0
    3.4554   -3.9852    0.0000 C   0  0  0  0  0  0  0  0  0  0  0  0
    4.6071   -4.6532    0.0000 N   0  0  0  0  0  0  0  0  0  0  0  0
    2.3036   -4.6532    0.0000 C   0  0  0  0  0  0  0  0  0  0  0  0
    1.1518   -3.9909    0.0000 C   0  0  0  0  0  0  0  0  0  0  0  0
    1.1518   -2.6606    0.0000 C   0  0  0  0  0  0  0  0  0  0  0  0
    0.0000   -1.9926    0.0000 Br  0  0  0  0  0  0  0  0  0  0  0  0
    2.3036   -1.9926    0.0000 C   0  0  0  0  0  0  0  0  0  0  0  0
  1  2  1  0  0  0  0
  2  3  1  0  0  0  0
  3  4  2  0  0  0  0
  3  5  1  0  0  0  0
  5  6  2  0  0  0  0
  5 12  1  0  0  0  0
  6  7  1  0  0  0  0
  6  8  1  0  0  0  0
  8  9  2  0  0  0  0
  9 10  1  0  0  0  0
 10 11  1  0  0  0  0
 10 12  2  0  0  0  0
M  END
