
  ACD/Labs03221913572D

  7  6  0  0  0  0  0  0  0  0  1 V2000
    0.0000    0.0000    0.0000 C   0  0  0  0  0  0  0  0  0  0  0  0
    1.1518   -0.6635    0.0000 N   0  0  0  0  0  0  0  0  0  0  0  0
    1.1518   -1.9950    0.0000 C   0  0  0  0  0  0  0  0  0  0  0  0
    2.3037    0.0000    0.0000 C   0  0  0  0  0  0  0  0  0  0  0  0
    3.4555   -0.6635    0.0000 C   0  0  0  0  0  0  0  0  0  0  0  0
    3.4555   -1.9950    0.0000 O   0  0  0  0  0  0  0  0  0  0  0  0
    4.6073    0.0000    0.0000 O   0  0  0  0  0  0  0  0  0  0  0  0
  1  2  1  0  0  0  0
  2  3  1  0  0  0  0
  2  4  1  0  0  0  0
  4  5  1  0  0  0  0
  5  6  2  0  0  0  0
  5  7  1  0  0  0  0
M  END
