72869
  Marvin  12310720203D          

 17 17  0  0  0  0            999 V2000
    1.9631    4.1257   -0.0000 I   0  0  0  0  0  0  0  0  0  0  0  0
   -2.2968   -1.4467   -0.0000 O   0  0  0  0  0  0  0  0  0  0  0  0
   -0.3917   -0.1948   -0.0000 C   0  0  0  0  0  0  0  0  0  0  0  0
    1.0250   -0.0977   -0.0000 C   0  0  0  0  0  0  0  0  0  0  0  0
   -1.0989    1.0411   -0.0000 C   0  0  0  0  0  0  0  0  0  0  0  0
   -1.0705   -1.4259   -0.0000 C   0  0  0  0  0  0  0  0  0  0  0  0
    1.6971    1.1361   -0.0000 C   0  0  0  0  0  0  0  0  0  0  0  0
   -0.4398    2.2850   -0.0000 C   0  0  0  0  0  0  0  0  0  0  0  0
    0.9642    2.3324   -0.0000 C   0  0  0  0  0  0  0  0  0  0  0  0
   -0.5059   -2.7680    0.0000 C   0  0  0  0  0  0  0  0  0  0  0  0
    1.6302   -0.9171   -0.0000 H   0  0  0  0  0  0  0  0  0  0  0  0
   -2.1226    1.0664   -0.0000 H   0  0  0  0  0  0  0  0  0  0  0  0
    2.7190    1.1597   -0.0000 H   0  0  0  0  0  0  0  0  0  0  0  0
   -0.9788    3.1539   -0.0000 H   0  0  0  0  0  0  0  0  0  0  0  0
   -0.8364   -3.3119    0.8873 H   0  0  0  0  0  0  0  0  0  0  0  0
   -0.8364   -3.3119   -0.8873 H   0  0  0  0  0  0  0  0  0  0  0  0
    0.5793   -2.8262    0.0000 H   0  0  0  0  0  0  0  0  0  0  0  0
  1  9  1  0  0  0  0
  2  6  2  0  0  0  0
  3  4  2  0  0  0  0
  3  5  1  0  0  0  0
  3  6  1  0  0  0  0
  4  7  1  0  0  0  0
  4 11  1  0  0  0  0
  5  8  2  0  0  0  0
  5 12  1  0  0  0  0
  6 10  1  0  0  0  0
  7  9  2  0  0  0  0
  7 13  1  0  0  0  0
  8  9  1  0  0  0  0
  8 14  1  0  0  0  0
 10 15  1  0  0  0  0
 10 16  1  0  0  0  0
 10 17  1  0  0  0  0
M  END
> <PUBCHEM_BONDANNOTATIONS>
3  4  8
3  5  8
4  7  8
5  8  8
7  9  8
8  9  8

$$$$
