73949
  Marvin  12310720203D          

 11 11  0  0  0  0            999 V2000
    0.8851   -1.0010   -0.1704 O   0  0  0  0  0  0  0  0  0  0  0  0
   -0.5672   -2.1110   -1.3152 O   0  0  0  0  0  0  0  0  0  0  0  0
   -0.9678   -0.1189   -0.4580 N   0  0  0  0  0  0  0  0  0  0  0  0
   -0.3441    0.8068    0.3460 C   0  0  0  0  0  0  0  0  0  0  0  0
    1.0492    0.1597    0.4546 C   0  0  0  0  0  0  0  0  0  0  0  0
   -0.2229   -1.1298   -0.6748 C   0  0  0  0  0  0  0  0  0  0  0  0
   -0.3140    1.7922   -0.1233 H   0  0  0  0  0  0  0  0  0  0  0  0
   -0.8547    0.8661    1.3105 H   0  0  0  0  0  0  0  0  0  0  0  0
    1.3526    0.0099    1.4937 H   0  0  0  0  0  0  0  0  0  0  0  0
    1.8157    0.7439   -0.0623 H   0  0  0  0  0  0  0  0  0  0  0  0
   -1.8320   -0.0179   -0.8007 H   0  0  0  0  0  0  0  0  0  0  0  0
  1  5  1  0  0  0  0
  1  6  1  0  0  0  0
  2  6  2  0  0  0  0
  3  4  1  0  0  0  0
  3  6  1  0  0  0  0
  3 11  1  0  0  0  0
  4  5  1  0  0  0  0
  4  7  1  0  0  0  0
  4  8  1  0  0  0  0
  5  9  1  0  0  0  0
  5 10  1  0  0  0  0
M  END
$$$$
