74115
  Marvin  12310720203D          

 19 19  0  0  0  0            999 V2000
   -2.2127    2.7478    0.3587 O   0  0  0  0  0  0  0  0  0  0  0  0
   -0.5986    3.6700   -0.5122 O   0  0  0  0  0  0  0  0  0  0  0  0
   -2.2443   -2.2898   -0.0006 O   0  5  0  0  0  0  0  0  0  0  0  0
   -0.6205   -3.3041   -0.0891 O   0  0  0  0  0  0  0  0  0  0  0  0
   -1.0731   -2.2296   -0.0333 N   0  3  0  0  0  0  0  0  0  0  0  0
    1.8365   -2.0979    0.0878 N   0  0  0  0  0  0  0  0  0  0  0  0
   -0.3598   -1.0818   -0.0287 C   0  0  0  0  0  0  0  0  0  0  0  0
    1.0652   -1.0339   -0.0077 C   0  0  0  0  0  0  0  0  0  0  0  0
   -0.3738    1.4239   -0.0915 C   0  0  0  0  0  0  0  0  0  0  0  0
   -1.0344    0.1705   -0.0556 C   0  0  0  0  0  0  0  0  0  0  0  0
    1.7508    0.1967   -0.0791 C   0  0  0  0  0  0  0  0  0  0  0  0
    1.0380    1.4039   -0.1291 C   0  0  0  0  0  0  0  0  0  0  0  0
   -1.0748    2.6276   -0.0863 C   0  0  0  0  0  0  0  0  0  0  0  0
   -2.0575    0.1733   -0.0602 H   0  0  0  0  0  0  0  0  0  0  0  0
    2.7744    0.2364   -0.0868 H   0  0  0  0  0  0  0  0  0  0  0  0
    1.5776    2.2727   -0.1764 H   0  0  0  0  0  0  0  0  0  0  0  0
    2.7668   -2.0085    0.0423 H   0  0  0  0  0  0  0  0  0  0  0  0
    1.4732   -2.9490    0.2136 H   0  0  0  0  0  0  0  0  0  0  0  0
   -2.6329    2.0718    0.7341 H   0  0  0  0  0  0  0  0  0  0  0  0
  1 13  1  0  0  0  0
  1 19  1  0  0  0  0
  2 13  2  0  0  0  0
  3  5  1  0  0  0  0
  4  5  2  0  0  0  0
  5  7  1  0  0  0  0
  6  8  1  0  0  0  0
  6 17  1  0  0  0  0
  6 18  1  0  0  0  0
  7  8  2  0  0  0  0
  7 10  1  0  0  0  0
  8 11  1  0  0  0  0
  9 10  2  0  0  0  0
  9 12  1  0  0  0  0
  9 13  1  0  0  0  0
 10 14  1  0  0  0  0
 11 12  2  0  0  0  0
 11 15  1  0  0  0  0
 12 16  1  0  0  0  0
M  CHG  2   3  -1   5   1
M  END
> <PUBCHEM_BONDANNOTATIONS>
11  12  8
7  10  8
7  8  8
8  11  8
9  10  8
9  12  8

$$$$
