74218
  Marvin  12310720203D          

 16 16  0  0  0  0            999 V2000
    1.5105    3.4028   -0.1158 Cl  0  0  0  0  0  0  0  0  0  0  0  0
   -2.6205   -1.7674    0.0067 O   0  5  0  0  0  0  0  0  0  0  0  0
   -0.9969   -2.7883   -0.0549 O   0  0  0  0  0  0  0  0  0  0  0  0
   -1.4482   -1.7131   -0.0099 N   0  3  0  0  0  0  0  0  0  0  0  0
    1.4584   -1.5881    0.1411 N   0  0  0  0  0  0  0  0  0  0  0  0
   -0.7318   -0.5680   -0.0002 C   0  0  0  0  0  0  0  0  0  0  0  0
    0.6943   -0.5183    0.0389 C   0  0  0  0  0  0  0  0  0  0  0  0
   -1.4069    0.6816   -0.0449 C   0  0  0  0  0  0  0  0  0  0  0  0
    1.3857    0.7131   -0.0164 C   0  0  0  0  0  0  0  0  0  0  0  0
   -0.7241    1.9101   -0.0728 C   0  0  0  0  0  0  0  0  0  0  0  0
    0.6799    1.9277   -0.0681 C   0  0  0  0  0  0  0  0  0  0  0  0
   -2.4295    0.7266   -0.0618 H   0  0  0  0  0  0  0  0  0  0  0  0
    2.4098    0.7374   -0.0101 H   0  0  0  0  0  0  0  0  0  0  0  0
   -1.2564    2.7835   -0.0992 H   0  0  0  0  0  0  0  0  0  0  0  0
    2.3851   -1.5158    0.0347 H   0  0  0  0  0  0  0  0  0  0  0  0
    1.0906   -2.4239    0.3328 H   0  0  0  0  0  0  0  0  0  0  0  0
  1 11  1  0  0  0  0
  2  4  1  0  0  0  0
  3  4  2  0  0  0  0
  4  6  1  0  0  0  0
  5  7  1  0  0  0  0
  5 15  1  0  0  0  0
  5 16  1  0  0  0  0
  6  7  2  0  0  0  0
  6  8  1  0  0  0  0
  7  9  1  0  0  0  0
  8 10  2  0  0  0  0
  8 12  1  0  0  0  0
  9 11  2  0  0  0  0
  9 13  1  0  0  0  0
 10 11  1  0  0  0  0
 10 14  1  0  0  0  0
M  CHG  2   2  -1   4   1
M  END
> <PUBCHEM_BONDANNOTATIONS>
10  11  8
6  7  8
6  8  8
7  9  8
8  10  8
9  11  8

$$$$
