6969
  Marvin  12300703363D          

 18 19  0  0  0  0            999 V2000
   -2.8167    1.4124    0.6472 O   0  0  0  0  0  0  0  0  0  0  0  0
    1.1927    2.4539    2.1660 O   0  0  0  0  0  0  0  0  0  0  0  0
    0.9507   -2.9561   -2.4613 O   0  5  0  0  0  0  0  0  0  0  0  0
   -0.9704   -2.7003   -2.4487 O   0  0  0  0  0  0  0  0  0  0  0  0
   -0.9218    2.1464    1.5506 N   0  0  0  0  0  0  0  0  0  0  0  0
    0.0532   -2.3607   -1.9985 N   0  3  0  0  0  0  0  0  0  0  0  0
   -0.7573    0.4357    0.2658 C   0  0  0  0  0  0  0  0  0  0  0  0
    0.5071    0.7574    0.7540 C   0  0  0  0  0  0  0  0  0  0  0  0
   -0.9321   -0.6359   -0.6286 C   0  0  0  0  0  0  0  0  0  0  0  0
   -1.6092    1.3447    0.8182 C   0  0  0  0  0  0  0  0  0  0  0  0
    0.3272    1.8452    1.5550 C   0  0  0  0  0  0  0  0  0  0  0  0
    1.6351    0.0090    0.3804 C   0  0  0  0  0  0  0  0  0  0  0  0
    0.1893   -1.3866   -1.0804 C   0  0  0  0  0  0  0  0  0  0  0  0
    1.4608   -1.0488   -0.5352 C   0  0  0  0  0  0  0  0  0  0  0  0
   -1.8788   -0.8459   -0.9530 H   0  0  0  0  0  0  0  0  0  0  0  0
    2.5600    0.2330    0.7552 H   0  0  0  0  0  0  0  0  0  0  0  0
   -1.2873    2.8682    2.0197 H   0  0  0  0  0  0  0  0  0  0  0  0
    2.2977   -1.5716   -0.8062 H   0  0  0  0  0  0  0  0  0  0  0  0
  1 10  2  0  0  0  0
  2 11  2  0  0  0  0
  3  6  1  0  0  0  0
  4  6  2  0  0  0  0
  5 10  1  0  0  0  0
  5 11  1  0  0  0  0
  5 17  1  0  0  0  0
  6 13  1  0  0  0  0
  7  8  2  0  0  0  0
  7  9  1  0  0  0  0
  7 10  1  0  0  0  0
  8 11  1  0  0  0  0
  8 12  1  0  0  0  0
  9 13  2  0  0  0  0
  9 15  1  0  0  0  0
 12 14  2  0  0  0  0
 12 16  1  0  0  0  0
 13 14  1  0  0  0  0
 14 18  1  0  0  0  0
M  CHG  2   3  -1   6   1
M  END
> <PUBCHEM_BONDANNOTATIONS>
12  14  8
13  14  8
7  8  8
7  9  8
8  12  8
9  13  8

$$$$
