
  ACD/Labs04281711492D

 14 15  0  0  0  0  0  0  0  0  2 V2000
    0.0000   -1.9965    0.0000 O   0  0  0  0  0  0  0  0  0  0  0  0
    1.1513   -1.3310    0.0000 N   0  3  0  0  0  0  0  0  0  0  0  0
    1.1513    0.0000    0.0000 O   0  5  0  0  0  0  0  0  0  0  0  0
    2.3027   -1.9965    0.0000 C   0  0  0  0  0  0  0  0  0  0  0  0
    3.4540   -1.3310    0.0000 C   0  0  0  0  0  0  0  0  0  0  0  0
    4.6053   -1.9965    0.0000 C   0  0  0  0  0  0  0  0  0  0  0  0
    4.6053   -3.3275    0.0000 C   0  0  0  0  0  0  0  0  0  0  0  0
    3.4540   -3.9931    0.0000 C   0  0  0  0  0  0  0  0  0  0  0  0
    2.3027   -3.3275    0.0000 C   0  0  0  0  0  0  0  0  0  0  0  0
    5.8764   -3.7335    0.0000 C   0  0  0  0  0  0  0  0  0  0  0  0
    6.2891   -4.9980    0.0000 O   0  0  0  0  0  0  0  0  0  0  0  0
    6.6551   -2.6620    0.0000 N   0  0  0  0  0  0  0  0  0  0  0  0
    5.8764   -1.5906    0.0000 C   0  0  0  0  0  0  0  0  0  0  0  0
    6.2891   -0.3261    0.0000 O   0  0  0  0  0  0  0  0  0  0  0  0
  1  2  2  0  0  0  0
  2  3  1  0  0  0  0
  2  4  1  0  0  0  0
  4  5  2  0  0  0  0
  4  9  1  0  0  0  0
  5  6  1  0  0  0  0
  6  7  2  0  0  0  0
  6 13  1  0  0  0  0
  7  8  1  0  0  0  0
  7 10  1  0  0  0  0
  8  9  2  0  0  0  0
 10 11  2  0  0  0  0
 10 12  1  0  0  0  0
 12 13  1  0  0  0  0
 13 14  2  0  0  0  0
M  CHG  2   2   1   3  -1
M  END
