6978
  Marvin  12300703363D          

 19 19  0  0  0  0            999 V2000
    3.1619   -0.8603    0.0087 O   0  5  0  0  0  0  0  0  0  0  0  0
    3.2366    1.0555   -0.0494 O   0  0  0  0  0  0  0  0  0  0  0  0
    2.5299    0.1280   -0.0060 N   0  3  0  0  0  0  0  0  0  0  0  0
    0.9766    2.5854    0.1516 N   0  0  0  0  0  0  0  0  0  0  0  0
   -0.9839   -1.0630   -0.0529 C   0  0  0  0  0  0  0  0  0  0  0  0
    1.1793    0.1780    0.0048 C   0  0  0  0  0  0  0  0  0  0  0  0
    0.4307    1.3911    0.0424 C   0  0  0  0  0  0  0  0  0  0  0  0
    0.4286   -1.0288   -0.0324 C   0  0  0  0  0  0  0  0  0  0  0  0
   -1.6764    0.1641   -0.0645 C   0  0  0  0  0  0  0  0  0  0  0  0
   -0.9790    1.3802   -0.0181 C   0  0  0  0  0  0  0  0  0  0  0  0
   -1.7000   -2.3592   -0.0566 C   0  0  0  0  0  0  0  0  0  0  0  0
    0.9180   -1.9284   -0.0449 H   0  0  0  0  0  0  0  0  0  0  0  0
   -2.6992    0.1874   -0.0984 H   0  0  0  0  0  0  0  0  0  0  0  0
   -1.5191    2.2509   -0.0161 H   0  0  0  0  0  0  0  0  0  0  0  0
   -1.4312   -2.9319    0.8331 H   0  0  0  0  0  0  0  0  0  0  0  0
   -1.4246   -2.9364   -0.9406 H   0  0  0  0  0  0  0  0  0  0  0  0
   -2.7859   -2.2470   -0.0576 H   0  0  0  0  0  0  0  0  0  0  0  0
    0.4558    3.3545    0.0352 H   0  0  0  0  0  0  0  0  0  0  0  0
    1.8819    2.6798    0.3616 H   0  0  0  0  0  0  0  0  0  0  0  0
  1  3  1  0  0  0  0
  2  3  2  0  0  0  0
  3  6  1  0  0  0  0
  4  7  1  0  0  0  0
  4 18  1  0  0  0  0
  4 19  1  0  0  0  0
  5  8  2  0  0  0  0
  5  9  1  0  0  0  0
  5 11  1  0  0  0  0
  6  7  2  0  0  0  0
  6  8  1  0  0  0  0
  7 10  1  0  0  0  0
  8 12  1  0  0  0  0
  9 10  2  0  0  0  0
  9 13  1  0  0  0  0
 10 14  1  0  0  0  0
 11 15  1  0  0  0  0
 11 16  1  0  0  0  0
 11 17  1  0  0  0  0
M  CHG  2   1  -1   3   1
M  END
> <PUBCHEM_BONDANNOTATIONS>
5  8  8
5  9  8
6  7  8
6  8  8
7  10  8
9  10  8

$$$$
