
  ACD/Labs04281712082D

 11 11  0  0  0  0  0  0  0  0  2 V2000
    2.3036   -1.9950    0.0000 C   0  0  0  0  0  0  0  0  0  0  0  0
    2.3036   -3.3250    0.0000 C   0  0  0  0  0  0  0  0  0  0  0  0
    1.1545   -1.3300    0.0000 C   0  0  0  0  0  0  0  0  0  0  0  0
    1.1545   -3.9900    0.0000 C   0  0  0  0  0  0  0  0  0  0  0  0
    0.0000   -1.9950    0.0000 C   0  0  0  0  0  0  0  0  0  0  0  0
    0.0000   -3.3250    0.0000 C   0  0  0  0  0  0  0  0  0  0  0  0
    1.1545    0.0000    0.0000 C   0  0  0  0  0  0  0  0  0  0  0  0
    3.4580   -3.9900    0.0000 N   0  3  0  0  0  0  0  0  0  0  0  0
    3.4580   -5.3201    0.0000 O   0  5  0  0  0  0  0  0  0  0  0  0
    4.6072   -3.3250    0.0000 O   0  0  0  0  0  0  0  0  0  0  0  0
    1.1545   -5.3201    0.0000 N   0  0  0  0  0  0  0  0  0  0  0  0
  1  2  1  0  0  0  0
  1  3  2  0  0  0  0
  2  4  2  0  0  0  0
  2  8  1  0  0  0  0
  3  5  1  0  0  0  0
  3  7  1  0  0  0  0
  4  6  1  0  0  0  0
  4 11  1  0  0  0  0
  5  6  2  0  0  0  0
  8  9  1  0  0  0  0
  8 10  2  0  0  0  0
M  CHG  2   8   1   9  -1
M  END
