6979
  Marvin  12300703363D          

 16 16  0  0  0  0            999 V2000
   -1.5418    3.3761   -0.1212 Cl  0  0  0  0  0  0  0  0  0  0  0  0
   -2.5809   -1.7692    0.0285 O   0  5  0  0  0  0  0  0  0  0  0  0
   -0.9580   -2.7891   -0.0489 O   0  0  0  0  0  0  0  0  0  0  0  0
   -1.4092   -1.7135   -0.0001 N   0  3  0  0  0  0  0  0  0  0  0  0
    1.5034   -1.5863    0.1326 N   0  0  0  0  0  0  0  0  0  0  0  0
   -0.6919   -0.5681    0.0033 C   0  0  0  0  0  0  0  0  0  0  0  0
    0.7345   -0.5200    0.0392 C   0  0  0  0  0  0  0  0  0  0  0  0
   -1.3687    0.6828   -0.0413 C   0  0  0  0  0  0  0  0  0  0  0  0
    1.4232    0.7120   -0.0149 C   0  0  0  0  0  0  0  0  0  0  0  0
   -0.6875    1.9142   -0.0753 C   0  0  0  0  0  0  0  0  0  0  0  0
    0.7166    1.9237   -0.0730 C   0  0  0  0  0  0  0  0  0  0  0  0
   -2.3915    0.7141   -0.0535 H   0  0  0  0  0  0  0  0  0  0  0  0
    2.4470    0.7518   -0.0075 H   0  0  0  0  0  0  0  0  0  0  0  0
    1.2334    2.8062   -0.1092 H   0  0  0  0  0  0  0  0  0  0  0  0
    2.4329   -1.4994    0.0821 H   0  0  0  0  0  0  0  0  0  0  0  0
    1.1386   -2.4353    0.2593 H   0  0  0  0  0  0  0  0  0  0  0  0
  1 10  1  0  0  0  0
  2  4  1  0  0  0  0
  3  4  2  0  0  0  0
  4  6  1  0  0  0  0
  5  7  1  0  0  0  0
  5 15  1  0  0  0  0
  5 16  1  0  0  0  0
  6  7  2  0  0  0  0
  6  8  1  0  0  0  0
  7  9  1  0  0  0  0
  8 10  2  0  0  0  0
  8 12  1  0  0  0  0
  9 11  2  0  0  0  0
  9 13  1  0  0  0  0
 10 11  1  0  0  0  0
 11 14  1  0  0  0  0
M  CHG  2   2  -1   4   1
M  END
> <PUBCHEM_BONDANNOTATIONS>
10  11  8
6  7  8
6  8  8
7  9  8
8  10  8
9  11  8

$$$$
