
  ACD/Labs04281711492D

 11 11  0  0  0  0  0  0  0  0  2 V2000
    4.4896    0.0000    0.0000 N   0  0  0  0  0  0  0  0  0  0  0  0
    3.3643   -0.6729    0.0000 C   0  0  0  0  0  0  0  0  0  0  0  0
    2.2216   -0.0348    0.0000 C   0  0  0  0  0  0  0  0  0  0  0  0
    1.1021   -0.7135    0.0000 C   0  0  0  0  0  0  0  0  0  0  0  0
    1.1195   -2.0244    0.0000 C   0  0  0  0  0  0  0  0  0  0  0  0
    0.0000   -2.6915    0.0000 Cl  0  0  0  0  0  0  0  0  0  0  0  0
    2.2680   -2.6567    0.0000 C   0  0  0  0  0  0  0  0  0  0  0  0
    3.3875   -1.9838    0.0000 C   0  0  0  0  0  0  0  0  0  0  0  0
    4.5303   -2.6161    0.0000 N   0  3  0  0  0  0  0  0  0  0  0  0
    5.8006   -1.9200    0.0000 O   0  5  0  0  0  0  0  0  0  0  0  0
    4.5477   -4.0198    0.0000 O   0  0  0  0  0  0  0  0  0  0  0  0
  1  2  1  0  0  0  0
  2  3  1  0  0  0  0
  2  8  2  0  0  0  0
  3  4  2  0  0  0  0
  4  5  1  0  0  0  0
  5  6  1  0  0  0  0
  5  7  2  0  0  0  0
  7  8  1  0  0  0  0
  8  9  1  0  0  0  0
  9 10  1  0  0  0  0
  9 11  2  0  0  0  0
M  CHG  2   9   1  10  -1
M  END
