74713
  Marvin  12310720203D          

 15 15  0  0  0  0            999 V2000
   -0.8051   -1.0068   -0.0111 S   0  0  0  0  0  0  0  0  0  0  0  0
   -3.2579    0.7590    0.4189 O   0  0  0  0  0  0  0  0  0  0  0  0
   -2.4482    2.4319   -0.5042 O   0  0  0  0  0  0  0  0  0  0  0  0
    0.9145   -0.7926   -0.0513 C   0  0  0  0  0  0  0  0  0  0  0  0
   -1.0262    0.7153   -0.0507 C   0  0  0  0  0  0  0  0  0  0  0  0
    1.2863    0.5490   -0.0728 C   0  0  0  0  0  0  0  0  0  0  0  0
    0.1901    1.3991   -0.0814 C   0  0  0  0  0  0  0  0  0  0  0  0
    1.8425   -1.9341   -0.0570 C   0  0  0  0  0  0  0  0  0  0  0  0
   -2.2700    1.3115   -0.0483 C   0  0  0  0  0  0  0  0  0  0  0  0
    2.2532    0.8798   -0.0815 H   0  0  0  0  0  0  0  0  0  0  0  0
    0.2808    2.4176   -0.0966 H   0  0  0  0  0  0  0  0  0  0  0  0
    1.6771   -2.5468    0.8301 H   0  0  0  0  0  0  0  0  0  0  0  0
    1.6703   -2.5433   -0.9455 H   0  0  0  0  0  0  0  0  0  0  0  0
    2.8859   -1.6132   -0.0607 H   0  0  0  0  0  0  0  0  0  0  0  0
   -3.1933   -0.0264    0.8121 H   0  0  0  0  0  0  0  0  0  0  0  0
  1  4  1  0  0  0  0
  1  5  1  0  0  0  0
  2  9  1  0  0  0  0
  2 15  1  0  0  0  0
  3  9  2  0  0  0  0
  4  6  2  0  0  0  0
  4  8  1  0  0  0  0
  5  7  2  0  0  0  0
  5  9  1  0  0  0  0
  6  7  1  0  0  0  0
  6 10  1  0  0  0  0
  7 11  1  0  0  0  0
  8 12  1  0  0  0  0
  8 13  1  0  0  0  0
  8 14  1  0  0  0  0
M  END
> <PUBCHEM_BONDANNOTATIONS>
1  4  8
1  5  8
4  6  8
5  7  8
6  7  8

$$$$
