7005
  Marvin  12300703363D          

 19 20  0  0  0  0            999 V2000
   -2.4955    1.1876   -0.0000 O   0  0  0  0  0  0  0  0  0  0  0  0
   -0.5476   -0.1093   -0.0000 C   0  0  0  0  0  0  0  0  0  0  0  0
    0.8806   -0.1109    0.0000 C   0  0  0  0  0  0  0  0  0  0  0  0
   -1.2386    1.1274   -0.0000 C   0  0  0  0  0  0  0  0  0  0  0  0
    1.5805    1.1167    0.0000 C   0  0  0  0  0  0  0  0  0  0  0  0
   -1.2331   -1.3476    0.0000 C   0  0  0  0  0  0  0  0  0  0  0  0
    1.5786   -1.3396   -0.0000 C   0  0  0  0  0  0  0  0  0  0  0  0
   -0.5229    2.3403   -0.0000 C   0  0  0  0  0  0  0  0  0  0  0  0
    0.8814    2.3355   -0.0000 C   0  0  0  0  0  0  0  0  0  0  0  0
   -0.5277   -2.5625    0.0000 C   0  0  0  0  0  0  0  0  0  0  0  0
    0.8774   -2.5581   -0.0000 C   0  0  0  0  0  0  0  0  0  0  0  0
    2.6040    1.1419   -0.0000 H   0  0  0  0  0  0  0  0  0  0  0  0
   -2.2559   -1.3859   -0.0000 H   0  0  0  0  0  0  0  0  0  0  0  0
    2.6022   -1.3643    0.0000 H   0  0  0  0  0  0  0  0  0  0  0  0
   -1.0199    3.2349    0.0000 H   0  0  0  0  0  0  0  0  0  0  0  0
    1.3930    3.2208   -0.0000 H   0  0  0  0  0  0  0  0  0  0  0  0
   -1.0384   -3.4484    0.0000 H   0  0  0  0  0  0  0  0  0  0  0  0
    1.3892   -3.4430   -0.0000 H   0  0  0  0  0  0  0  0  0  0  0  0
   -2.9075    1.9646    0.0000 H   0  0  0  0  0  0  0  0  0  0  0  0
  1  4  1  0  0  0  0
  1 19  1  0  0  0  0
  2  3  1  0  0  0  0
  2  4  1  0  0  0  0
  2  6  2  0  0  0  0
  3  5  1  0  0  0  0
  3  7  2  0  0  0  0
  4  8  2  0  0  0  0
  5  9  2  0  0  0  0
  5 12  1  0  0  0  0
  6 10  1  0  0  0  0
  6 13  1  0  0  0  0
  7 11  1  0  0  0  0
  7 14  1  0  0  0  0
  8  9  1  0  0  0  0
  8 15  1  0  0  0  0
  9 16  1  0  0  0  0
 10 11  2  0  0  0  0
 10 17  1  0  0  0  0
 11 18  1  0  0  0  0
M  END
> <PUBCHEM_BONDANNOTATIONS>
10  11  8
2  3  8
2  4  8
2  6  8
3  5  8
3  7  8
4  8  8
5  9  8
6  10  8
7  11  8
8  9  8

$$$$
