
  ACD/Labs04281713402D

 15 15  0  0  1  0  0  0  0  0  1 V2000
    5.7536   -5.3116    0.0000 C   0  0  0  0  0  0  0  0  0  0  0  0
    5.7536   -3.9854    0.0000 C   0  0  0  0  0  0  0  0  0  0  0  0
    6.9002   -3.3223    0.0000 O   0  0  0  0  0  0  0  0  0  0  0  0
    4.6071   -3.3154    0.0000 N   0  0  0  0  0  0  0  0  0  0  0  0
    4.6071   -1.9893    0.0000 C   0  0  0  0  0  0  0  0  0  0  0  0
    3.4605   -1.3193    0.0000 C   0  0  0  0  0  0  0  0  0  0  0  0
    2.3070   -1.9823    0.0000 C   0  0  0  0  0  0  0  0  0  0  0  0
    2.3070   -3.3154    0.0000 C   0  0  0  0  0  0  0  0  0  0  0  0
    1.1535   -3.9785    0.0000 C   0  0  0  0  0  0  0  0  0  0  0  0
    0.0000   -3.3154    0.0000 C   0  0  0  0  0  0  0  0  0  0  0  0
    0.0000   -1.9823    0.0000 C   0  0  0  0  0  0  0  0  0  0  0  0
    1.1535   -1.3054    0.0000 C   0  0  0  0  0  0  0  0  0  0  0  0
    5.7606   -1.3262    0.0000 C   0  0  0  0  0  0  0  0  0  0  0  0
    5.7606    0.0000    0.0000 O   0  0  0  0  0  0  0  0  0  0  0  0
    6.9071   -1.9962    0.0000 O   0  0  0  0  0  0  0  0  0  0  0  0
  1  2  1  0  0  0  0
  2  3  2  0  0  0  0
  2  4  1  0  0  0  0
  4  5  1  0  0  0  0
  5  6  1  1  0  0  0
  5 13  1  0  0  0  0
  6  7  1  0  0  0  0
  7  8  1  0  0  0  0
  7 12  2  0  0  0  0
  8  9  2  0  0  0  0
  9 10  1  0  0  0  0
 10 11  2  0  0  0  0
 11 12  1  0  0  0  0
 13 14  1  0  0  0  0
 13 15  2  0  0  0  0
M  END
