74839
  Marvin  12310720203D          

 28 28  0  0  1  0            999 V2000
   -1.9487   -0.0459    2.5789 O   0  0  0  0  0  0  0  0  0  0  0  0
   -2.4025    1.1066    0.9335 O   0  0  0  0  0  0  0  0  0  0  0  0
   -1.4140   -4.0852    0.6179 O   0  0  0  0  0  0  0  0  0  0  0  0
   -1.3455   -1.9625    0.6028 N   0  0  0  0  0  0  0  0  0  0  0  0
   -0.8517   -0.6525    0.5977 C   0  0  1  0  0  0  0  0  0  0  0  0
   -0.5608   -0.2242   -0.8771 C   0  0  0  0  0  0  0  0  0  0  0  0
    0.2324    1.0300   -0.9647 C   0  0  0  0  0  0  0  0  0  0  0  0
   -1.7652    0.1665    1.3845 C   0  0  0  0  0  0  0  0  0  0  0  0
    1.6460    1.0022   -0.8939 C   0  0  0  0  0  0  0  0  0  0  0  0
   -0.4116    2.2836   -1.0651 C   0  0  0  0  0  0  0  0  0  0  0  0
   -0.7027   -3.0924    0.5911 C   0  0  0  0  0  0  0  0  0  0  0  0
    2.3897    2.1972   -0.8721 C   0  0  0  0  0  0  0  0  0  0  0  0
    0.3239    3.4800   -1.0151 C   0  0  0  0  0  0  0  0  0  0  0  0
    1.7255    3.4367   -0.9127 C   0  0  0  0  0  0  0  0  0  0  0  0
    0.7308   -3.3096    0.5417 C   0  0  0  0  0  0  0  0  0  0  0  0
    0.0887   -0.5987    1.1561 H   0  0  0  0  0  0  0  0  0  0  0  0
   -0.0071   -1.0138   -1.3953 H   0  0  0  0  0  0  0  0  0  0  0  0
   -1.4977   -0.1397   -1.4356 H   0  0  0  0  0  0  0  0  0  0  0  0
   -2.2798   -2.0334    0.5972 H   0  0  0  0  0  0  0  0  0  0  0  0
    2.1505    0.1129   -0.8474 H   0  0  0  0  0  0  0  0  0  0  0  0
   -1.4286    2.3426   -1.1581 H   0  0  0  0  0  0  0  0  0  0  0  0
    3.4098    2.1657   -0.8181 H   0  0  0  0  0  0  0  0  0  0  0  0
   -0.1625    4.3784   -1.0472 H   0  0  0  0  0  0  0  0  0  0  0  0
    2.2601    4.3060   -0.8690 H   0  0  0  0  0  0  0  0  0  0  0  0
    0.9846   -3.9134   -0.3309 H   0  0  0  0  0  0  0  0  0  0  0  0
    1.0531   -3.8352    1.4418 H   0  0  0  0  0  0  0  0  0  0  0  0
    1.3185   -2.3952    0.4711 H   0  0  0  0  0  0  0  0  0  0  0  0
   -1.5354   -0.7067    2.9881 H   0  0  0  0  0  0  0  0  0  0  0  0
  1  8  1  0  0  0  0
  1 28  1  0  0  0  0
  2  8  2  0  0  0  0
  3 11  2  0  0  0  0
  5  4  1  0  0  0  0
  4 11  1  0  0  0  0
  4 19  1  0  0  0  0
  5  6  1  0  0  0  0
  5  8  1  0  0  0  0
  5 16  1  0  0  0  0
  6  7  1  0  0  0  0
  6 17  1  0  0  0  0
  6 18  1  0  0  0  0
  7  9  2  0  0  0  0
  7 10  1  0  0  0  0
  9 12  1  0  0  0  0
  9 20  1  0  0  0  0
 10 13  2  0  0  0  0
 10 21  1  0  0  0  0
 11 15  1  0  0  0  0
 12 14  2  0  0  0  0
 12 22  1  0  0  0  0
 13 14  1  0  0  0  0
 13 23  1  0  0  0  0
 14 24  1  0  0  0  0
 15 25  1  0  0  0  0
 15 26  1  0  0  0  0
 15 27  1  0  0  0  0
M  END
> <PUBCHEM_BONDANNOTATIONS>
10  13  8
12  14  8
13  14  8
5  4  6
7  10  8
7  9  8
9  12  8

$$$$
