7012
  Marvin  12300703363D          

 24 24  0  0  1  0            999 V2000
   -0.0071   -1.8652   -2.2638 O   0  0  0  0  0  0  0  0  0  0  0  0
    0.9841   -2.5322   -0.5772 O   0  0  0  0  0  0  0  0  0  0  0  0
   -0.4937   -0.7379   -0.2473 C   0  0  1  0  0  0  0  0  0  0  0  0
   -0.8638   -1.1881    1.2007 C   0  0  0  0  0  0  0  0  0  0  0  0
    0.2284    0.5791   -0.2392 C   0  0  0  0  0  0  0  0  0  0  0  0
   -1.7007   -2.4836    1.3187 C   0  0  0  0  0  0  0  0  0  0  0  0
    0.1742   -1.7527   -1.0579 C   0  0  0  0  0  0  0  0  0  0  0  0
    1.6429    0.6750   -0.1931 C   0  0  0  0  0  0  0  0  0  0  0  0
   -0.4988    1.7968   -0.2555 C   0  0  0  0  0  0  0  0  0  0  0  0
    2.3044    1.9151   -0.2052 C   0  0  0  0  0  0  0  0  0  0  0  0
    0.1523    3.0453   -0.2500 C   0  0  0  0  0  0  0  0  0  0  0  0
    1.5558    3.1034   -0.2333 C   0  0  0  0  0  0  0  0  0  0  0  0
   -1.4622   -0.5818   -0.7371 H   0  0  0  0  0  0  0  0  0  0  0  0
   -1.4421   -0.3966    1.6870 H   0  0  0  0  0  0  0  0  0  0  0  0
    0.0475   -1.3162    1.7908 H   0  0  0  0  0  0  0  0  0  0  0  0
   -1.8972   -2.7088    2.3666 H   0  0  0  0  0  0  0  0  0  0  0  0
   -2.6555   -2.3773    0.8035 H   0  0  0  0  0  0  0  0  0  0  0  0
   -1.1763   -3.3409    0.8977 H   0  0  0  0  0  0  0  0  0  0  0  0
    2.2266   -0.1620   -0.1563 H   0  0  0  0  0  0  0  0  0  0  0  0
   -1.5221    1.7921   -0.2674 H   0  0  0  0  0  0  0  0  0  0  0  0
    3.3253    1.9527   -0.1928 H   0  0  0  0  0  0  0  0  0  0  0  0
   -0.3925    3.9106   -0.2594 H   0  0  0  0  0  0  0  0  0  0  0  0
    2.0327    4.0063   -0.2404 H   0  0  0  0  0  0  0  0  0  0  0  0
   -0.5624   -1.3331   -2.6892 H   0  0  0  0  0  0  0  0  0  0  0  0
  1  7  1  0  0  0  0
  1 24  1  0  0  0  0
  2  7  2  0  0  0  0
  3  4  1  0  0  0  0
  3  5  1  0  0  0  0
  3  7  1  0  0  0  0
  3 13  1  0  0  0  0
  4  6  1  0  0  0  0
  4 14  1  0  0  0  0
  4 15  1  0  0  0  0
  5  8  2  0  0  0  0
  5  9  1  0  0  0  0
  6 16  1  0  0  0  0
  6 17  1  0  0  0  0
  6 18  1  0  0  0  0
  8 10  1  0  0  0  0
  8 19  1  0  0  0  0
  9 11  2  0  0  0  0
  9 20  1  0  0  0  0
 10 12  2  0  0  0  0
 10 21  1  0  0  0  0
 11 12  1  0  0  0  0
 11 22  1  0  0  0  0
 12 23  1  0  0  0  0
M  END
> <PUBCHEM_BONDANNOTATIONS>
10  12  8
11  12  8
3  4  3
5  8  8
5  9  8
8  10  8
9  11  8

$$$$
