
  ACD/Labs04281710322D

 11 11  0  0  0  0  0  0  0  0  1 V2000
    2.6609   -4.6076    0.0000 O   0  0  0  0  0  0  0  0  0  0  0  0
    1.9928   -3.4557    0.0000 C   0  0  0  0  0  0  0  0  0  0  0  0
    2.6609   -2.3038    0.0000 C   0  0  0  0  0  0  0  0  0  0  0  0
    3.9913   -2.3038    0.0000 Br  0  0  0  0  0  0  0  0  0  0  0  0
    1.9928   -1.1519    0.0000 C   0  0  0  0  0  0  0  0  0  0  0  0
    0.6623   -1.1519    0.0000 C   0  0  0  0  0  0  0  0  0  0  0  0
    0.0000    0.0000    0.0000 Br  0  0  0  0  0  0  0  0  0  0  0  0
    0.0000   -2.3038    0.0000 C   0  0  0  0  0  0  0  0  0  0  0  0
    0.6623   -3.4557    0.0000 C   0  0  0  0  0  0  0  0  0  0  0  0
    0.0000   -4.6076    0.0000 C   0  0  0  0  0  0  0  0  0  0  0  0
    0.6623   -5.7595    0.0000 O   0  0  0  0  0  0  0  0  0  0  0  0
  1  2  1  0  0  0  0
  2  3  1  0  0  0  0
  2  9  2  0  0  0  0
  3  4  1  0  0  0  0
  3  5  2  0  0  0  0
  5  6  1  0  0  0  0
  6  7  1  0  0  0  0
  6  8  2  0  0  0  0
  8  9  1  0  0  0  0
  9 10  1  0  0  0  0
 10 11  2  0  0  0  0
M  END
