75342
  Marvin  12310720203D          

 17 17  0  0  0  0            999 V2000
   -1.2845    3.6490   -0.0856 Br  0  0  0  0  0  0  0  0  0  0  0  0
    1.7667   -1.4444   -0.0835 O   0  0  0  0  0  0  0  0  0  0  0  0
   -1.9121   -1.7544    1.1003 O   0  0  0  0  0  0  0  0  0  0  0  0
   -0.3363   -0.4179   -0.0844 C   0  0  0  0  0  0  0  0  0  0  0  0
    1.0825   -0.3883   -0.0849 C   0  0  0  0  0  0  0  0  0  0  0  0
   -1.1103   -1.6840   -0.0741 C   0  0  0  0  0  0  0  0  0  0  0  0
   -1.0342    0.8140   -0.0899 C   0  0  0  0  0  0  0  0  0  0  0  0
    1.7713    0.8400   -0.0852 C   0  0  0  0  0  0  0  0  0  0  0  0
   -0.3456    2.0420   -0.0879 C   0  0  0  0  0  0  0  0  0  0  0  0
    1.0594    2.0525   -0.0855 C   0  0  0  0  0  0  0  0  0  0  0  0
   -1.7507   -1.7364   -0.9570 H   0  0  0  0  0  0  0  0  0  0  0  0
   -0.4797   -2.5749   -0.0829 H   0  0  0  0  0  0  0  0  0  0  0  0
   -2.0576    0.8300   -0.0920 H   0  0  0  0  0  0  0  0  0  0  0  0
    2.7945    0.8633   -0.0841 H   0  0  0  0  0  0  0  0  0  0  0  0
    1.5696    2.9379   -0.0838 H   0  0  0  0  0  0  0  0  0  0  0  0
    2.6465   -1.4145   -0.0836 H   0  0  0  0  0  0  0  0  0  0  0  0
   -2.3795   -2.6138    1.0439 H   0  0  0  0  0  0  0  0  0  0  0  0
  1  9  1  0  0  0  0
  2  5  1  0  0  0  0
  2 16  1  0  0  0  0
  3  6  1  0  0  0  0
  3 17  1  0  0  0  0
  4  5  2  0  0  0  0
  4  6  1  0  0  0  0
  4  7  1  0  0  0  0
  5  8  1  0  0  0  0
  6 11  1  0  0  0  0
  6 12  1  0  0  0  0
  7  9  2  0  0  0  0
  7 13  1  0  0  0  0
  8 10  2  0  0  0  0
  8 14  1  0  0  0  0
  9 10  1  0  0  0  0
 10 15  1  0  0  0  0
M  END
> <PUBCHEM_BONDANNOTATIONS>
4  5  8
4  7  8
5  8  8
7  9  8
8  10  8
9  10  8

$$$$
