75655
  Marvin  12310720203D          

 27 28  0  0  0  0            999 V2000
   -2.3928   -2.8467    0.4035 O   0  0  0  0  0  0  0  0  0  0  0  0
   -0.5449   -0.7472   -0.0157 N   0  0  0  0  0  0  0  0  0  0  0  0
    2.6232    3.7600   -0.0571 N   0  0  0  0  0  0  0  0  0  0  0  0
   -0.4898   -1.4917    1.1910 C   0  0  0  0  0  0  0  0  0  0  0  0
   -1.5870   -0.9677   -0.9549 C   0  0  0  0  0  0  0  0  0  0  0  0
   -1.1705   -2.8843    1.1568 C   0  0  0  0  0  0  0  0  0  0  0  0
   -2.2121   -2.3854   -0.9448 C   0  0  0  0  0  0  0  0  0  0  0  0
    0.2544    0.3362   -0.1245 C   0  0  0  0  0  0  0  0  0  0  0  0
    1.6688    0.2370   -0.1453 C   0  0  0  0  0  0  0  0  0  0  0  0
   -0.3092    1.6340   -0.1643 C   0  0  0  0  0  0  0  0  0  0  0  0
    2.4831    1.3891   -0.1350 C   0  0  0  0  0  0  0  0  0  0  0  0
    0.4925    2.7868   -0.1691 C   0  0  0  0  0  0  0  0  0  0  0  0
    1.8940    2.6705   -0.1242 C   0  0  0  0  0  0  0  0  0  0  0  0
    0.5316   -1.6562    1.5494 H   0  0  0  0  0  0  0  0  0  0  0  0
   -0.9974   -0.8955    1.9558 H   0  0  0  0  0  0  0  0  0  0  0  0
   -1.2594   -0.7573   -1.9781 H   0  0  0  0  0  0  0  0  0  0  0  0
   -2.4021   -0.2756   -0.7258 H   0  0  0  0  0  0  0  0  0  0  0  0
   -1.4080   -3.2067    2.1730 H   0  0  0  0  0  0  0  0  0  0  0  0
   -0.4950   -3.6325    0.7321 H   0  0  0  0  0  0  0  0  0  0  0  0
   -3.1918   -2.3652   -1.4281 H   0  0  0  0  0  0  0  0  0  0  0  0
   -1.5904   -3.0876   -1.5073 H   0  0  0  0  0  0  0  0  0  0  0  0
    2.1234   -0.6790   -0.1548 H   0  0  0  0  0  0  0  0  0  0  0  0
   -1.3232    1.7645   -0.1661 H   0  0  0  0  0  0  0  0  0  0  0  0
    3.5008    1.2867   -0.1274 H   0  0  0  0  0  0  0  0  0  0  0  0
    0.0417    3.7058   -0.1872 H   0  0  0  0  0  0  0  0  0  0  0  0
    2.2102    4.5990   -0.1052 H   0  0  0  0  0  0  0  0  0  0  0  0
    3.5501    3.7088    0.0531 H   0  0  0  0  0  0  0  0  0  0  0  0
  1  6  1  0  0  0  0
  1  7  1  0  0  0  0
  2  4  1  0  0  0  0
  2  5  1  0  0  0  0
  2  8  1  0  0  0  0
  3 13  1  0  0  0  0
  3 26  1  0  0  0  0
  3 27  1  0  0  0  0
  4  6  1  0  0  0  0
  4 14  1  0  0  0  0
  4 15  1  0  0  0  0
  5  7  1  0  0  0  0
  5 16  1  0  0  0  0
  5 17  1  0  0  0  0
  6 18  1  0  0  0  0
  6 19  1  0  0  0  0
  7 20  1  0  0  0  0
  7 21  1  0  0  0  0
  8  9  2  0  0  0  0
  8 10  1  0  0  0  0
  9 11  1  0  0  0  0
  9 22  1  0  0  0  0
 10 12  2  0  0  0  0
 10 23  1  0  0  0  0
 11 13  2  0  0  0  0
 11 24  1  0  0  0  0
 12 13  1  0  0  0  0
 12 25  1  0  0  0  0
M  END
> <PUBCHEM_BONDANNOTATIONS>
10  12  8
11  13  8
12  13  8
8  10  8
8  9  8
9  11  8

$$$$
