
  ACD/Labs04281711282D

 13 14  0  0  0  0  0  0  0  0  1 V2000
    1.1540    0.0000    0.0000 C   0  0  0  0  0  0  0  0  0  0  0  0
    1.1540   -1.3267    0.0000 C   0  0  0  0  0  0  0  0  0  0  0  0
    0.0000   -1.9901    0.0000 O   0  0  0  0  0  0  0  0  0  0  0  0
    2.3010   -1.9901    0.0000 C   0  0  0  0  0  0  0  0  0  0  0  0
    2.3010   -3.3237    0.0000 C   0  0  0  0  0  0  0  0  0  0  0  0
    3.4550   -3.9870    0.0000 C   0  0  0  0  0  0  0  0  0  0  0  0
    4.6089   -3.3237    0.0000 C   0  0  0  0  0  0  0  0  0  0  0  0
    5.7560   -3.9870    0.0000 C   0  0  0  0  0  0  0  0  0  0  0  0
    6.9099   -3.3237    0.0000 C   0  0  0  0  0  0  0  0  0  0  0  0
    6.9099   -1.9901    0.0000 C   0  0  0  0  0  0  0  0  0  0  0  0
    5.7560   -1.3267    0.0000 C   0  0  0  0  0  0  0  0  0  0  0  0
    4.6089   -1.9901    0.0000 C   0  0  0  0  0  0  0  0  0  0  0  0
    3.4550   -1.3267    0.0000 C   0  0  0  0  0  0  0  0  0  0  0  0
  1  2  1  0  0  0  0
  2  3  2  0  0  0  0
  2  4  1  0  0  0  0
  4  5  1  0  0  0  0
  4 13  2  0  0  0  0
  5  6  2  0  0  0  0
  6  7  1  0  0  0  0
  7  8  2  0  0  0  0
  7 12  1  0  0  0  0
  8  9  1  0  0  0  0
  9 10  2  0  0  0  0
 10 11  1  0  0  0  0
 11 12  2  0  0  0  0
 12 13  1  0  0  0  0
M  END
