76218
  Marvin  12310720203D          

 13 13  0  0  0  0            999 V2000
   -0.8766   -1.3987    1.1431 O   0  0  0  0  0  0  0  0  0  0  0  0
   -0.4611   -0.7621   -0.0633 C   0  0  2  0  0  0  0  0  0  0  0  0
    1.0542   -0.4906   -0.1208 C   0  0  0  0  0  0  0  0  0  0  0  0
   -0.7337    0.7541   -0.1209 C   0  0  0  0  0  0  0  0  0  0  0  0
    0.7818    1.0241   -0.1440 C   0  0  0  0  0  0  0  0  0  0  0  0
   -0.8293   -1.2966   -0.9434 H   0  0  0  0  0  0  0  0  0  0  0  0
    1.5229   -0.8569   -1.0381 H   0  0  0  0  0  0  0  0  0  0  0  0
    1.5975   -0.8175    0.7697 H   0  0  0  0  0  0  0  0  0  0  0  0
   -1.2367    1.0691   -1.0394 H   0  0  0  0  0  0  0  0  0  0  0  0
   -1.2294    1.1513    0.7686 H   0  0  0  0  0  0  0  0  0  0  0  0
    1.1246    1.5128   -1.0601 H   0  0  0  0  0  0  0  0  0  0  0  0
    1.1409    1.5392    0.7512 H   0  0  0  0  0  0  0  0  0  0  0  0
   -1.8552   -1.4283    1.0974 H   0  0  0  0  0  0  0  0  0  0  0  0
  1  2  1  0  0  0  0
  1 13  1  0  0  0  0
  2  3  1  0  0  0  0
  2  4  1  0  0  0  0
  2  6  1  0  0  0  0
  3  5  1  0  0  0  0
  3  7  1  0  0  0  0
  3  8  1  0  0  0  0
  4  5  1  0  0  0  0
  4  9  1  0  0  0  0
  4 10  1  0  0  0  0
  5 11  1  0  0  0  0
  5 12  1  0  0  0  0
M  END
$$$$
