
  ACD/Labs06251410102D

 14 14  0  0  0  0  0  0  0  0  1 V2000
    5.9870   -5.7589    0.0000 C   0  0  0  0  0  0  0  0  0  0  0  0
    4.6597   -5.7589    0.0000 O   0  0  0  0  0  0  0  0  0  0  0  0
    3.9891   -4.6113    0.0000 C   0  0  0  0  0  0  0  0  0  0  0  0
    4.6597   -3.4567    0.0000 C   0  0  0  0  0  0  0  0  0  0  0  0
    3.9891   -2.3022    0.0000 C   0  0  0  0  0  0  0  0  0  0  0  0
    2.6617   -2.3022    0.0000 C   0  0  0  0  0  0  0  0  0  0  0  0
    1.9980   -1.1545    0.0000 C   0  0  0  0  0  0  0  0  0  0  0  0
    0.6637   -1.1545    0.0000 C   0  0  0  0  0  0  0  0  0  0  0  0
    0.0000    0.0000    0.0000 O   0  0  0  0  0  0  0  0  0  0  0  0
    0.0000   -2.3022    0.0000 O   0  0  0  0  0  0  0  0  0  0  0  0
    1.9980   -3.4567    0.0000 C   0  0  0  0  0  0  0  0  0  0  0  0
    2.6617   -4.6113    0.0000 C   0  0  0  0  0  0  0  0  0  0  0  0
    1.9980   -5.7589    0.0000 O   0  0  0  0  0  0  0  0  0  0  0  0
    2.6617   -6.9134    0.0000 C   0  0  0  0  0  0  0  0  0  0  0  0
  1  2  1  0  0  0  0
  2  3  1  0  0  0  0
  3  4  1  0  0  0  0
  3 12  2  0  0  0  0
  4  5  2  0  0  0  0
  5  6  1  0  0  0  0
  6  7  1  0  0  0  0
  6 11  2  0  0  0  0
  7  8  1  0  0  0  0
  8  9  1  0  0  0  0
  8 10  2  0  0  0  0
 11 12  1  0  0  0  0
 12 13  1  0  0  0  0
 13 14  1  0  0  0  0
M  END
