
  ACD/Labs06251410112D

 10 10  0  0  0  0  0  0  0  0  2 V2000
    3.9910   -5.7590    0.0000 N   0  0  0  0  0  0  0  0  0  0  0  0
    3.3229   -4.6072    0.0000 C   0  0  0  0  0  0  0  0  0  0  0  0
    3.9910   -3.4554    0.0000 N   0  0  0  0  0  0  0  0  0  0  0  0
    3.3229   -2.3036    0.0000 C   0  0  0  0  0  0  0  0  0  0  0  0
    1.9926   -2.3036    0.0000 C   0  0  0  0  0  0  0  0  0  0  0  0
    1.3303   -3.4554    0.0000 C   0  0  0  0  0  0  0  0  0  0  0  0
    1.9926   -4.6072    0.0000 N   0  0  0  0  0  0  0  0  0  0  0  0
    1.3303   -1.1518    0.0000 N   0  3  0  0  0  0  0  0  0  0  0  0
    1.9926    0.0000    0.0000 O   0  5  0  0  0  0  0  0  0  0  0  0
    0.0000   -1.1518    0.0000 O   0  0  0  0  0  0  0  0  0  0  0  0
  1  2  1  0  0  0  0
  2  3  1  0  0  0  0
  2  7  2  0  0  0  0
  3  4  2  0  0  0  0
  4  5  1  0  0  0  0
  5  6  2  0  0  0  0
  5  8  1  0  0  0  0
  6  7  1  0  0  0  0
  8  9  1  0  0  0  0
  8 10  2  0  0  0  0
M  CHG  2   8   1   9  -1
M  END
