76490
  Marvin  12310720203D          

 14 14  0  0  0  0            999 V2000
    3.2126   -0.9507   -0.2154 O   0  5  0  0  0  0  0  0  0  0  0  0
    3.2096    0.8912    0.4328 O   0  0  0  0  0  0  0  0  0  0  0  0
   -0.9019   -1.1581   -0.1032 N   0  0  0  0  0  0  0  0  0  0  0  0
   -0.8864    1.1736    0.0524 N   0  0  0  0  0  0  0  0  0  0  0  0
    2.5662   -0.0232    0.0950 N   0  3  0  0  0  0  0  0  0  0  0  0
   -2.8842    0.0278   -0.1285 N   0  0  0  0  0  0  0  0  0  0  0  0
    1.2263   -0.0119    0.0574 C   0  0  0  0  0  0  0  0  0  0  0  0
    0.4529   -1.1954   -0.0452 C   0  0  0  0  0  0  0  0  0  0  0  0
    0.4690    1.1851    0.1116 C   0  0  0  0  0  0  0  0  0  0  0  0
   -1.5791    0.0146   -0.0595 C   0  0  0  0  0  0  0  0  0  0  0  0
    0.8959   -2.1157   -0.0753 H   0  0  0  0  0  0  0  0  0  0  0  0
    0.9248    2.0964    0.1878 H   0  0  0  0  0  0  0  0  0  0  0  0
   -3.3487    0.8378   -0.0687 H   0  0  0  0  0  0  0  0  0  0  0  0
   -3.3570   -0.7717   -0.2414 H   0  0  0  0  0  0  0  0  0  0  0  0
  1  5  1  0  0  0  0
  2  5  2  0  0  0  0
  3  8  2  0  0  0  0
  3 10  1  0  0  0  0
  4  9  1  0  0  0  0
  4 10  2  0  0  0  0
  5  7  1  0  0  0  0
  6 10  1  0  0  0  0
  6 13  1  0  0  0  0
  6 14  1  0  0  0  0
  7  8  1  0  0  0  0
  7  9  2  0  0  0  0
  8 11  1  0  0  0  0
  9 12  1  0  0  0  0
M  CHG  2   1  -1   5   1
M  END
> <PUBCHEM_BONDANNOTATIONS>
3  10  8
3  8  8
4  10  8
4  9  8
7  8  8
7  9  8

$$$$
