76613
  Marvin  12310720203D          

 27 27  0  0  0  0            999 V2000
    1.3649    3.9062   -0.4121 O   0  0  0  0  0  0  0  0  0  0  0  0
   -2.4877   -0.9706   -0.6498 O   0  0  0  0  0  0  0  0  0  0  0  0
   -0.4107   -5.1037    1.7253 O   0  0  0  0  0  0  0  0  0  0  0  0
    0.5195   -4.8416   -0.1087 O   0  0  0  0  0  0  0  0  0  0  0  0
   -0.7042   -2.3224   -0.7103 C   0  0  0  0  0  0  0  0  0  0  0  0
   -0.5738    0.2604   -0.7011 C   0  0  0  0  0  0  0  0  0  0  0  0
   -1.2618   -0.9701   -0.6931 C   0  0  0  0  0  0  0  0  0  0  0  0
   -0.9230   -3.1214    0.6088 C   0  0  0  0  0  0  0  0  0  0  0  0
    0.8431    0.3621   -0.6832 C   0  0  0  0  0  0  0  0  0  0  0  0
   -1.2803    1.4955   -0.7070 C   0  0  0  0  0  0  0  0  0  0  0  0
    0.7740    2.7953   -0.5658 C   0  0  0  0  0  0  0  0  0  0  0  0
    1.5107    1.5983   -0.6258 C   0  0  0  0  0  0  0  0  0  0  0  0
   -0.6289    2.7407   -0.6448 C   0  0  0  0  0  0  0  0  0  0  0  0
   -0.2452   -4.3990    0.7358 C   0  0  0  0  0  0  0  0  0  0  0  0
    1.7516    4.4176    0.7619 C   0  0  0  0  0  0  0  0  0  0  0  0
   -1.1564   -2.8770   -1.5384 H   0  0  0  0  0  0  0  0  0  0  0  0
    0.3601   -2.3294   -0.9360 H   0  0  0  0  0  0  0  0  0  0  0  0
   -0.6062   -2.5035    1.4540 H   0  0  0  0  0  0  0  0  0  0  0  0
   -1.9948   -3.3076    0.7228 H   0  0  0  0  0  0  0  0  0  0  0  0
    1.4512   -0.4555   -0.6960 H   0  0  0  0  0  0  0  0  0  0  0  0
   -2.3032    1.5220   -0.7433 H   0  0  0  0  0  0  0  0  0  0  0  0
    2.5341    1.6235   -0.6109 H   0  0  0  0  0  0  0  0  0  0  0  0
   -1.1788    3.6047   -0.6370 H   0  0  0  0  0  0  0  0  0  0  0  0
    2.2792    5.3540    0.5826 H   0  0  0  0  0  0  0  0  0  0  0  0
    2.4280    3.7464    1.2983 H   0  0  0  0  0  0  0  0  0  0  0  0
    0.8888    4.6304    1.3984 H   0  0  0  0  0  0  0  0  0  0  0  0
   -0.9500   -4.8554    2.3753 H   0  0  0  0  0  0  0  0  0  0  0  0
  1 11  1  0  0  0  0
  1 15  1  0  0  0  0
  2  7  2  0  0  0  0
  3 14  1  0  0  0  0
  3 27  1  0  0  0  0
  4 14  2  0  0  0  0
  5  7  1  0  0  0  0
  5  8  1  0  0  0  0
  5 16  1  0  0  0  0
  5 17  1  0  0  0  0
  6  7  1  0  0  0  0
  6  9  2  0  0  0  0
  6 10  1  0  0  0  0
  8 14  1  0  0  0  0
  8 18  1  0  0  0  0
  8 19  1  0  0  0  0
  9 12  1  0  0  0  0
  9 20  1  0  0  0  0
 10 13  2  0  0  0  0
 10 21  1  0  0  0  0
 11 12  2  0  0  0  0
 11 13  1  0  0  0  0
 12 22  1  0  0  0  0
 13 23  1  0  0  0  0
 15 24  1  0  0  0  0
 15 25  1  0  0  0  0
 15 26  1  0  0  0  0
M  END
> <PUBCHEM_BONDANNOTATIONS>
10  13  8
11  12  8
11  13  8
6  10  8
6  9  8
9  12  8

$$$$
