76622
  Marvin  12310720203D          

 20 21  0  0  0  0            999 V2000
    2.2786    0.9495    0.8197 O   0  0  0  0  0  0  0  0  0  0  0  0
    1.1689    2.7687    0.7982 O   0  0  0  0  0  0  0  0  0  0  0  0
   -2.6340   -1.7381   -1.1313 O   0  0  0  0  0  0  0  0  0  0  0  0
    1.1050    0.6665    0.4943 C   0  0  0  0  0  0  0  0  0  0  0  0
    0.3808    1.8490    0.4878 C   0  0  0  0  0  0  0  0  0  0  0  0
   -0.8584   -0.5979   -0.2691 C   0  0  0  0  0  0  0  0  0  0  0  0
    0.5029   -0.5527    0.1457 C   0  0  0  0  0  0  0  0  0  0  0  0
   -0.9807    1.8550    0.1542 C   0  0  0  0  0  0  0  0  0  0  0  0
   -1.5781    0.6343   -0.2225 C   0  0  0  0  0  0  0  0  0  0  0  0
    2.3932    2.2688    0.9902 C   0  0  0  0  0  0  0  0  0  0  0  0
   -1.4728   -1.7728   -0.7378 C   0  0  0  0  0  0  0  0  0  0  0  0
   -0.9006   -3.1034   -0.8800 C   0  0  0  0  0  0  0  0  0  0  0  0
    1.1026   -1.3750    0.1904 H   0  0  0  0  0  0  0  0  0  0  0  0
   -1.5151    2.7263    0.1707 H   0  0  0  0  0  0  0  0  0  0  0  0
   -2.5681    0.6788   -0.4782 H   0  0  0  0  0  0  0  0  0  0  0  0
    3.0947    2.6821    0.2597 H   0  0  0  0  0  0  0  0  0  0  0  0
    2.7515    2.4999    1.9959 H   0  0  0  0  0  0  0  0  0  0  0  0
   -0.8622   -3.3755   -1.9375 H   0  0  0  0  0  0  0  0  0  0  0  0
   -1.5162   -3.8396   -0.3581 H   0  0  0  0  0  0  0  0  0  0  0  0
    0.1078   -3.2239   -0.4921 H   0  0  0  0  0  0  0  0  0  0  0  0
  1  4  1  0  0  0  0
  1 10  1  0  0  0  0
  2  5  1  0  0  0  0
  2 10  1  0  0  0  0
  3 11  2  0  0  0  0
  4  5  2  0  0  0  0
  4  7  1  0  0  0  0
  5  8  1  0  0  0  0
  6  7  2  0  0  0  0
  6  9  1  0  0  0  0
  6 11  1  0  0  0  0
  7 13  1  0  0  0  0
  8  9  2  0  0  0  0
  8 14  1  0  0  0  0
  9 15  1  0  0  0  0
 10 16  1  0  0  0  0
 10 17  1  0  0  0  0
 11 12  1  0  0  0  0
 12 18  1  0  0  0  0
 12 19  1  0  0  0  0
 12 20  1  0  0  0  0
M  END
> <PUBCHEM_BONDANNOTATIONS>
4  5  8
4  7  8
5  8  8
6  7  8
6  9  8
8  9  8

$$$$
