7196
  Marvin  12300703363D          

 18 19  0  0  0  0            999 V2000
    2.1708    0.4663    0.6790 O   0  0  0  0  0  0  0  0  0  0  0  0
    1.0768    2.2932    0.7522 O   0  0  0  0  0  0  0  0  0  0  0  0
   -1.0158   -3.1305   -1.2703 O   0  0  0  0  0  0  0  0  0  0  0  0
   -2.8411   -2.2980   -0.8494 O   0  0  0  0  0  0  0  0  0  0  0  0
    0.9912    0.2068    0.3574 C   0  0  0  0  0  0  0  0  0  0  0  0
    0.2764    1.3950    0.4133 C   0  0  0  0  0  0  0  0  0  0  0  0
    0.3696   -0.9938   -0.0255 C   0  0  0  0  0  0  0  0  0  0  0  0
   -1.0053   -0.9970   -0.3833 C   0  0  0  0  0  0  0  0  0  0  0  0
    2.2960    1.7737    0.9205 C   0  0  0  0  0  0  0  0  0  0  0  0
   -1.0934    1.4292    0.1080 C   0  0  0  0  0  0  0  0  0  0  0  0
   -1.7207    0.2298   -0.2857 C   0  0  0  0  0  0  0  0  0  0  0  0
   -1.6263   -2.1601   -0.8323 C   0  0  0  0  0  0  0  0  0  0  0  0
    0.9382   -1.8437   -0.0393 H   0  0  0  0  0  0  0  0  0  0  0  0
    3.0050    2.2211    0.2189 H   0  0  0  0  0  0  0  0  0  0  0  0
    2.6491    1.9475    1.9396 H   0  0  0  0  0  0  0  0  0  0  0  0
   -1.6145    2.3069    0.1623 H   0  0  0  0  0  0  0  0  0  0  0  0
   -2.7170    0.2775   -0.5162 H   0  0  0  0  0  0  0  0  0  0  0  0
   -0.1391   -3.1238   -1.3494 H   0  0  0  0  0  0  0  0  0  0  0  0
  1  5  1  0  0  0  0
  1  9  1  0  0  0  0
  2  6  1  0  0  0  0
  2  9  1  0  0  0  0
  3 12  1  0  0  0  0
  3 18  1  0  0  0  0
  4 12  2  0  0  0  0
  5  6  2  0  0  0  0
  5  7  1  0  0  0  0
  6 10  1  0  0  0  0
  7  8  2  0  0  0  0
  7 13  1  0  0  0  0
  8 11  1  0  0  0  0
  8 12  1  0  0  0  0
  9 14  1  0  0  0  0
  9 15  1  0  0  0  0
 10 11  2  0  0  0  0
 10 16  1  0  0  0  0
 11 17  1  0  0  0  0
M  END
> <PUBCHEM_BONDANNOTATIONS>
10  11  8
5  6  8
5  7  8
6  10  8
7  8  8
8  11  8

$$$$
