
  ACD/Labs03221914022D

 10 10  0  0  0  0  0  0  0  0  1 V2000
    4.7670   -3.3226    0.0000 C   0  0  0  0  0  0  0  0  0  0  0  0
    4.7670   -1.9926    0.0000 C   0  0  0  0  0  0  0  0  0  0  0  0
    3.6134   -1.3300    0.0000 C   0  0  0  0  0  0  0  0  0  0  0  0
    2.4645   -1.9926    0.0000 C   0  0  0  0  0  0  0  0  0  0  0  0
    2.4645   -3.3226    0.0000 C   0  0  0  0  0  0  0  0  0  0  0  0
    3.6134   -3.9900    0.0000 C   0  0  0  0  0  0  0  0  0  0  0  0
    1.3109   -1.3300    0.0000 S   0  0  0  0  0  0  0  0  0  0  0  0
    1.3109    0.0000    0.0000 N   0  0  0  0  0  0  0  0  0  0  0  0
    0.0000   -1.0964    0.0000 O   0  0  0  0  0  0  0  0  0  0  0  0
    0.8533   -2.5789    0.0000 O   0  0  0  0  0  0  0  0  0  0  0  0
  1  2  2  0  0  0  0
  1  6  1  0  0  0  0
  2  3  1  0  0  0  0
  3  4  2  0  0  0  0
  4  5  1  0  0  0  0
  4  7  1  0  0  0  0
  5  6  2  0  0  0  0
  7  8  1  0  0  0  0
  7  9  2  0  0  0  0
  7 10  2  0  0  0  0
M  END
