7370
  Marvin  12300703363D          

 17 17  0  0  0  0            999 V2000
   -0.8112   -1.8328    0.1225 S   0  0  1  0  0  0  0  0  0  0  0  0
   -1.1519   -2.2696    1.6127 O   0  0  0  0  0  0  0  0  0  0  0  0
    0.0923   -2.9725   -0.5210 O   0  0  0  0  0  0  0  0  0  0  0  0
   -2.1994   -1.7719   -0.7600 N   0  0  0  0  0  0  0  0  0  0  0  0
    0.0286   -0.3050    0.1368 C   0  0  0  0  0  0  0  0  0  0  0  0
    1.4398   -0.2808    0.1457 C   0  0  0  0  0  0  0  0  0  0  0  0
   -0.6766    0.9191    0.1438 C   0  0  0  0  0  0  0  0  0  0  0  0
    2.1358    0.9417    0.1447 C   0  0  0  0  0  0  0  0  0  0  0  0
    0.0189    2.1438    0.1438 C   0  0  0  0  0  0  0  0  0  0  0  0
    1.4255    2.1550    0.1423 C   0  0  0  0  0  0  0  0  0  0  0  0
    1.9790   -1.1498    0.1521 H   0  0  0  0  0  0  0  0  0  0  0  0
   -1.6994    0.9348    0.1481 H   0  0  0  0  0  0  0  0  0  0  0  0
    3.1588    0.9471    0.1451 H   0  0  0  0  0  0  0  0  0  0  0  0
   -0.4961    3.0279    0.1441 H   0  0  0  0  0  0  0  0  0  0  0  0
    1.9323    3.0433    0.1403 H   0  0  0  0  0  0  0  0  0  0  0  0
   -2.2474   -1.2211   -1.5140 H   0  0  0  0  0  0  0  0  0  0  0  0
   -2.9290   -2.3090   -0.5272 H   0  0  0  0  0  0  0  0  0  0  0  0
  1  2  2  0  0  0  0
  1  3  2  0  0  0  0
  1  4  1  0  0  0  0
  1  5  1  0  0  0  0
  4 16  1  0  0  0  0
  4 17  1  0  0  0  0
  5  6  2  0  0  0  0
  5  7  1  0  0  0  0
  6  8  1  0  0  0  0
  6 11  1  0  0  0  0
  7  9  2  0  0  0  0
  7 12  1  0  0  0  0
  8 10  2  0  0  0  0
  8 13  1  0  0  0  0
  9 10  1  0  0  0  0
  9 14  1  0  0  0  0
 10 15  1  0  0  0  0
M  END
> <PUBCHEM_BONDANNOTATIONS>
5  6  8
5  7  8
6  8  8
7  9  8
8  10  8
9  10  8

$$$$
