
  ACD/Labs06251410102D

 12 13  0  0  0  0  0  0  0  0  1 V2000
    0.0000   -0.6651    0.0000 C   0  0  0  0  0  0  0  0  0  0  0  0
    1.1506    0.0000    0.0000 O   0  0  0  0  0  0  0  0  0  0  0  0
    2.3011   -0.6651    0.0000 C   0  0  0  0  0  0  0  0  0  0  0  0
    2.3011   -1.9952    0.0000 C   0  0  0  0  0  0  0  0  0  0  0  0
    3.4517   -2.6602    0.0000 C   0  0  0  0  0  0  0  0  0  0  0  0
    4.6022   -1.9952    0.0000 C   0  0  0  0  0  0  0  0  0  0  0  0
    5.8725   -2.4075    0.0000 C   0  0  0  0  0  0  0  0  0  0  0  0
    6.2781   -3.6711    0.0000 O   0  0  0  0  0  0  0  0  0  0  0  0
    6.6506   -1.3301    0.0000 C   0  0  0  0  0  0  0  0  0  0  0  0
    5.8725   -0.2527    0.0000 C   0  0  0  0  0  0  0  0  0  0  0  0
    4.6022   -0.6651    0.0000 C   0  0  0  0  0  0  0  0  0  0  0  0
    3.4517    0.0000    0.0000 C   0  0  0  0  0  0  0  0  0  0  0  0
  1  2  1  0  0  0  0
  2  3  1  0  0  0  0
  3  4  1  0  0  0  0
  3 12  2  0  0  0  0
  4  5  2  0  0  0  0
  5  6  1  0  0  0  0
  6  7  1  0  0  0  0
  6 11  2  0  0  0  0
  7  8  2  0  0  0  0
  7  9  1  0  0  0  0
  9 10  1  0  0  0  0
 10 11  1  0  0  0  0
 11 12  1  0  0  0  0
M  END
