78787
  Marvin  01030820523D          

 22 23  0  0  0  0            999 V2000
   -2.7402    2.2142   -0.9475 O   0  0  0  0  0  0  0  0  0  0  0  0
    0.9591   -2.6467    0.6119 O   0  0  0  0  0  0  0  0  0  0  0  0
    0.8115    2.0287   -0.8492 C   0  0  0  0  0  0  0  0  0  0  0  0
    0.3014    0.6942   -0.5271 C   0  0  0  0  0  0  0  0  0  0  0  0
   -0.4848    2.8678   -0.9459 C   0  0  0  0  0  0  0  0  0  0  0  0
   -1.0959    0.6591   -0.5789 C   0  0  0  0  0  0  0  0  0  0  0  0
   -1.5597    1.9130   -0.8482 C   0  0  0  0  0  0  0  0  0  0  0  0
    1.0346   -0.4546   -0.1767 C   0  0  0  0  0  0  0  0  0  0  0  0
   -1.7934   -0.5419   -0.3397 C   0  0  0  0  0  0  0  0  0  0  0  0
    0.3405   -1.6406    0.1529 C   0  0  0  0  0  0  0  0  0  0  0  0
   -1.0660   -1.6924    0.0243 C   0  0  0  0  0  0  0  0  0  0  0  0
    1.3792   -2.7717    1.8786 C   0  0  0  0  0  0  0  0  0  0  0  0
    1.3546    2.0037   -1.7972 H   0  0  0  0  0  0  0  0  0  0  0  0
    1.4729    2.3940   -0.0597 H   0  0  0  0  0  0  0  0  0  0  0  0
   -0.5530    3.5766   -0.1160 H   0  0  0  0  0  0  0  0  0  0  0  0
   -0.5329    3.4190   -1.8878 H   0  0  0  0  0  0  0  0  0  0  0  0
    2.0561   -0.4170   -0.1354 H   0  0  0  0  0  0  0  0  0  0  0  0
   -2.8133   -0.5794   -0.4056 H   0  0  0  0  0  0  0  0  0  0  0  0
   -1.5703   -2.5603    0.2239 H   0  0  0  0  0  0  0  0  0  0  0  0
    1.9106   -3.7172    1.9841 H   0  0  0  0  0  0  0  0  0  0  0  0
    2.0578   -1.9673    2.1714 H   0  0  0  0  0  0  0  0  0  0  0  0
    0.5314   -2.7810    2.5678 H   0  0  0  0  0  0  0  0  0  0  0  0
  1  7  2  0  0  0  0
  2 10  1  0  0  0  0
  2 12  1  0  0  0  0
  3  4  1  0  0  0  0
  3  5  1  0  0  0  0
  3 13  1  0  0  0  0
  3 14  1  0  0  0  0
  4  6  2  0  0  0  0
  4  8  1  0  0  0  0
  5  7  1  0  0  0  0
  5 15  1  0  0  0  0
  5 16  1  0  0  0  0
  6  7  1  0  0  0  0
  6  9  1  0  0  0  0
  8 10  2  0  0  0  0
  8 17  1  0  0  0  0
  9 11  2  0  0  0  0
  9 18  1  0  0  0  0
 10 11  1  0  0  0  0
 11 19  1  0  0  0  0
 12 20  1  0  0  0  0
 12 21  1  0  0  0  0
 12 22  1  0  0  0  0
M  END
> <PUBCHEM_BONDANNOTATIONS>
10  11  8
4  6  8
4  8  8
6  9  8
8  10  8
9  11  8

$$$$
