
  ACD/Labs03221914022D

 11 11  0  0  0  0  0  0  0  0  1 V2000
    0.0000   -1.3184    0.0000 C   0  0  0  0  0  0  0  0  0  0  0  0
    1.1458   -1.9879    0.0000 O   0  0  0  0  0  0  0  0  0  0  0  0
    2.2985   -1.3322    0.0000 C   0  0  0  0  0  0  0  0  0  0  0  0
    3.4444   -1.9948    0.0000 C   0  0  0  0  0  0  0  0  0  0  0  0
    4.5902   -1.3322    0.0000 C   0  0  0  0  0  0  0  0  0  0  0  0
    5.7291   -1.9741    0.0000 C   0  0  0  0  0  0  0  0  0  0  0  0
    5.7498   -3.3408    0.0000 C   0  0  0  0  0  0  0  0  0  0  0  0
    4.5971   -4.0035    0.0000 C   0  0  0  0  0  0  0  0  0  0  0  0
    3.4306   -3.2994    0.0000 C   0  0  0  0  0  0  0  0  0  0  0  0
    6.9026   -3.9966    0.0000 O   0  0  0  0  0  0  0  0  0  0  0  0
    2.3055    0.0000    0.0000 O   0  0  0  0  0  0  0  0  0  0  0  0
  1  2  1  0  0  0  0
  2  3  1  0  0  0  0
  3  4  1  0  0  0  0
  3 11  2  0  0  0  0
  4  5  2  0  0  0  0
  4  9  1  0  0  0  0
  5  6  1  0  0  0  0
  6  7  2  0  0  0  0
  7  8  1  0  0  0  0
  7 10  1  0  0  0  0
  8  9  2  0  0  0  0
M  END
