
  ACD/Labs03221914022D

 10 10  0  0  0  0  0  0  0  0  1 V2000
    5.7577   -1.9979    0.0000 C   0  0  0  0  0  0  0  0  0  0  0  0
    4.6062   -1.3300    0.0000 C   0  0  0  0  0  0  0  0  0  0  0  0
    3.4546   -1.9979    0.0000 C   0  0  0  0  0  0  0  0  0  0  0  0
    3.4546   -3.3280    0.0000 C   0  0  0  0  0  0  0  0  0  0  0  0
    2.3031   -3.9901    0.0000 C   0  0  0  0  0  0  0  0  0  0  0  0
    1.1515   -3.3280    0.0000 C   0  0  0  0  0  0  0  0  0  0  0  0
    1.1515   -1.9979    0.0000 C   0  0  0  0  0  0  0  0  0  0  0  0
    2.3031   -1.3300    0.0000 C   0  0  0  0  0  0  0  0  0  0  0  0
    0.0000   -3.9901    0.0000 Br  0  0  0  0  0  0  0  0  0  0  0  0
    4.6062    0.0000    0.0000 O   0  0  0  0  0  0  0  0  0  0  0  0
  1  2  1  0  0  0  0
  2  3  1  0  0  0  0
  2 10  2  0  0  0  0
  3  4  2  0  0  0  0
  3  8  1  0  0  0  0
  4  5  1  0  0  0  0
  5  6  2  0  0  0  0
  6  7  1  0  0  0  0
  6  9  1  0  0  0  0
  7  8  2  0  0  0  0
M  END
