7466
  Marvin  12300703363D          

 17 17  0  0  0  0            999 V2000
    1.8590    3.9856   -0.0000 Br  0  0  0  0  0  0  0  0  0  0  0  0
   -2.2835   -1.4333   -0.0000 O   0  0  0  0  0  0  0  0  0  0  0  0
   -0.3767   -0.1858   -0.0000 C   0  0  0  0  0  0  0  0  0  0  0  0
    1.0392   -0.0843   -0.0000 C   0  0  0  0  0  0  0  0  0  0  0  0
   -1.0856    1.0486    0.0000 C   0  0  0  0  0  0  0  0  0  0  0  0
   -1.0582   -1.4187    0.0000 C   0  0  0  0  0  0  0  0  0  0  0  0
    1.7073    1.1547   -0.0000 C   0  0  0  0  0  0  0  0  0  0  0  0
   -0.4320    2.2969   -0.0000 C   0  0  0  0  0  0  0  0  0  0  0  0
    0.9712    2.3498   -0.0000 C   0  0  0  0  0  0  0  0  0  0  0  0
   -0.5080   -2.7678    0.0000 C   0  0  0  0  0  0  0  0  0  0  0  0
    1.6416   -0.9063   -0.0000 H   0  0  0  0  0  0  0  0  0  0  0  0
   -2.1086    1.0732   -0.0000 H   0  0  0  0  0  0  0  0  0  0  0  0
    2.7292    1.1839   -0.0000 H   0  0  0  0  0  0  0  0  0  0  0  0
   -0.9765    3.1625   -0.0000 H   0  0  0  0  0  0  0  0  0  0  0  0
   -0.8478   -3.3127    0.8840 H   0  0  0  0  0  0  0  0  0  0  0  0
   -0.8478   -3.3127   -0.8840 H   0  0  0  0  0  0  0  0  0  0  0  0
    0.5772   -2.8336    0.0000 H   0  0  0  0  0  0  0  0  0  0  0  0
  1  9  1  0  0  0  0
  2  6  2  0  0  0  0
  3  4  2  0  0  0  0
  3  5  1  0  0  0  0
  3  6  1  0  0  0  0
  4  7  1  0  0  0  0
  4 11  1  0  0  0  0
  5  8  2  0  0  0  0
  5 12  1  0  0  0  0
  6 10  1  0  0  0  0
  7  9  2  0  0  0  0
  7 13  1  0  0  0  0
  8  9  1  0  0  0  0
  8 14  1  0  0  0  0
 10 15  1  0  0  0  0
 10 16  1  0  0  0  0
 10 17  1  0  0  0  0
M  END
> <PUBCHEM_BONDANNOTATIONS>
3  4  8
3  5  8
4  7  8
5  8  8
7  9  8
8  9  8

$$$$
