
  ACD/Labs03221914022D

 10 10  0  0  0  0  0  0  0  0  1 V2000
    0.0000   -1.9866    0.0000 C   0  0  0  0  0  0  0  0  0  0  0  0
    1.1517   -1.3244    0.0000 C   0  0  0  0  0  0  0  0  0  0  0  0
    2.2976   -1.9982    0.0000 C   0  0  0  0  0  0  0  0  0  0  0  0
    3.4435   -1.3302    0.0000 C   0  0  0  0  0  0  0  0  0  0  0  0
    4.5837   -1.9751    0.0000 C   0  0  0  0  0  0  0  0  0  0  0  0
    4.6067   -3.3399    0.0000 C   0  0  0  0  0  0  0  0  0  0  0  0
    3.4550   -4.0021    0.0000 C   0  0  0  0  0  0  0  0  0  0  0  0
    2.2861   -3.2995    0.0000 C   0  0  0  0  0  0  0  0  0  0  0  0
    5.7584   -3.9906    0.0000 O   0  0  0  0  0  0  0  0  0  0  0  0
    1.1574    0.0000    0.0000 O   0  0  0  0  0  0  0  0  0  0  0  0
  1  2  1  0  0  0  0
  2  3  1  0  0  0  0
  2 10  2  0  0  0  0
  3  4  2  0  0  0  0
  3  8  1  0  0  0  0
  4  5  1  0  0  0  0
  5  6  2  0  0  0  0
  6  7  1  0  0  0  0
  6  9  1  0  0  0  0
  7  8  2  0  0  0  0
M  END
