7469
  Marvin  12300703363D          

 18 18  0  0  0  0            999 V2000
    1.4625    3.2867   -0.0000 O   0  0  0  0  0  0  0  0  0  0  0  0
   -2.4137   -1.5828   -0.0000 O   0  0  0  0  0  0  0  0  0  0  0  0
   -0.4971   -0.3487    0.0000 C   0  0  0  0  0  0  0  0  0  0  0  0
    0.9199   -0.2556   -0.0000 C   0  0  0  0  0  0  0  0  0  0  0  0
   -1.1987    0.8896   -0.0000 C   0  0  0  0  0  0  0  0  0  0  0  0
   -1.1875   -1.5755   -0.0000 C   0  0  0  0  0  0  0  0  0  0  0  0
    1.5953    0.9791    0.0000 C   0  0  0  0  0  0  0  0  0  0  0  0
   -0.5386    2.1333    0.0000 C   0  0  0  0  0  0  0  0  0  0  0  0
    0.8660    2.1806   -0.0000 C   0  0  0  0  0  0  0  0  0  0  0  0
   -0.6453   -2.9274    0.0000 C   0  0  0  0  0  0  0  0  0  0  0  0
    1.5178   -1.0809   -0.0000 H   0  0  0  0  0  0  0  0  0  0  0  0
   -2.2219    0.9191    0.0000 H   0  0  0  0  0  0  0  0  0  0  0  0
    2.6184    0.9975   -0.0000 H   0  0  0  0  0  0  0  0  0  0  0  0
   -1.0841    2.9998   -0.0000 H   0  0  0  0  0  0  0  0  0  0  0  0
   -0.9880   -3.4690    0.8849 H   0  0  0  0  0  0  0  0  0  0  0  0
   -0.9880   -3.4690   -0.8849 H   0  0  0  0  0  0  0  0  0  0  0  0
    0.4395   -2.9989    0.0000 H   0  0  0  0  0  0  0  0  0  0  0  0
    2.3435    3.3222   -0.0000 H   0  0  0  0  0  0  0  0  0  0  0  0
  1  9  1  0  0  0  0
  1 18  1  0  0  0  0
  2  6  2  0  0  0  0
  3  4  2  0  0  0  0
  3  5  1  0  0  0  0
  3  6  1  0  0  0  0
  4  7  1  0  0  0  0
  4 11  1  0  0  0  0
  5  8  2  0  0  0  0
  5 12  1  0  0  0  0
  6 10  1  0  0  0  0
  7  9  2  0  0  0  0
  7 13  1  0  0  0  0
  8  9  1  0  0  0  0
  8 14  1  0  0  0  0
 10 15  1  0  0  0  0
 10 16  1  0  0  0  0
 10 17  1  0  0  0  0
M  END
> <PUBCHEM_BONDANNOTATIONS>
3  4  8
3  5  8
4  7  8
5  8  8
7  9  8
8  9  8

$$$$
