79599
  Marvin  01030820523D          

 16 16  0  0  0  0            999 V2000
    2.4000    3.5677   -0.0000 Br  0  0  0  0  0  0  0  0  0  0  0  0
   -1.6545   -2.1276    1.3278 O   0  0  0  0  0  0  0  0  0  0  0  0
   -1.6545   -2.1276   -1.3278 O   0  0  0  0  0  0  0  0  0  0  0  0
   -0.1497   -0.3586   -0.0000 C   0  0  0  0  0  0  0  0  0  0  0  0
    1.2590   -0.4370    0.0000 C   0  0  0  0  0  0  0  0  0  0  0  0
   -0.7797    0.9019    0.0000 C   0  0  0  0  0  0  0  0  0  0  0  0
    2.0282    0.7437   -0.0000 C   0  0  0  0  0  0  0  0  0  0  0  0
   -0.0102    2.0781   -0.0000 C   0  0  0  0  0  0  0  0  0  0  0  0
    1.3951    2.0013    0.0000 C   0  0  0  0  0  0  0  0  0  0  0  0
   -1.0736   -1.6339    0.0000 B   0  0  0  0  0  0  0  0  0  0  0  0
    1.7315   -1.3445   -0.0000 H   0  0  0  0  0  0  0  0  0  0  0  0
   -1.7999    0.9736   -0.0000 H   0  0  0  0  0  0  0  0  0  0  0  0
    3.0497    0.6864   -0.0000 H   0  0  0  0  0  0  0  0  0  0  0  0
   -0.4802    2.9854   -0.0000 H   0  0  0  0  0  0  0  0  0  0  0  0
   -2.1305   -2.9545    1.1054 H   0  0  0  0  0  0  0  0  0  0  0  0
   -2.1305   -2.9545   -1.1054 H   0  0  0  0  0  0  0  0  0  0  0  0
  1  9  1  0  0  0  0
  2 10  1  0  0  0  0
  2 15  1  0  0  0  0
  3 10  1  0  0  0  0
  3 16  1  0  0  0  0
  4  5  2  0  0  0  0
  4  6  1  0  0  0  0
  4 10  1  0  0  0  0
  5  7  1  0  0  0  0
  5 11  1  0  0  0  0
  6  8  2  0  0  0  0
  6 12  1  0  0  0  0
  7  9  2  0  0  0  0
  7 13  1  0  0  0  0
  8  9  1  0  0  0  0
  8 14  1  0  0  0  0
M  END
> <PUBCHEM_BONDANNOTATIONS>
4  5  8
4  6  8
5  7  8
6  8  8
7  9  8
8  9  8

$$$$
