
  ACD/Labs02211713242D

 10 10  0  0  0  0  0  0  0  0  1 V2000
    0.0000   -1.9979    0.0000 O   0  0  0  0  0  0  0  0  0  0  0  0
    1.1515   -1.3300    0.0000 B   0  0  0  0  0  0  0  0  0  0  0  0
    1.1515    0.0000    0.0000 O   0  0  0  0  0  0  0  0  0  0  0  0
    2.3031   -1.9979    0.0000 C   0  0  0  0  0  0  0  0  0  0  0  0
    3.4546   -1.3300    0.0000 C   0  0  0  0  0  0  0  0  0  0  0  0
    4.6062   -1.9979    0.0000 C   0  0  0  0  0  0  0  0  0  0  0  0
    4.6062   -3.3280    0.0000 C   0  0  0  0  0  0  0  0  0  0  0  0
    5.7577   -3.9901    0.0000 Br  0  0  0  0  0  0  0  0  0  0  0  0
    3.4546   -3.9901    0.0000 C   0  0  0  0  0  0  0  0  0  0  0  0
    2.3031   -3.3280    0.0000 C   0  0  0  0  0  0  0  0  0  0  0  0
  1  2  1  0  0  0  0
  2  3  1  0  0  0  0
  2  4  1  0  0  0  0
  4  5  2  0  0  0  0
  4 10  1  0  0  0  0
  5  6  1  0  0  0  0
  6  7  2  0  0  0  0
  7  8  1  0  0  0  0
  7  9  1  0  0  0  0
  9 10  2  0  0  0  0
M  END
