
  ACD/Labs02211713302D

 12 13  0  0  0  0  0  0  0  0  1 V2000
    6.9007   -2.0081    0.0000 O   0  0  0  0  0  0  0  0  0  0  0  0
    5.7483   -2.6706    0.0000 C   0  0  0  0  0  0  0  0  0  0  0  0
    4.5958   -2.0012    0.0000 C   0  0  0  0  0  0  0  0  0  0  0  0
    3.4434   -2.6637    0.0000 N   0  0  0  0  0  0  0  0  0  0  0  0
    2.2979   -1.9943    0.0000 C   0  0  0  0  0  0  0  0  0  0  0  0
    2.2979   -0.6763    0.0000 C   0  0  0  0  0  0  0  0  0  0  0  0
    1.1524    0.0000    0.0000 C   0  0  0  0  0  0  0  0  0  0  0  0
    0.0000   -0.6625    0.0000 C   0  0  0  0  0  0  0  0  0  0  0  0
    0.0000   -1.9943    0.0000 C   0  0  0  0  0  0  0  0  0  0  0  0
    1.1524   -2.6568    0.0000 C   0  0  0  0  0  0  0  0  0  0  0  0
    3.4572    0.0000    0.0000 C   0  0  0  0  0  0  0  0  0  0  0  0
    4.6096   -0.6625    0.0000 C   0  0  0  0  0  0  0  0  0  0  0  0
  1  2  2  0  0  0  0
  2  3  1  0  0  0  0
  3  4  2  0  0  0  0
  3 12  1  0  0  0  0
  4  5  1  0  0  0  0
  5  6  2  0  0  0  0
  5 10  1  0  0  0  0
  6  7  1  0  0  0  0
  6 11  1  0  0  0  0
  7  8  2  0  0  0  0
  8  9  1  0  0  0  0
  9 10  2  0  0  0  0
 11 12  2  0  0  0  0
M  END
