
  ACD/Labs06251410052D

 10 10  0  0  0  0  0  0  0  0  2 V2000
    1.9951   -4.6076    0.0000 O   0  5  0  0  0  0  0  0  0  0  0  0
    2.6586   -3.4557    0.0000 N   0  3  0  0  0  0  0  0  0  0  0  0
    3.9902   -3.4557    0.0000 O   0  0  0  0  0  0  0  0  0  0  0  0
    1.9951   -2.3038    0.0000 C   0  0  0  0  0  0  0  0  0  0  0  0
    2.6586   -1.1519    0.0000 C   0  0  0  0  0  0  0  0  0  0  0  0
    1.9951    0.0000    0.0000 C   0  0  0  0  0  0  0  0  0  0  0  0
    0.6635    0.0000    0.0000 C   0  0  0  0  0  0  0  0  0  0  0  0
    0.0000   -1.1519    0.0000 N   0  0  0  0  0  0  0  0  0  0  0  0
    0.6635   -2.3038    0.0000 C   0  0  0  0  0  0  0  0  0  0  0  0
    0.0000   -3.4557    0.0000 Cl  0  0  0  0  0  0  0  0  0  0  0  0
  1  2  1  0  0  0  0
  2  3  2  0  0  0  0
  2  4  1  0  0  0  0
  4  5  2  0  0  0  0
  4  9  1  0  0  0  0
  5  6  1  0  0  0  0
  6  7  2  0  0  0  0
  7  8  1  0  0  0  0
  8  9  2  0  0  0  0
  9 10  1  0  0  0  0
M  CHG  2   1  -1   2   1
M  END
