79799
  Marvin  01030820523D          

 19 19  0  0  0  0            999 V2000
    2.0163    2.6722    1.3291 O   0  0  0  0  0  0  0  0  0  0  0  0
    2.0163    2.6722   -1.3291 O   0  0  0  0  0  0  0  0  0  0  0  0
   -1.0394   -1.4600   -0.0000 C   0  0  0  0  0  0  0  0  0  0  0  0
    0.4963    0.9240    0.0000 C   0  0  0  0  0  0  0  0  0  0  0  0
    0.3715   -1.5095   -0.0000 C   0  0  0  0  0  0  0  0  0  0  0  0
   -1.6720   -0.1933    0.0000 C   0  0  0  0  0  0  0  0  0  0  0  0
    1.1344   -0.3293   -0.0000 C   0  0  0  0  0  0  0  0  0  0  0  0
   -0.9116    0.9936   -0.0000 C   0  0  0  0  0  0  0  0  0  0  0  0
   -1.7992   -2.7297    0.0000 C   0  0  0  0  0  0  0  0  0  0  0  0
    1.4227    2.1976   -0.0000 B   0  0  0  0  0  0  0  0  0  0  0  0
    0.8656   -2.4053    0.0000 H   0  0  0  0  0  0  0  0  0  0  0  0
   -2.6928   -0.1237   -0.0000 H   0  0  0  0  0  0  0  0  0  0  0  0
    2.1550   -0.3963   -0.0000 H   0  0  0  0  0  0  0  0  0  0  0  0
   -1.3892    1.8989    0.0000 H   0  0  0  0  0  0  0  0  0  0  0  0
   -1.5430   -3.3134    0.8865 H   0  0  0  0  0  0  0  0  0  0  0  0
   -1.5430   -3.3134   -0.8865 H   0  0  0  0  0  0  0  0  0  0  0  0
   -2.8803   -2.5818    0.0000 H   0  0  0  0  0  0  0  0  0  0  0  0
    2.4963    3.4986    1.1150 H   0  0  0  0  0  0  0  0  0  0  0  0
    2.4963    3.4986   -1.1150 H   0  0  0  0  0  0  0  0  0  0  0  0
  1 10  1  0  0  0  0
  1 18  1  0  0  0  0
  2 10  1  0  0  0  0
  2 19  1  0  0  0  0
  3  5  2  0  0  0  0
  3  6  1  0  0  0  0
  3  9  1  0  0  0  0
  4  7  2  0  0  0  0
  4  8  1  0  0  0  0
  4 10  1  0  0  0  0
  5  7  1  0  0  0  0
  5 11  1  0  0  0  0
  6  8  2  0  0  0  0
  6 12  1  0  0  0  0
  7 13  1  0  0  0  0
  8 14  1  0  0  0  0
  9 15  1  0  0  0  0
  9 16  1  0  0  0  0
  9 17  1  0  0  0  0
M  END
> <PUBCHEM_BONDANNOTATIONS>
3  5  8
3  6  8
4  7  8
4  8  8
5  7  8
6  8  8

$$$$
