
  ACD/Labs03221913572D

  8  8  0  0  0  0  0  0  0  0  1 V2000
    0.0000   -3.3243    0.0000 C   0  0  0  0  0  0  0  0  0  0  0  0
    0.0000   -1.9954    0.0000 C   0  0  0  0  0  0  0  0  0  0  0  0
    1.1533   -1.3289    0.0000 C   0  0  0  0  0  0  0  0  0  0  0  0
    2.3027   -1.9954    0.0000 C   0  0  0  0  0  0  0  0  0  0  0  0
    2.3027   -3.3243    0.0000 C   0  0  0  0  0  0  0  0  0  0  0  0
    1.1533   -3.9907    0.0000 C   0  0  0  0  0  0  0  0  0  0  0  0
    3.4560   -1.3289    0.0000 N   0  0  0  0  0  0  0  0  0  0  0  0
    3.4560    0.0000    0.0000 O   0  0  0  0  0  0  0  0  0  0  0  0
  1  2  1  0  0  0  0
  1  6  1  0  0  0  0
  2  3  1  0  0  0  0
  3  4  1  0  0  0  0
  4  5  1  0  0  0  0
  4  7  2  0  0  0  0
  5  6  1  0  0  0  0
  7  8  1  0  0  0  0
M  END
