
  ACD/Labs04281711072D

  8  8  0  0  0  0  0  0  0  0  1 V2000
    2.7515   -3.4193    0.0000 O   0  0  0  0  0  0  0  0  0  0  0  0
    2.3419   -2.1549    0.0000 N   0  0  0  0  0  0  0  0  0  0  0  0
    3.1210   -1.0774    0.0000 C   0  0  0  0  0  0  0  0  0  0  0  0
    4.4522   -1.0774    0.0000 O   0  0  0  0  0  0  0  0  0  0  0  0
    2.3419    0.0000    0.0000 C   0  0  0  0  0  0  0  0  0  0  0  0
    1.0774   -0.4141    0.0000 C   0  0  0  0  0  0  0  0  0  0  0  0
    1.0774   -1.7453    0.0000 C   0  0  0  0  0  0  0  0  0  0  0  0
    0.0000   -2.5244    0.0000 O   0  0  0  0  0  0  0  0  0  0  0  0
  1  2  1  0  0  0  0
  2  3  1  0  0  0  0
  2  7  1  0  0  0  0
  3  4  2  0  0  0  0
  3  5  1  0  0  0  0
  5  6  1  0  0  0  0
  6  7  1  0  0  0  0
  7  8  2  0  0  0  0
M  END
