81149
  Marvin  01030820523D          

 16 16  0  0  0  0            999 V2000
   -1.6335    3.3100   -0.0893 Cl  0  0  0  0  0  0  0  0  0  0  0  0
    1.6041    3.3371   -0.1114 Cl  0  0  0  0  0  0  0  0  0  0  0  0
   -2.5967   -1.8037   -0.0042 O   0  5  0  0  0  0  0  0  0  0  0  0
   -0.9715   -2.8204   -0.0598 O   0  0  0  0  0  0  0  0  0  0  0  0
   -1.4247   -1.7457   -0.0156 N   0  3  0  0  0  0  0  0  0  0  0  0
    1.4767   -1.6192    0.1453 N   0  0  0  0  0  0  0  0  0  0  0  0
   -0.7105   -0.5992   -0.0025 C   0  0  0  0  0  0  0  0  0  0  0  0
    0.7138   -0.5489    0.0369 C   0  0  0  0  0  0  0  0  0  0  0  0
   -1.3849    0.6520   -0.0440 C   0  0  0  0  0  0  0  0  0  0  0  0
    1.4033    0.6812   -0.0224 C   0  0  0  0  0  0  0  0  0  0  0  0
   -0.7084    1.8869   -0.0657 C   0  0  0  0  0  0  0  0  0  0  0  0
    0.7020    1.9005   -0.0676 C   0  0  0  0  0  0  0  0  0  0  0  0
   -2.4084    0.6741   -0.0613 H   0  0  0  0  0  0  0  0  0  0  0  0
    2.4284    0.6970   -0.0211 H   0  0  0  0  0  0  0  0  0  0  0  0
    2.4004   -1.5546    0.0113 H   0  0  0  0  0  0  0  0  0  0  0  0
    1.1100   -2.4471    0.3714 H   0  0  0  0  0  0  0  0  0  0  0  0
  1 11  1  0  0  0  0
  2 12  1  0  0  0  0
  3  5  1  0  0  0  0
  4  5  2  0  0  0  0
  5  7  1  0  0  0  0
  6  8  1  0  0  0  0
  6 15  1  0  0  0  0
  6 16  1  0  0  0  0
  7  8  1  0  0  0  0
  7  9  2  0  0  0  0
  8 10  2  0  0  0  0
  9 11  1  0  0  0  0
  9 13  1  0  0  0  0
 10 12  1  0  0  0  0
 10 14  1  0  0  0  0
 11 12  2  0  0  0  0
M  CHG  2   3  -1   5   1
M  END
> <PUBCHEM_BONDANNOTATIONS>
10  12  8
11  12  8
7  8  8
7  9  8
8  10  8
9  11  8

$$$$
