81276
  Marvin  01030820523D          

 25 26  0  0  0  0            999 V2000
   -2.5621    1.3525    0.5168 O   0  0  0  0  0  0  0  0  0  0  0  0
   -0.8079   -2.9481   -1.3140 O   0  0  0  0  0  0  0  0  0  0  0  0
    1.5255    1.5157    1.0722 C   0  0  0  0  0  0  0  0  0  0  0  0
    0.6073    2.7568    1.2309 C   0  0  0  0  0  0  0  0  0  0  0  0
    0.8519    0.3082    0.5210 C   0  0  0  0  0  0  0  0  0  0  0  0
   -0.8446    2.3828    1.6162 C   0  0  0  0  0  0  0  0  0  0  0  0
   -0.5650    0.2350    0.3791 C   0  0  0  0  0  0  0  0  0  0  0  0
   -1.3712    1.2974    0.8023 C   0  0  0  0  0  0  0  0  0  0  0  0
    1.6568   -0.7874    0.1321 C   0  0  0  0  0  0  0  0  0  0  0  0
   -1.1207   -0.9274   -0.2122 C   0  0  0  0  0  0  0  0  0  0  0  0
   -0.3048   -1.9800   -0.6701 C   0  0  0  0  0  0  0  0  0  0  0  0
    1.0843   -1.9257   -0.4555 C   0  0  0  0  0  0  0  0  0  0  0  0
   -0.9538   -2.9692   -2.6442 C   0  0  0  0  0  0  0  0  0  0  0  0
    1.9540    1.2495    2.0417 H   0  0  0  0  0  0  0  0  0  0  0  0
    2.3534    1.8046    0.4168 H   0  0  0  0  0  0  0  0  0  0  0  0
    1.0265    3.4309    1.9829 H   0  0  0  0  0  0  0  0  0  0  0  0
    0.5827    3.3083    0.2860 H   0  0  0  0  0  0  0  0  0  0  0  0
   -0.8689    2.0582    2.6593 H   0  0  0  0  0  0  0  0  0  0  0  0
   -1.4654    3.2819    1.5442 H   0  0  0  0  0  0  0  0  0  0  0  0
    2.6727   -0.7636    0.2536 H   0  0  0  0  0  0  0  0  0  0  0  0
   -2.1334   -1.0192   -0.3351 H   0  0  0  0  0  0  0  0  0  0  0  0
    1.6840   -2.7021   -0.7466 H   0  0  0  0  0  0  0  0  0  0  0  0
   -1.4026   -3.9173   -2.9369 H   0  0  0  0  0  0  0  0  0  0  0  0
   -1.6085   -2.1631   -2.9868 H   0  0  0  0  0  0  0  0  0  0  0  0
    0.0097   -2.8785   -3.1537 H   0  0  0  0  0  0  0  0  0  0  0  0
  1  8  2  0  0  0  0
  2 11  1  0  0  0  0
  2 13  1  0  0  0  0
  3  4  1  0  0  0  0
  3  5  1  0  0  0  0
  3 14  1  0  0  0  0
  3 15  1  0  0  0  0
  4  6  1  0  0  0  0
  4 16  1  0  0  0  0
  4 17  1  0  0  0  0
  5  7  2  0  0  0  0
  5  9  1  0  0  0  0
  6  8  1  0  0  0  0
  6 18  1  0  0  0  0
  6 19  1  0  0  0  0
  7  8  1  0  0  0  0
  7 10  1  0  0  0  0
  9 12  2  0  0  0  0
  9 20  1  0  0  0  0
 10 11  2  0  0  0  0
 10 21  1  0  0  0  0
 11 12  1  0  0  0  0
 12 22  1  0  0  0  0
 13 23  1  0  0  0  0
 13 24  1  0  0  0  0
 13 25  1  0  0  0  0
M  END
> <PUBCHEM_BONDANNOTATIONS>
10  11  8
11  12  8
5  7  8
5  9  8
7  10  8
9  12  8

$$$$
