82148
  Marvin  01030820523D          

 35 36  0  0  0  0            999 V2000
   -3.3745   -1.2604   -0.7949 O   0  0  0  0  0  0  0  0  0  0  0  0
    3.4501   -3.5606    1.5855 O   0  0  0  0  0  0  0  0  0  0  0  0
    2.5505   -1.9249    0.5589 N   0  0  0  0  0  0  0  0  0  0  0  0
    0.8847    0.9810   -1.1116 C   0  0  0  0  0  0  0  0  0  0  0  0
    1.7219   -0.2574   -1.0809 C   0  0  0  0  0  0  0  0  0  0  0  0
   -0.5434    0.9801   -1.0808 C   0  0  0  0  0  0  0  0  0  0  0  0
   -1.2501    2.2231   -1.0527 C   0  0  0  0  0  0  0  0  0  0  0  0
    1.8764   -0.7191    0.3883 C   0  0  0  0  0  0  0  0  0  0  0  0
    1.5648    2.2215   -1.0746 C   0  0  0  0  0  0  0  0  0  0  0  0
   -1.3158   -0.2074   -1.0339 C   0  0  0  0  0  0  0  0  0  0  0  0
   -0.5337    3.4373   -1.0150 C   0  0  0  0  0  0  0  0  0  0  0  0
   -2.6642    2.2452   -1.0380 C   0  0  0  0  0  0  0  0  0  0  0  0
    0.8684    3.4373   -1.0162 C   0  0  0  0  0  0  0  0  0  0  0  0
   -2.7220   -0.1847   -0.9507 C   0  0  0  0  0  0  0  0  0  0  0  0
   -3.3953    1.0483   -0.9967 C   0  0  0  0  0  0  0  0  0  0  0  0
    2.8535   -2.4995    1.6854 C   0  0  0  0  0  0  0  0  0  0  0  0
    2.5661   -2.0235    3.0284 C   0  0  0  0  0  0  0  0  0  0  0  0
   -3.5992   -1.8550    0.3827 C   0  0  0  0  0  0  0  0  0  0  0  0
    2.7171   -0.0912   -1.5052 H   0  0  0  0  0  0  0  0  0  0  0  0
    1.2967   -1.0455   -1.7060 H   0  0  0  0  0  0  0  0  0  0  0  0
    2.4208    0.0647    0.9252 H   0  0  0  0  0  0  0  0  0  0  0  0
    0.8869   -0.8262    0.8432 H   0  0  0  0  0  0  0  0  0  0  0  0
    2.5878    2.2629   -1.0659 H   0  0  0  0  0  0  0  0  0  0  0  0
   -0.8768   -1.1298   -1.0326 H   0  0  0  0  0  0  0  0  0  0  0  0
   -1.0168    4.3391   -0.9729 H   0  0  0  0  0  0  0  0  0  0  0  0
   -3.1822    3.1280   -1.0399 H   0  0  0  0  0  0  0  0  0  0  0  0
    1.3817    4.3203   -0.9670 H   0  0  0  0  0  0  0  0  0  0  0  0
   -4.4180    1.0786   -0.9760 H   0  0  0  0  0  0  0  0  0  0  0  0
    2.8048   -2.3733   -0.2230 H   0  0  0  0  0  0  0  0  0  0  0  0
    1.9626   -2.7581    3.5636 H   0  0  0  0  0  0  0  0  0  0  0  0
    3.4984   -1.8674    3.5731 H   0  0  0  0  0  0  0  0  0  0  0  0
    2.0178   -1.0812    3.0551 H   0  0  0  0  0  0  0  0  0  0  0  0
   -4.1351   -2.7877    0.2106 H   0  0  0  0  0  0  0  0  0  0  0  0
   -2.6692   -2.0918    0.9074 H   0  0  0  0  0  0  0  0  0  0  0  0
   -4.2146   -1.2224    1.0276 H   0  0  0  0  0  0  0  0  0  0  0  0
  1 14  1  0  0  0  0
  1 18  1  0  0  0  0
  2 16  2  0  0  0  0
  3  8  1  0  0  0  0
  3 16  1  0  0  0  0
  3 29  1  0  0  0  0
  4  5  1  0  0  0  0
  4  6  1  0  0  0  0
  4  9  2  0  0  0  0
  5  8  1  0  0  0  0
  5 19  1  0  0  0  0
  5 20  1  0  0  0  0
  6  7  2  0  0  0  0
  6 10  1  0  0  0  0
  7 11  1  0  0  0  0
  7 12  1  0  0  0  0
  8 21  1  0  0  0  0
  8 22  1  0  0  0  0
  9 13  1  0  0  0  0
  9 23  1  0  0  0  0
 10 14  2  0  0  0  0
 10 24  1  0  0  0  0
 11 13  2  0  0  0  0
 11 25  1  0  0  0  0
 12 15  2  0  0  0  0
 12 26  1  0  0  0  0
 13 27  1  0  0  0  0
 14 15  1  0  0  0  0
 15 28  1  0  0  0  0
 16 17  1  0  0  0  0
 17 30  1  0  0  0  0
 17 31  1  0  0  0  0
 17 32  1  0  0  0  0
 18 33  1  0  0  0  0
 18 34  1  0  0  0  0
 18 35  1  0  0  0  0
M  END
> <PUBCHEM_BONDANNOTATIONS>
10  14  8
11  13  8
12  15  8
14  15  8
4  6  8
4  9  8
6  10  8
6  7  8
7  11  8
7  12  8
9  13  8

$$$$
