
  -OEChem-11061915122D

 15 16  0     0  0  0  0  0  0999 V2000
   -1.7333   -2.0149    0.0000 N   0  0  0  0  0  0  0  0  0  0  0  0
   -0.8680   -1.5137    0.0000 C   0  0  0  0  0  0  0  0  0  0  0  0
    0.0000   -2.0116    0.0000 N   0  0  0  0  0  0  0  0  0  0  0  0
    0.8680   -1.5150    0.0000 C   0  0  0  0  0  0  0  0  0  0  0  0
    1.8258   -1.8263    0.0000 N   0  0  0  0  0  0  0  0  0  0  0  0
    2.4178   -1.0115    0.0000 C   0  0  0  0  0  0  0  0  0  0  0  0
    1.8258   -0.1969    0.0000 N   0  0  0  0  0  0  0  0  0  0  0  0
    0.8680   -0.5079    0.0000 C   0  0  0  0  0  0  0  0  0  0  0  0
    0.0000    0.0000    0.0000 C   0  0  0  0  0  0  0  0  0  0  0  0
    0.0000    1.0000    0.0000 O   0  0  0  0  0  0  0  0  0  0  0  0
   -0.8680   -0.5079    0.0000 N   0  0  0  0  0  0  0  0  0  0  0  0
   -1.7323   -2.7649    0.0000 H   0  0  0  0  0  0  0  0  0  0  0  0
   -2.3834   -1.6408    0.0000 H   0  0  0  0  0  0  0  0  0  0  0  0
    3.1678   -1.0115    0.0000 H   0  0  0  0  0  0  0  0  0  0  0  0
   -1.5186   -0.1348    0.0000 H   0  0  0  0  0  0  0  0  0  0  0  0
  1  2  1  0  0  0  0
  2  3  2  0  0  0  0
  2 11  1  0  0  0  0
  3  4  1  0  0  0  0
  4  5  1  0  0  0  0
  4  8  2  0  0  0  0
  5  6  1  0  0  0  0
  6  7  2  0  0  0  0
  7  8  1  0  0  0  0
  8  9  1  0  0  0  0
  9 10  2  0  0  0  0
  9 11  1  0  0  0  0
  1 12  1  0  0  0  0
  1 13  1  0  0  0  0
  6 14  1  0  0  0  0
 11 15  1  0  0  0  0
M  END
$$$$
