82588
  Marvin  01030820523D          

 15 15  0  0  0  0            999 V2000
    0.1386   -2.7433    0.2160 Cl  0  0  0  0  0  0  0  0  0  0  0  0
    2.3828    1.0262    0.4776 O   0  0  0  0  0  0  0  0  0  0  0  0
   -1.7911   -1.0875    0.1398 N   0  0  0  0  0  0  0  0  0  0  0  0
    2.4745   -0.8364   -0.4738 N   0  0  0  0  0  0  0  0  0  0  0  0
    0.3468    0.0367    0.1104 C   0  0  0  0  0  0  0  0  0  0  0  0
   -0.3812    1.2561    0.1191 C   0  0  0  0  0  0  0  0  0  0  0  0
   -0.4350   -1.1512    0.1424 C   0  0  0  0  0  0  0  0  0  0  0  0
   -1.7870    1.2902    0.1169 C   0  0  0  0  0  0  0  0  0  0  0  0
    1.7410    0.0737    0.0541 C   0  0  0  0  0  0  0  0  0  0  0  0
   -2.4860    0.0744    0.1188 C   0  0  0  0  0  0  0  0  0  0  0  0
    0.0999    2.1603    0.1125 H   0  0  0  0  0  0  0  0  0  0  0  0
   -2.2912    2.1799    0.1092 H   0  0  0  0  0  0  0  0  0  0  0  0
   -3.5067    0.0559    0.1078 H   0  0  0  0  0  0  0  0  0  0  0  0
    3.3972   -0.7059   -0.5579 H   0  0  0  0  0  0  0  0  0  0  0  0
    2.0977   -1.6293   -0.7931 H   0  0  0  0  0  0  0  0  0  0  0  0
  1  7  1  0  0  0  0
  2  9  2  0  0  0  0
  3  7  1  0  0  0  0
  3 10  2  0  0  0  0
  4  9  1  0  0  0  0
  4 14  1  0  0  0  0
  4 15  1  0  0  0  0
  5  6  1  0  0  0  0
  5  7  2  0  0  0  0
  5  9  1  0  0  0  0
  6  8  2  0  0  0  0
  6 11  1  0  0  0  0
  8 10  1  0  0  0  0
  8 12  1  0  0  0  0
 10 13  1  0  0  0  0
M  END
> <PUBCHEM_BONDANNOTATIONS>
3  10  8
3  7  8
5  6  8
5  7  8
6  8  8
8  10  8

$$$$
