7967
  Marvin  12300703363D          

 17 17  0  0  0  0            999 V2000
   -2.4653   -1.2476    0.0333 O   0  0  0  0  0  0  0  0  0  0  0  0
    1.3043    0.6599   -0.0023 C   0  0  0  0  0  0  0  0  0  0  0  0
    1.2022   -0.8902   -0.0016 C   0  0  0  0  0  0  0  0  0  0  0  0
   -0.0055    1.4956   -0.0026 C   0  0  0  0  0  0  0  0  0  0  0  0
   -0.2044   -1.5511    0.0067 C   0  0  0  0  0  0  0  0  0  0  0  0
   -1.3712    0.7539    0.0080 C   0  0  0  0  0  0  0  0  0  0  0  0
   -1.3732   -0.6948    0.0221 C   0  0  0  0  0  0  0  0  0  0  0  0
    1.9120    0.9679    0.8552 H   0  0  0  0  0  0  0  0  0  0  0  0
    1.8979    0.9600   -0.8720 H   0  0  0  0  0  0  0  0  0  0  0  0
    1.7700   -1.2748    0.8521 H   0  0  0  0  0  0  0  0  0  0  0  0
    1.7475   -1.2678   -0.8726 H   0  0  0  0  0  0  0  0  0  0  0  0
    0.0213    2.1827    0.8496 H   0  0  0  0  0  0  0  0  0  0  0  0
    0.0128    2.1565   -0.8752 H   0  0  0  0  0  0  0  0  0  0  0  0
   -0.2702   -2.2206    0.8702 H   0  0  0  0  0  0  0  0  0  0  0  0
   -0.2878   -2.1964   -0.8733 H   0  0  0  0  0  0  0  0  0  0  0  0
   -1.9480    1.0967    0.8729 H   0  0  0  0  0  0  0  0  0  0  0  0
   -1.9426    1.0700   -0.8704 H   0  0  0  0  0  0  0  0  0  0  0  0
  1  7  2  0  0  0  0
  2  3  1  0  0  0  0
  2  4  1  0  0  0  0
  2  8  1  0  0  0  0
  2  9  1  0  0  0  0
  3  5  1  0  0  0  0
  3 10  1  0  0  0  0
  3 11  1  0  0  0  0
  4  6  1  0  0  0  0
  4 12  1  0  0  0  0
  4 13  1  0  0  0  0
  5  7  1  0  0  0  0
  5 14  1  0  0  0  0
  5 15  1  0  0  0  0
  6  7  1  0  0  0  0
  6 16  1  0  0  0  0
  6 17  1  0  0  0  0
M  END
$$$$
