
  ACD/Labs04281710322D

  7  7  0  0  0  0  0  0  0  0  1 V2000
    0.0000   -1.9700    0.0000 C   0  0  0  0  0  0  0  0  0  0  0  0
    0.0000   -3.3045    0.0000 C   0  0  0  0  0  0  0  0  0  0  0  0
    1.1558   -3.9718    0.0000 C   0  0  0  0  0  0  0  0  0  0  0  0
    2.3116   -3.3045    0.0000 C   0  0  0  0  0  0  0  0  0  0  0  0
    2.3116   -1.9700    0.0000 C   0  0  0  0  0  0  0  0  0  0  0  0
    1.1558   -1.3027    0.0000 C   0  0  0  0  0  0  0  0  0  0  0  0
    1.1558    0.0000    0.0000 O   0  0  0  0  0  0  0  0  0  0  0  0
  1  6  1  0  0  0  0
  1  2  1  0  0  0  0
  2  3  1  0  0  0  0
  3  4  1  0  0  0  0
  4  5  1  0  0  0  0
  5  6  1  0  0  0  0
  6  7  2  0  0  0  0
M  END
