790
  Marvin  12300703363D          

 14 15  0  0  0  0            999 V2000
   -0.1384   -2.7115   -0.1258 O   0  0  0  0  0  0  0  0  0  0  0  0
    1.7890   -0.4320   -0.0791 N   0  0  0  0  0  0  0  0  0  0  0  0
   -1.3570    1.0075    0.1345 N   0  0  0  0  0  0  0  0  0  0  0  0
    1.0030    1.6418    0.0778 N   0  0  0  0  0  0  0  0  0  0  0  0
   -1.7577   -1.2235   -0.0579 N   0  0  0  0  0  0  0  0  0  0  0  0
    0.4546   -0.5101   -0.0305 C   0  0  0  0  0  0  0  0  0  0  0  0
   -0.0363    0.7943    0.0732 C   0  0  0  0  0  0  0  0  0  0  0  0
   -0.4790   -1.5397   -0.0718 C   0  0  0  0  0  0  0  0  0  0  0  0
    2.1049    0.8737   -0.0251 C   0  0  0  0  0  0  0  0  0  0  0  0
   -2.1953   -0.0047    0.0366 C   0  0  0  0  0  0  0  0  0  0  0  0
    2.4100   -1.1740   -0.1488 H   0  0  0  0  0  0  0  0  0  0  0  0
   -1.6842    1.8766    0.2453 H   0  0  0  0  0  0  0  0  0  0  0  0
    3.0579    1.2376   -0.0618 H   0  0  0  0  0  0  0  0  0  0  0  0
   -3.1715    0.1641    0.0334 H   0  0  0  0  0  0  0  0  0  0  0  0
  1  8  2  0  0  0  0
  2  6  1  0  0  0  0
  2  9  1  0  0  0  0
  2 11  1  0  0  0  0
  3  7  1  0  0  0  0
  3 10  1  0  0  0  0
  3 12  1  0  0  0  0
  4  7  1  0  0  0  0
  4  9  2  0  0  0  0
  5  8  1  0  0  0  0
  5 10  2  0  0  0  0
  6  7  2  0  0  0  0
  6  8  1  0  0  0  0
  9 13  1  0  0  0  0
 10 14  1  0  0  0  0
M  END
> <PUBCHEM_BONDANNOTATIONS>
2  6  8
2  9  8
3  10  8
3  7  8
4  7  8
4  9  8
5  10  8
5  8  8
6  7  8
6  8  8

$$$$
