
  ACD/Labs04281710322D

 10 11  0  0  0  0  0  0  0  0  1 V2000
    1.1528    0.0000    0.0000 O   0  0  0  0  0  0  0  0  0  0  0  0
    1.1528   -1.3312    0.0000 C   0  0  0  0  0  0  0  0  0  0  0  0
    0.0000   -1.9924    0.0000 N   0  0  0  0  0  0  0  0  0  0  0  0
    0.0000   -3.3235    0.0000 C   0  0  0  0  0  0  0  0  0  0  0  0
    1.1528   -3.9891    0.0000 N   0  0  0  0  0  0  0  0  0  0  0  0
    2.3056   -3.3235    0.0000 C   0  0  0  0  0  0  0  0  0  0  0  0
    2.3056   -1.9924    0.0000 C   0  0  0  0  0  0  0  0  0  0  0  0
    3.5672   -1.5835    0.0000 N   0  0  0  0  0  0  0  0  0  0  0  0
    4.3502   -2.6580    0.0000 C   0  0  0  0  0  0  0  0  0  0  0  0
    3.5672   -3.7368    0.0000 N   0  0  0  0  0  0  0  0  0  0  0  0
  1  2  1  0  0  0  0
  2  3  1  0  0  0  0
  2  7  2  0  0  0  0
  3  4  2  0  0  0  0
  4  5  1  0  0  0  0
  5  6  2  0  0  0  0
  6  7  1  0  0  0  0
  6 10  1  0  0  0  0
  7  8  1  0  0  0  0
  8  9  1  0  0  0  0
  9 10  2  0  0  0  0
M  END
