
  ACD/Labs04281710332D

 13 14  0  0  0  0  0  0  0  0  1 V2000
    3.5013    0.0000    0.0000 O   0  0  0  0  0  0  0  0  0  0  0  0
    3.0926   -1.2678    0.0000 C   0  0  0  0  0  0  0  0  0  0  0  0
    1.7892   -1.5404    0.0000 O   0  0  0  0  0  0  0  0  0  0  0  0
    3.9812   -2.2513    0.0000 C   0  0  0  0  0  0  0  0  0  0  0  0
    3.5665   -3.5191    0.0000 C   0  0  0  0  0  0  0  0  0  0  0  0
    4.3485   -4.5914    0.0000 C   0  0  0  0  0  0  0  0  0  0  0  0
    3.5665   -5.6697    0.0000 N   0  0  0  0  0  0  0  0  0  0  0  0
    2.3046   -5.2609    0.0000 C   0  0  0  0  0  0  0  0  0  0  0  0
    2.3046   -3.9279    0.0000 C   0  0  0  0  0  0  0  0  0  0  0  0
    1.1493   -3.2644    0.0000 C   0  0  0  0  0  0  0  0  0  0  0  0
    0.0000   -3.9279    0.0000 C   0  0  0  0  0  0  0  0  0  0  0  0
    0.0000   -5.2609    0.0000 C   0  0  0  0  0  0  0  0  0  0  0  0
    1.1493   -5.9244    0.0000 C   0  0  0  0  0  0  0  0  0  0  0  0
  1  2  1  0  0  0  0
  2  3  2  0  0  0  0
  2  4  1  0  0  0  0
  4  5  1  0  0  0  0
  5  6  2  0  0  0  0
  5  9  1  0  0  0  0
  6  7  1  0  0  0  0
  7  8  1  0  0  0  0
  8  9  1  0  0  0  0
  8 13  2  0  0  0  0
  9 10  2  0  0  0  0
 10 11  1  0  0  0  0
 11 12  2  0  0  0  0
 12 13  1  0  0  0  0
M  END
