
  ACD/Labs02211713332D

 12 13  0  0  0  0  0  0  0  0  1 V2000
    0.0000   -1.0115    0.0000 Cl  0  0  0  0  0  0  0  0  0  0  0  0
    1.1481   -1.6744    0.0000 C   0  0  0  0  0  0  0  0  0  0  0  0
    2.3031   -1.0115    0.0000 C   0  0  0  0  0  0  0  0  0  0  0  0
    3.4581   -1.6744    0.0000 C   0  0  0  0  0  0  0  0  0  0  0  0
    3.4581   -3.0070    0.0000 C   0  0  0  0  0  0  0  0  0  0  0  0
    2.3031   -3.6699    0.0000 C   0  0  0  0  0  0  0  0  0  0  0  0
    1.1481   -3.0070    0.0000 C   0  0  0  0  0  0  0  0  0  0  0  0
    4.7224   -3.4102    0.0000 N   0  0  0  0  0  0  0  0  0  0  0  0
    5.5015   -2.3373    0.0000 C   0  0  0  0  0  0  0  0  0  0  0  0
    6.8342   -2.3373    0.0000 O   0  0  0  0  0  0  0  0  0  0  0  0
    4.7224   -1.2643    0.0000 C   0  0  0  0  0  0  0  0  0  0  0  0
    5.1393    0.0000    0.0000 O   0  0  0  0  0  0  0  0  0  0  0  0
  1  2  1  0  0  0  0
  2  3  2  0  0  0  0
  2  7  1  0  0  0  0
  3  4  1  0  0  0  0
  4  5  2  0  0  0  0
  4 11  1  0  0  0  0
  5  6  1  0  0  0  0
  5  8  1  0  0  0  0
  6  7  2  0  0  0  0
  8  9  1  0  0  0  0
  9 10  2  0  0  0  0
  9 11  1  0  0  0  0
 11 12  2  0  0  0  0
M  END
