87203
  Marvin  01030820523D          

 16 17  0  0  0  0            999 V2000
   -1.4268   -3.4507   -0.9357 Cl  0  0  0  0  0  0  0  0  0  0  0  0
   -2.2495    1.9722    0.5172 O   0  0  0  0  0  0  0  0  0  0  0  0
    0.0639    3.5177    0.7782 O   0  0  0  0  0  0  0  0  0  0  0  0
    1.0638    1.5833    0.4122 N   0  0  0  0  0  0  0  0  0  0  0  0
   -0.6893    0.3232    0.1020 C   0  0  0  0  0  0  0  0  0  0  0  0
    0.7064    0.3606    0.1187 C   0  0  0  0  0  0  0  0  0  0  0  0
   -1.0949    1.5862    0.4084 C   0  0  0  0  0  0  0  0  0  0  0  0
   -1.3803   -0.8638   -0.2067 C   0  0  0  0  0  0  0  0  0  0  0  0
    1.4661   -0.7867   -0.1653 C   0  0  0  0  0  0  0  0  0  0  0  0
    0.0197    2.3174    0.5551 C   0  0  0  0  0  0  0  0  0  0  0  0
   -0.6286   -2.0182   -0.5179 C   0  0  0  0  0  0  0  0  0  0  0  0
    0.7856   -1.9779   -0.4916 C   0  0  0  0  0  0  0  0  0  0  0  0
    1.9474    1.8806    0.4954 H   0  0  0  0  0  0  0  0  0  0  0  0
   -2.4024   -0.8762   -0.2119 H   0  0  0  0  0  0  0  0  0  0  0  0
    2.4872   -0.7542   -0.1439 H   0  0  0  0  0  0  0  0  0  0  0  0
    1.3319   -2.8134   -0.7142 H   0  0  0  0  0  0  0  0  0  0  0  0
  1 11  1  0  0  0  0
  2  7  2  0  0  0  0
  3 10  2  0  0  0  0
  4  6  1  0  0  0  0
  4 10  1  0  0  0  0
  4 13  1  0  0  0  0
  5  6  2  0  0  0  0
  5  7  1  0  0  0  0
  5  8  1  0  0  0  0
  6  9  1  0  0  0  0
  7 10  1  0  0  0  0
  8 11  2  0  0  0  0
  8 14  1  0  0  0  0
  9 12  2  0  0  0  0
  9 15  1  0  0  0  0
 11 12  1  0  0  0  0
 12 16  1  0  0  0  0
M  END
> <PUBCHEM_BONDANNOTATIONS>
11  12  8
5  6  8
5  8  8
6  9  8
8  11  8
9  12  8

$$$$
