
  ACD/Labs04281713052D

 13 12  0  0  0  0  0  0  0  0  1 V2000
    1.1991    0.0000    0.0000 O   0  0  0  0  0  0  0  0  0  0  0  0
    0.0000   -1.9262    0.0000 O   0  0  0  0  0  0  0  0  0  0  0  0
    1.1991   -1.3267    0.0000 C   0  0  0  0  0  0  0  0  0  0  0  0
    2.3217   -1.9262    0.0000 C   0  0  0  0  0  0  0  0  0  0  0  0
    3.5208   -1.2629    0.0000 C   0  0  0  0  0  0  0  0  0  0  0  0
    4.5795   -1.8624    0.0000 C   0  0  0  0  0  0  0  0  0  0  0  0
    5.7786   -1.2629    0.0000 C   0  0  0  0  0  0  0  0  0  0  0  0
    6.9140   -1.8624    0.0000 C   0  0  0  0  0  0  0  0  0  0  0  0
    8.0365   -1.1226    0.0000 C   0  0  0  0  0  0  0  0  0  0  0  0
    9.2356   -1.7986    0.0000 C   0  0  0  0  0  0  0  0  0  0  0  0
   10.3582   -1.0588    0.0000 C   0  0  0  0  0  0  0  0  0  0  0  0
   11.5573   -1.6583    0.0000 C   0  0  0  0  0  0  0  0  0  0  0  0
   12.7564   -0.9312    0.0000 C   0  0  0  0  0  0  0  0  0  0  0  0
  1  3  2  0  0  0  0
  2  3  1  0  0  0  0
  3  4  1  0  0  0  0
  4  5  1  0  0  0  0
  5  6  1  0  0  0  0
  6  7  1  0  0  0  0
  7  8  1  0  0  0  0
  8  9  1  0  0  0  0
  9 10  1  0  0  0  0
 10 11  1  0  0  0  0
 11 12  1  0  0  0  0
 12 13  1  0  0  0  0
M  END
