
  ACD/Labs06251410132D

 11 11  0  0  0  0  0  0  0  0  1 V2000
    4.6532   -4.6066    0.0000 O   0  0  0  0  0  0  0  0  0  0  0  0
    3.9878   -3.4573    0.0000 C   0  0  0  0  0  0  0  0  0  0  0  0
    4.6532   -2.3033    0.0000 O   0  0  0  0  0  0  0  0  0  0  0  0
    2.6570   -3.4573    0.0000 C   0  0  0  0  0  0  0  0  0  0  0  0
    1.9962   -2.3033    0.0000 C   0  0  0  0  0  0  0  0  0  0  0  0
    2.6570   -1.1540    0.0000 C   0  0  0  0  0  0  0  0  0  0  0  0
    1.9962    0.0000    0.0000 C   0  0  0  0  0  0  0  0  0  0  0  0
    0.6654    0.0000    0.0000 C   0  0  0  0  0  0  0  0  0  0  0  0
    0.0000   -1.1540    0.0000 C   0  0  0  0  0  0  0  0  0  0  0  0
    0.6654   -2.3033    0.0000 C   0  0  0  0  0  0  0  0  0  0  0  0
    0.0000   -3.4573    0.0000 Br  0  0  0  0  0  0  0  0  0  0  0  0
  1  2  1  0  0  0  0
  2  3  2  0  0  0  0
  2  4  1  0  0  0  0
  4  5  1  0  0  0  0
  5  6  1  0  0  0  0
  5 10  2  0  0  0  0
  6  7  2  0  0  0  0
  7  8  1  0  0  0  0
  8  9  2  0  0  0  0
  9 10  1  0  0  0  0
 10 11  1  0  0  0  0
M  END
