87754
  Marvin  01030820523D          

 18 18  0  0  0  0            999 V2000
    2.3860   -1.6138   -0.2776 Br  0  0  0  0  0  0  0  0  0  0  0  0
   -1.7153   -2.8887    1.2986 O   0  0  0  0  0  0  0  0  0  0  0  0
   -0.7559   -1.2484    2.1150 O   0  0  0  0  0  0  0  0  0  0  0  0
   -0.0830   -0.0943   -0.3130 C   0  0  0  0  0  0  0  0  0  0  0  0
   -0.8645   -1.3617   -0.2428 C   0  0  0  0  0  0  0  0  0  0  0  0
    1.3372   -0.0719   -0.3078 C   0  0  0  0  0  0  0  0  0  0  0  0
   -0.7726    1.1427   -0.3234 C   0  0  0  0  0  0  0  0  0  0  0  0
    2.0314    1.1547   -0.3049 C   0  0  0  0  0  0  0  0  0  0  0  0
   -0.0777    2.3649   -0.3113 C   0  0  0  0  0  0  0  0  0  0  0  0
    1.3266    2.3704   -0.3002 C   0  0  0  0  0  0  0  0  0  0  0  0
   -1.1128   -1.8403    1.1062 C   0  0  0  0  0  0  0  0  0  0  0  0
   -1.8319   -1.2403   -0.7391 H   0  0  0  0  0  0  0  0  0  0  0  0
   -0.3628   -2.1475   -0.8121 H   0  0  0  0  0  0  0  0  0  0  0  0
   -1.7957    1.1711   -0.3255 H   0  0  0  0  0  0  0  0  0  0  0  0
    3.0536    1.1725   -0.2981 H   0  0  0  0  0  0  0  0  0  0  0  0
   -0.5926    3.2485   -0.3039 H   0  0  0  0  0  0  0  0  0  0  0  0
    1.8349    3.2575   -0.2854 H   0  0  0  0  0  0  0  0  0  0  0  0
   -2.0049   -3.3754    0.6252 H   0  0  0  0  0  0  0  0  0  0  0  0
  1  6  1  0  0  0  0
  2 11  1  0  0  0  0
  2 18  1  0  0  0  0
  3 11  2  0  0  0  0
  4  5  1  0  0  0  0
  4  6  1  0  0  0  0
  4  7  2  0  0  0  0
  5 11  1  0  0  0  0
  5 12  1  0  0  0  0
  5 13  1  0  0  0  0
  6  8  2  0  0  0  0
  7  9  1  0  0  0  0
  7 14  1  0  0  0  0
  8 10  1  0  0  0  0
  8 15  1  0  0  0  0
  9 10  2  0  0  0  0
  9 16  1  0  0  0  0
 10 17  1  0  0  0  0
M  END
> <PUBCHEM_BONDANNOTATIONS>
4  6  8
4  7  8
6  8  8
7  9  8
8  10  8
9  10  8

$$$$
