87792
  Marvin  01030820523D          

 11 11  0  0  0  0            999 V2000
   -0.3672    3.2819   -0.0000 Br  0  0  0  0  0  0  0  0  0  0  0  0
   -1.4767   -0.9990   -0.0000 S   0  0  0  0  0  0  0  0  0  0  0  0
    2.3317   -1.7075    0.0000 O   0  0  0  0  0  0  0  0  0  0  0  0
    0.2453   -0.7726   -0.0000 C   0  0  0  0  0  0  0  0  0  0  0  0
    0.6037    0.5772    0.0000 C   0  0  0  0  0  0  0  0  0  0  0  0
   -0.4933    1.4275   -0.0000 C   0  0  0  0  0  0  0  0  0  0  0  0
   -1.6878    0.7195   -0.0000 C   0  0  0  0  0  0  0  0  0  0  0  0
    1.1163   -1.8399    0.0000 C   0  0  0  0  0  0  0  0  0  0  0  0
    1.5661    0.9190   -0.0000 H   0  0  0  0  0  0  0  0  0  0  0  0
   -2.6074    1.1628    0.0000 H   0  0  0  0  0  0  0  0  0  0  0  0
    0.7693   -2.7691    0.0000 H   0  0  0  0  0  0  0  0  0  0  0  0
  1  6  1  0  0  0  0
  2  4  1  0  0  0  0
  2  7  1  0  0  0  0
  3  8  2  0  0  0  0
  4  5  2  0  0  0  0
  4  8  1  0  0  0  0
  5  6  1  0  0  0  0
  5  9  1  0  0  0  0
  6  7  2  0  0  0  0
  7 10  1  0  0  0  0
  8 11  1  0  0  0  0
M  END
> <PUBCHEM_BONDANNOTATIONS>
2  4  8
2  7  8
4  5  8
5  6  8
6  7  8

$$$$
