
  ACD/Labs04281711452D

 13 14  0  0  0  0  0  0  0  0  1 V2000
    1.1545   -1.0277    0.0000 C   0  0  0  0  0  0  0  0  0  0  0  0
    0.0000   -1.6938    0.0000 C   0  0  0  0  0  0  0  0  0  0  0  0
    0.0000   -3.0259    0.0000 C   0  0  0  0  0  0  0  0  0  0  0  0
    1.1545   -3.6920    0.0000 C   0  0  0  0  0  0  0  0  0  0  0  0
    2.3027   -3.0259    0.0000 C   0  0  0  0  0  0  0  0  0  0  0  0
    2.3027   -1.6938    0.0000 C   0  0  0  0  0  0  0  0  0  0  0  0
    3.5651   -1.2814    0.0000 C   0  0  0  0  0  0  0  0  0  0  0  0
    3.9140    0.0000    0.0000 O   0  0  0  0  0  0  0  0  0  0  0  0
    3.5651   -3.4383    0.0000 C   0  0  0  0  0  0  0  0  0  0  0  0
    3.9140   -4.7197    0.0000 O   0  0  0  0  0  0  0  0  0  0  0  0
    4.3517   -2.3598    0.0000 N   0  0  0  0  0  0  0  0  0  0  0  0
    5.6776   -2.3598    0.0000 C   0  0  0  0  0  0  0  0  0  0  0  0
    6.3436   -3.5080    0.0000 O   0  0  0  0  0  0  0  0  0  0  0  0
  1  2  1  0  0  0  0
  1  6  2  0  0  0  0
  2  3  2  0  0  0  0
  3  4  1  0  0  0  0
  4  5  2  0  0  0  0
  5  9  1  0  0  0  0
  5  6  1  0  0  0  0
  6  7  1  0  0  0  0
  7 11  1  0  0  0  0
  7  8  2  0  0  0  0
  9 11  1  0  0  0  0
  9 10  2  0  0  0  0
 11 12  1  0  0  0  0
 12 13  1  0  0  0  0
M  END
