8354
  Marvin  12300703363D          

 20 21  0  0  0  0            999 V2000
   -2.4840    0.3258   -0.2874 O   0  0  0  0  0  0  0  0  0  0  0  0
    1.5716    1.3921    1.2461 O   0  0  0  0  0  0  0  0  0  0  0  0
   -0.9227    2.0674    2.8212 O   0  0  0  0  0  0  0  0  0  0  0  0
   -0.6121    1.1446    0.6961 N   0  0  0  0  0  0  0  0  0  0  0  0
   -0.4302   -0.5974   -0.6052 C   0  0  0  0  0  0  0  0  0  0  0  0
    0.8347   -0.2681   -0.1264 C   0  0  0  0  0  0  0  0  0  0  0  0
   -1.2815    0.3176   -0.0606 C   0  0  0  0  0  0  0  0  0  0  0  0
    0.6536    0.8232    0.6698 C   0  0  0  0  0  0  0  0  0  0  0  0
   -1.1485    2.2246    1.4234 C   0  0  0  0  0  0  0  0  0  0  0  0
   -0.6140   -1.6875   -1.4783 C   0  0  0  0  0  0  0  0  0  0  0  0
    1.9690   -1.0162   -0.4984 C   0  0  0  0  0  0  0  0  0  0  0  0
    0.5173   -2.4306   -1.8756 C   0  0  0  0  0  0  0  0  0  0  0  0
    1.8001   -2.0975   -1.3885 C   0  0  0  0  0  0  0  0  0  0  0  0
   -0.6872    3.1603    1.0980 H   0  0  0  0  0  0  0  0  0  0  0  0
   -2.2273    2.3455    1.2948 H   0  0  0  0  0  0  0  0  0  0  0  0
   -1.5450   -1.9339   -1.8211 H   0  0  0  0  0  0  0  0  0  0  0  0
    2.8953   -0.7801   -0.1363 H   0  0  0  0  0  0  0  0  0  0  0  0
    0.4070   -3.2152   -2.5218 H   0  0  0  0  0  0  0  0  0  0  0  0
    2.6130   -2.6428   -1.6839 H   0  0  0  0  0  0  0  0  0  0  0  0
   -1.3092    2.8683    3.2343 H   0  0  0  0  0  0  0  0  0  0  0  0
  1  7  2  0  0  0  0
  2  8  2  0  0  0  0
  3  9  1  0  0  0  0
  3 20  1  0  0  0  0
  4  7  1  0  0  0  0
  4  8  1  0  0  0  0
  4  9  1  0  0  0  0
  5  6  1  0  0  0  0
  5  7  1  0  0  0  0
  5 10  2  0  0  0  0
  6  8  1  0  0  0  0
  6 11  2  0  0  0  0
  9 14  1  0  0  0  0
  9 15  1  0  0  0  0
 10 12  1  0  0  0  0
 10 16  1  0  0  0  0
 11 13  1  0  0  0  0
 11 17  1  0  0  0  0
 12 13  2  0  0  0  0
 12 18  1  0  0  0  0
 13 19  1  0  0  0  0
M  END
> <PUBCHEM_BONDANNOTATIONS>
10  12  8
11  13  8
12  13  8
5  10  8
5  6  8
6  11  8

$$$$
