8357
  Marvin  12300703363D          

 27 27  0  0  0  0            999 V2000
   -1.0618   -1.6994    0.3793 O   0  0  0  0  0  0  0  0  0  0  0  0
    1.6284   -1.6920    0.0494 O   0  0  0  0  0  0  0  0  0  0  0  0
   -2.3841    0.6371    0.0328 O   0  0  0  0  0  0  0  0  0  0  0  0
    2.8427    3.1736    0.7095 O   0  0  0  0  0  0  0  0  0  0  0  0
    1.2356    4.1049   -0.1736 O   0  0  0  0  0  0  0  0  0  0  0  0
   -0.4252   -0.6060    0.2550 C   0  0  0  0  0  0  0  0  0  0  0  0
    0.9858   -0.6058    0.1840 C   0  0  0  0  0  0  0  0  0  0  0  0
   -1.1217    0.6187    0.1651 C   0  0  0  0  0  0  0  0  0  0  0  0
    1.0089    1.8604    0.2287 C   0  0  0  0  0  0  0  0  0  0  0  0
    1.6858    0.6173    0.2135 C   0  0  0  0  0  0  0  0  0  0  0  0
   -0.4066    1.8333    0.1826 C   0  0  0  0  0  0  0  0  0  0  0  0
    1.7084    3.0624    0.2557 C   0  0  0  0  0  0  0  0  0  0  0  0
   -1.3887   -2.2832    1.5391 C   0  0  0  0  0  0  0  0  0  0  0  0
    1.8969   -2.2756   -1.1265 C   0  0  0  0  0  0  0  0  0  0  0  0
   -3.0281    0.5691   -1.1391 C   0  0  0  0  0  0  0  0  0  0  0  0
    2.7096    0.5836    0.1996 H   0  0  0  0  0  0  0  0  0  0  0  0
   -0.9411    2.7066    0.1589 H   0  0  0  0  0  0  0  0  0  0  0  0
   -1.9239   -3.2086    1.3272 H   0  0  0  0  0  0  0  0  0  0  0  0
   -0.5041   -2.5341    2.1304 H   0  0  0  0  0  0  0  0  0  0  0  0
   -2.0431   -1.6463    2.1403 H   0  0  0  0  0  0  0  0  0  0  0  0
    2.4362   -3.2045   -0.9451 H   0  0  0  0  0  0  0  0  0  0  0  0
    2.5252   -1.6372   -1.7536 H   0  0  0  0  0  0  0  0  0  0  0  0
    0.9853   -2.5182   -1.6799 H   0  0  0  0  0  0  0  0  0  0  0  0
   -4.1013    0.5719   -0.9525 H   0  0  0  0  0  0  0  0  0  0  0  0
   -2.7919    1.4286   -1.7721 H   0  0  0  0  0  0  0  0  0  0  0  0
   -2.7835   -0.3457   -1.6863 H   0  0  0  0  0  0  0  0  0  0  0  0
    3.2562    2.4893    1.0776 H   0  0  0  0  0  0  0  0  0  0  0  0
  1  6  1  0  0  0  0
  1 13  1  0  0  0  0
  2  7  1  0  0  0  0
  2 14  1  0  0  0  0
  3  8  1  0  0  0  0
  3 15  1  0  0  0  0
  4 12  1  0  0  0  0
  4 27  1  0  0  0  0
  5 12  2  0  0  0  0
  6  7  2  0  0  0  0
  6  8  1  0  0  0  0
  7 10  1  0  0  0  0
  8 11  2  0  0  0  0
  9 10  2  0  0  0  0
  9 11  1  0  0  0  0
  9 12  1  0  0  0  0
 10 16  1  0  0  0  0
 11 17  1  0  0  0  0
 13 18  1  0  0  0  0
 13 19  1  0  0  0  0
 13 20  1  0  0  0  0
 14 21  1  0  0  0  0
 14 22  1  0  0  0  0
 14 23  1  0  0  0  0
 15 24  1  0  0  0  0
 15 25  1  0  0  0  0
 15 26  1  0  0  0  0
M  END
> <PUBCHEM_BONDANNOTATIONS>
6  7  8
6  8  8
7  10  8
8  11  8
9  10  8
9  11  8

$$$$
