8373
  Marvin  12300703363D          

 18 18  0  0  0  0            999 V2000
    2.5419   -1.5420    0.4820 O   0  0  0  0  0  0  0  0  0  0  0  0
    1.1830   -2.4605   -0.7467 O   0  0  0  0  0  0  0  0  0  0  0  0
   -0.7691   -0.3311   -0.0605 C   0  0  0  0  0  0  0  0  0  0  0  0
    0.6613   -0.3219   -0.0711 C   0  0  0  0  0  0  0  0  0  0  0  0
   -1.4644    0.9054   -0.0603 C   0  0  0  0  0  0  0  0  0  0  0  0
    1.3252    0.9339   -0.0582 C   0  0  0  0  0  0  0  0  0  0  0  0
   -1.6374   -1.5407   -0.0210 C   0  0  0  0  0  0  0  0  0  0  0  0
   -0.7824    2.1327   -0.0541 C   0  0  0  0  0  0  0  0  0  0  0  0
    0.6184    2.1469   -0.0493 C   0  0  0  0  0  0  0  0  0  0  0  0
    1.4656   -1.4610   -0.1042 C   0  0  0  0  0  0  0  0  0  0  0  0
   -2.4880    0.9385   -0.0565 H   0  0  0  0  0  0  0  0  0  0  0  0
    2.3475    1.0023   -0.0664 H   0  0  0  0  0  0  0  0  0  0  0  0
   -2.3049   -1.4971    0.8423 H   0  0  0  0  0  0  0  0  0  0  0  0
   -2.2486   -1.5925   -0.9246 H   0  0  0  0  0  0  0  0  0  0  0  0
   -1.1101   -2.4875    0.0668 H   0  0  0  0  0  0  0  0  0  0  0  0
   -1.3014    3.0138   -0.0502 H   0  0  0  0  0  0  0  0  0  0  0  0
    1.1211    3.0377   -0.0424 H   0  0  0  0  0  0  0  0  0  0  0  0
    2.8424   -0.8771    0.9744 H   0  0  0  0  0  0  0  0  0  0  0  0
  1 10  1  0  0  0  0
  1 18  1  0  0  0  0
  2 10  2  0  0  0  0
  3  4  1  0  0  0  0
  3  5  2  0  0  0  0
  3  7  1  0  0  0  0
  4  6  2  0  0  0  0
  4 10  1  0  0  0  0
  5  8  1  0  0  0  0
  5 11  1  0  0  0  0
  6  9  1  0  0  0  0
  6 12  1  0  0  0  0
  7 13  1  0  0  0  0
  7 14  1  0  0  0  0
  7 15  1  0  0  0  0
  8  9  2  0  0  0  0
  8 16  1  0  0  0  0
  9 17  1  0  0  0  0
M  END
> <PUBCHEM_BONDANNOTATIONS>
3  4  8
3  5  8
4  6  8
5  8  8
6  9  8
8  9  8

$$$$
