8374
  Marvin  12300703363D          

 15 15  0  0  0  0            999 V2000
    2.1204   -2.0363   -0.0325 Cl  0  0  0  0  0  0  0  0  0  0  0  0
   -2.1404   -1.9380    0.4600 O   0  0  0  0  0  0  0  0  0  0  0  0
   -0.6622   -2.8907   -0.5992 O   0  0  0  0  0  0  0  0  0  0  0  0
   -0.2903   -0.6800   -0.0683 C   0  0  0  0  0  0  0  0  0  0  0  0
    1.1334   -0.6529   -0.0675 C   0  0  0  0  0  0  0  0  0  0  0  0
   -0.9748    0.5645   -0.0634 C   0  0  0  0  0  0  0  0  0  0  0  0
    1.8243    0.5778   -0.0660 C   0  0  0  0  0  0  0  0  0  0  0  0
   -0.2835    1.7882   -0.0607 C   0  0  0  0  0  0  0  0  0  0  0  0
    1.1196    1.7931   -0.0629 C   0  0  0  0  0  0  0  0  0  0  0  0
   -1.0379   -1.8553   -0.0697 C   0  0  0  0  0  0  0  0  0  0  0  0
   -1.9978    0.6132   -0.0697 H   0  0  0  0  0  0  0  0  0  0  0  0
    2.8468    0.6103   -0.0622 H   0  0  0  0  0  0  0  0  0  0  0  0
   -0.7996    2.6710   -0.0586 H   0  0  0  0  0  0  0  0  0  0  0  0
    1.6262    2.6806   -0.0607 H   0  0  0  0  0  0  0  0  0  0  0  0
   -2.4842   -1.2456    0.8816 H   0  0  0  0  0  0  0  0  0  0  0  0
  1  5  1  0  0  0  0
  2 10  1  0  0  0  0
  2 15  1  0  0  0  0
  3 10  2  0  0  0  0
  4  5  1  0  0  0  0
  4  6  2  0  0  0  0
  4 10  1  0  0  0  0
  5  7  2  0  0  0  0
  6  8  1  0  0  0  0
  6 11  1  0  0  0  0
  7  9  1  0  0  0  0
  7 12  1  0  0  0  0
  8  9  2  0  0  0  0
  8 13  1  0  0  0  0
  9 14  1  0  0  0  0
M  END
> <PUBCHEM_BONDANNOTATIONS>
4  5  8
4  6  8
5  7  8
6  8  8
7  9  8
8  9  8

$$$$
