
  ACD/Labs04281713412D

 13 13  0  0  0  0  0  0  0  0  1 V2000
    3.4365   -2.0120    0.0000 C   0  0  0  0  0  0  0  0  0  0  0  0
    3.4365   -3.3560    0.0000 C   0  0  0  0  0  0  0  0  0  0  0  0
    4.5954   -1.3520    0.0000 C   0  0  0  0  0  0  0  0  0  0  0  0
    4.5954   -4.0159    0.0000 C   0  0  0  0  0  0  0  0  0  0  0  0
    6.9132    0.0000    0.0000 O   0  0  0  0  0  0  0  0  0  0  0  0
    5.7301   -2.0120    0.0000 C   0  0  0  0  0  0  0  0  0  0  0  0
    6.9132   -1.3520    0.0000 C   0  0  0  0  0  0  0  0  0  0  0  0
    5.7301   -3.3560    0.0000 C   0  0  0  0  0  0  0  0  0  0  0  0
    2.2937   -1.3440    0.0000 O   0  0  0  0  0  0  0  0  0  0  0  0
    2.2937   -4.0320    0.0000 O   0  0  0  0  0  0  0  0  0  0  0  0
    1.1348   -1.9878    0.0000 C   0  0  0  0  0  0  0  0  0  0  0  0
    0.0000   -1.3199    0.0000 C   0  0  0  0  0  0  0  0  0  0  0  0
    8.0479   -2.0039    0.0000 H   0  0  0  0  0  0  0  0  0  0  0  0
  1  2  1  0  0  0  0
  1  3  2  0  0  0  0
  1  9  1  0  0  0  0
  2  4  2  0  0  0  0
  2 10  1  0  0  0  0
  3  6  1  0  0  0  0
  4  8  1  0  0  0  0
  5  7  2  0  0  0  0
  6  7  1  0  0  0  0
  6  8  2  0  0  0  0
  7 13  1  0  0  0  0
  9 11  1  0  0  0  0
 11 12  1  0  0  0  0
M  END
