8467
  Marvin  12300703363D          

 22 22  0  0  0  0            999 V2000
   -0.8247   -1.1804   -0.2899 O   0  0  0  0  0  0  0  0  0  0  0  0
   -2.1772    1.1488   -0.4803 O   0  0  0  0  0  0  0  0  0  0  0  0
    4.0273    2.0996   -0.4475 O   0  0  0  0  0  0  0  0  0  0  0  0
   -0.2119   -0.0785   -0.4453 C   0  0  0  0  0  0  0  0  0  0  0  0
    1.1983   -0.0738   -0.4975 C   0  0  0  0  0  0  0  0  0  0  0  0
   -0.9182    1.1429   -0.4855 C   0  0  0  0  0  0  0  0  0  0  0  0
    1.9327    1.1367   -0.4947 C   0  0  0  0  0  0  0  0  0  0  0  0
   -1.1198   -1.6987    0.9132 C   0  0  0  0  0  0  0  0  0  0  0  0
   -0.2058    2.3561   -0.5003 C   0  0  0  0  0  0  0  0  0  0  0  0
    1.2019    2.3494   -0.4887 C   0  0  0  0  0  0  0  0  0  0  0  0
   -1.8872   -3.0261    0.8012 C   0  0  0  0  0  0  0  0  0  0  0  0
    3.3207    1.1023   -0.4714 C   0  0  0  0  0  0  0  0  0  0  0  0
    1.6844   -0.9760   -0.5091 H   0  0  0  0  0  0  0  0  0  0  0  0
   -0.2028   -1.8837    1.4826 H   0  0  0  0  0  0  0  0  0  0  0  0
   -1.7385   -1.0022    1.4890 H   0  0  0  0  0  0  0  0  0  0  0  0
   -0.7064    3.2484   -0.5044 H   0  0  0  0  0  0  0  0  0  0  0  0
    1.6815    3.2532   -0.4705 H   0  0  0  0  0  0  0  0  0  0  0  0
   -2.1072   -3.4050    1.8017 H   0  0  0  0  0  0  0  0  0  0  0  0
   -2.8304   -2.8801    0.2720 H   0  0  0  0  0  0  0  0  0  0  0  0
   -1.2915   -3.7717    0.2720 H   0  0  0  0  0  0  0  0  0  0  0  0
    3.8075    0.2368   -0.4618 H   0  0  0  0  0  0  0  0  0  0  0  0
   -2.6326    1.9020   -0.4848 H   0  0  0  0  0  0  0  0  0  0  0  0
  1  4  1  0  0  0  0
  1  8  1  0  0  0  0
  2  6  1  0  0  0  0
  2 22  1  0  0  0  0
  3 12  2  0  0  0  0
  4  5  1  0  0  0  0
  4  6  2  0  0  0  0
  5  7  2  0  0  0  0
  5 13  1  0  0  0  0
  6  9  1  0  0  0  0
  7 10  1  0  0  0  0
  7 12  1  0  0  0  0
  8 11  1  0  0  0  0
  8 14  1  0  0  0  0
  8 15  1  0  0  0  0
  9 10  2  0  0  0  0
  9 16  1  0  0  0  0
 10 17  1  0  0  0  0
 11 18  1  0  0  0  0
 11 19  1  0  0  0  0
 11 20  1  0  0  0  0
 12 21  1  0  0  0  0
M  END
> <PUBCHEM_BONDANNOTATIONS>
4  5  8
4  6  8
5  7  8
6  9  8
7  10  8
9  10  8

$$$$
