
  ACD/Labs06251410112D

 15 16  0  0  0  0  0  0  0  0  1 V2000
    4.6497   -3.4570    0.0000 N   0  0  0  0  0  0  0  0  0  0  0  0
    3.9889   -2.3047    0.0000 C   0  0  0  0  0  0  0  0  0  0  0  0
    4.6497   -1.1523    0.0000 N   0  0  0  0  0  0  0  0  0  0  0  0
    3.9889    0.0000    0.0000 C   0  0  0  0  0  0  0  0  0  0  0  0
    2.6593    0.0000    0.0000 C   0  0  0  0  0  0  0  0  0  0  0  0
    1.9904   -1.1523    0.0000 C   0  0  0  0  0  0  0  0  0  0  0  0
    2.6593   -2.3047    0.0000 C   0  0  0  0  0  0  0  0  0  0  0  0
    1.9904   -3.4570    0.0000 O   0  0  0  0  0  0  0  0  0  0  0  0
    2.6593   -4.6013    0.0000 C   0  0  0  0  0  0  0  0  0  0  0  0
    1.9904   -5.7537    0.0000 C   0  0  0  0  0  0  0  0  0  0  0  0
    0.6608   -5.7537    0.0000 C   0  0  0  0  0  0  0  0  0  0  0  0
    0.0000   -6.9060    0.0000 C   0  0  0  0  0  0  0  0  0  0  0  0
    0.6608   -8.0583    0.0000 C   0  0  0  0  0  0  0  0  0  0  0  0
    1.9904   -8.0583    0.0000 C   0  0  0  0  0  0  0  0  0  0  0  0
    2.6593   -6.9060    0.0000 C   0  0  0  0  0  0  0  0  0  0  0  0
  1  2  1  0  0  0  0
  2  3  1  0  0  0  0
  2  7  2  0  0  0  0
  3  4  2  0  0  0  0
  4  5  1  0  0  0  0
  5  6  2  0  0  0  0
  6  7  1  0  0  0  0
  7  8  1  0  0  0  0
  8  9  1  0  0  0  0
  9 10  1  0  0  0  0
 10 11  1  0  0  0  0
 10 15  2  0  0  0  0
 11 12  2  0  0  0  0
 12 13  1  0  0  0  0
 13 14  2  0  0  0  0
 14 15  1  0  0  0  0
M  END
