8474
  Marvin  12300703363D          

 18 18  0  0  0  0            999 V2000
   -1.5143   -1.9258   -0.0560 S   0  0  1  0  0  0  0  0  0  0  0  0
   -1.7742   -2.4014    1.4384 O   0  0  0  0  0  0  0  0  0  0  0  0
   -0.6889   -3.0640   -0.8018 O   0  0  0  0  0  0  0  0  0  0  0  0
   -2.9134   -1.7727   -0.7954 O   0  0  0  0  0  0  0  0  0  0  0  0
    2.8119    0.7504   -0.2154 N   0  0  0  0  0  0  0  0  0  0  0  0
   -0.6338   -0.4234   -0.0458 C   0  0  0  0  0  0  0  0  0  0  0  0
    0.7770   -0.4304   -0.0740 C   0  0  0  0  0  0  0  0  0  0  0  0
    1.5015    0.7782   -0.1314 C   0  0  0  0  0  0  0  0  0  0  0  0
   -1.3153    0.8123   -0.0223 C   0  0  0  0  0  0  0  0  0  0  0  0
    0.8091    2.0053   -0.1126 C   0  0  0  0  0  0  0  0  0  0  0  0
   -0.5970    2.0219   -0.0482 C   0  0  0  0  0  0  0  0  0  0  0  0
    1.2835   -1.3197   -0.0668 H   0  0  0  0  0  0  0  0  0  0  0  0
   -2.3370    0.8465    0.0102 H   0  0  0  0  0  0  0  0  0  0  0  0
   -1.0964    2.9140   -0.0254 H   0  0  0  0  0  0  0  0  0  0  0  0
    1.3175    2.8931   -0.1424 H   0  0  0  0  0  0  0  0  0  0  0  0
    3.2715   -0.0571   -0.1071 H   0  0  0  0  0  0  0  0  0  0  0  0
    3.2906    1.5335   -0.3944 H   0  0  0  0  0  0  0  0  0  0  0  0
   -2.1924   -3.1606    1.5905 H   0  0  0  0  0  0  0  0  0  0  0  0
  1  2  1  0  0  0  0
  1  3  2  0  0  0  0
  1  4  2  0  0  0  0
  1  6  1  0  0  0  0
  2 18  1  0  0  0  0
  5  8  1  0  0  0  0
  5 16  1  0  0  0  0
  5 17  1  0  0  0  0
  6  7  1  0  0  0  0
  6  9  2  0  0  0  0
  7  8  2  0  0  0  0
  7 12  1  0  0  0  0
  8 10  1  0  0  0  0
  9 11  1  0  0  0  0
  9 13  1  0  0  0  0
 10 11  2  0  0  0  0
 10 15  1  0  0  0  0
 11 14  1  0  0  0  0
M  END
> <PUBCHEM_BONDANNOTATIONS>
10  11  8
6  7  8
6  9  8
7  8  8
8  10  8
9  11  8

$$$$
