
  ACD/Labs04281710322D

 11 11  0  0  0  0  0  0  0  0  1 V2000
    3.8125   -5.7591    0.0000 N   0  0  0  0  0  0  0  0  0  0  0  0
    3.1444   -4.6072    0.0000 C   0  0  0  0  0  0  0  0  0  0  0  0
    3.8125   -3.4554    0.0000 C   0  0  0  0  0  0  0  0  0  0  0  0
    3.1444   -2.3036    0.0000 C   0  0  0  0  0  0  0  0  0  0  0  0
    1.8141   -2.3036    0.0000 C   0  0  0  0  0  0  0  0  0  0  0  0
    1.1518   -3.4554    0.0000 C   0  0  0  0  0  0  0  0  0  0  0  0
    1.8141   -4.6072    0.0000 C   0  0  0  0  0  0  0  0  0  0  0  0
    1.1518   -1.1518    0.0000 S   0  0  0  0  0  0  0  0  0  0  0  0
    2.3036   -0.4838    0.0000 O   0  0  0  0  0  0  0  0  0  0  0  0
    0.0000   -1.8141    0.0000 O   0  0  0  0  0  0  0  0  0  0  0  0
    0.4895    0.0000    0.0000 O   0  0  0  0  0  0  0  0  0  0  0  0
  1  2  1  0  0  0  0
  2  3  2  0  0  0  0
  2  7  1  0  0  0  0
  3  4  1  0  0  0  0
  4  5  2  0  0  0  0
  5  6  1  0  0  0  0
  5  8  1  0  0  0  0
  6  7  2  0  0  0  0
  8  9  1  0  0  0  0
  8 10  2  0  0  0  0
  8 11  2  0  0  0  0
M  END
