90579
  Marvin  01040800003D          

 16 16  0  0  0  0            999 V2000
    1.2628   -1.8027   -0.0000 O   0  0  0  0  0  0  0  0  0  0  0  0
    2.5428    0.5291    0.0000 O   0  0  0  0  0  0  0  0  0  0  0  0
   -2.7648   -2.0439   -0.0000 O   0  0  0  0  0  0  0  0  0  0  0  0
   -0.8378   -0.7626    0.0000 C   0  0  0  0  0  0  0  0  0  0  0  0
    0.5848   -0.7380    0.0000 C   0  0  0  0  0  0  0  0  0  0  0  0
    1.2858    0.4895   -0.0000 C   0  0  0  0  0  0  0  0  0  0  0  0
   -1.5211    0.4806   -0.0000 C   0  0  0  0  0  0  0  0  0  0  0  0
    0.5783    1.7050    0.0000 C   0  0  0  0  0  0  0  0  0  0  0  0
   -0.8245    1.7017   -0.0000 C   0  0  0  0  0  0  0  0  0  0  0  0
   -1.5448   -1.9619   -0.0000 C   0  0  0  0  0  0  0  0  0  0  0  0
   -2.5438    0.5267    0.0000 H   0  0  0  0  0  0  0  0  0  0  0  0
    1.0797    2.5970   -0.0000 H   0  0  0  0  0  0  0  0  0  0  0  0
   -1.3349    2.5880    0.0000 H   0  0  0  0  0  0  0  0  0  0  0  0
   -1.0690   -2.8324   -0.0000 H   0  0  0  0  0  0  0  0  0  0  0  0
    2.1434   -1.7782    0.0000 H   0  0  0  0  0  0  0  0  0  0  0  0
    2.9631    1.3023   -0.0000 H   0  0  0  0  0  0  0  0  0  0  0  0
  1  5  1  0  0  0  0
  1 15  1  0  0  0  0
  2  6  1  0  0  0  0
  2 16  1  0  0  0  0
  3 10  2  0  0  0  0
  4  5  2  0  0  0  0
  4  7  1  0  0  0  0
  4 10  1  0  0  0  0
  5  6  1  0  0  0  0
  6  8  2  0  0  0  0
  7  9  2  0  0  0  0
  7 11  1  0  0  0  0
  8  9  1  0  0  0  0
  8 12  1  0  0  0  0
  9 13  1  0  0  0  0
 10 14  1  0  0  0  0
M  END
> <PUBCHEM_BONDANNOTATIONS>
4  5  8
4  7  8
5  6  8
6  8  8
7  9  8
8  9  8

$$$$
