
  ACD/Labs03221914022D

 16 17  0  0  0  0  0  0  0  0  1 V2000
    4.6064   -6.6470    0.0000 C   0  0  0  0  0  0  0  0  0  0  0  0
    5.7563   -5.9823    0.0000 C   0  0  0  0  0  0  0  0  0  0  0  0
    5.7563   -4.6529    0.0000 C   0  0  0  0  0  0  0  0  0  0  0  0
    4.6064   -3.9882    0.0000 C   0  0  0  0  0  0  0  0  0  0  0  0
    3.4498   -4.6529    0.0000 C   0  0  0  0  0  0  0  0  0  0  0  0
    3.4498   -5.9823    0.0000 C   0  0  0  0  0  0  0  0  0  0  0  0
    4.6064   -2.6588    0.0000 C   0  0  0  0  0  0  0  0  0  0  0  0
    3.4565   -1.9941    0.0000 C   0  0  0  0  0  0  0  0  0  0  0  0
    3.4565   -0.6647    0.0000 C   0  0  0  0  0  0  0  0  0  0  0  0
    2.2999    0.0000    0.0000 C   0  0  0  0  0  0  0  0  0  0  0  0
    1.1499   -0.6647    0.0000 C   0  0  0  0  0  0  0  0  0  0  0  0
    1.1499   -1.9941    0.0000 C   0  0  0  0  0  0  0  0  0  0  0  0
    2.2999   -2.6588    0.0000 C   0  0  0  0  0  0  0  0  0  0  0  0
    2.2999   -3.9882    0.0000 O   0  0  0  0  0  0  0  0  0  0  0  0
    0.0000    0.0000    0.0000 O   0  0  0  0  0  0  0  0  0  0  0  0
    5.7563   -1.9941    0.0000 O   0  0  0  0  0  0  0  0  0  0  0  0
  1  2  2  0  0  0  0
  1  6  1  0  0  0  0
  2  3  1  0  0  0  0
  3  4  2  0  0  0  0
  4  5  1  0  0  0  0
  4  7  1  0  0  0  0
  5  6  2  0  0  0  0
  7  8  1  0  0  0  0
  7 16  2  0  0  0  0
  8  9  2  0  0  0  0
  8 13  1  0  0  0  0
  9 10  1  0  0  0  0
 10 11  2  0  0  0  0
 11 12  1  0  0  0  0
 11 15  1  0  0  0  0
 12 13  2  0  0  0  0
 13 14  1  0  0  0  0
M  END
