
  ACD/Labs04281711052D

 12 13  0  0  0  0  0  0  0  0  1 V2000
    0.0000    0.0000    0.0000 O   0  0  0  0  0  0  0  0  0  0  0  0
    1.1516   -0.6679    0.0000 C   0  0  0  0  0  0  0  0  0  0  0  0
    1.1516   -1.9980    0.0000 C   0  0  0  0  0  0  0  0  0  0  0  0
    2.3031   -2.6601    0.0000 C   0  0  0  0  0  0  0  0  0  0  0  0
    2.3031   -3.9902    0.0000 O   0  0  0  0  0  0  0  0  0  0  0  0
    3.4547   -1.9980    0.0000 C   0  0  0  0  0  0  0  0  0  0  0  0
    4.6063   -2.6601    0.0000 C   0  0  0  0  0  0  0  0  0  0  0  0
    5.7579   -1.9980    0.0000 C   0  0  0  0  0  0  0  0  0  0  0  0
    5.7579   -0.6679    0.0000 C   0  0  0  0  0  0  0  0  0  0  0  0
    4.6063    0.0000    0.0000 C   0  0  0  0  0  0  0  0  0  0  0  0
    3.4547   -0.6679    0.0000 C   0  0  0  0  0  0  0  0  0  0  0  0
    2.3031    0.0000    0.0000 C   0  0  0  0  0  0  0  0  0  0  0  0
  1  2  1  0  0  0  0
  2  3  1  0  0  0  0
  2 12  2  0  0  0  0
  3  4  2  0  0  0  0
  4  5  1  0  0  0  0
  4  6  1  0  0  0  0
  6  7  2  0  0  0  0
  6 11  1  0  0  0  0
  7  8  1  0  0  0  0
  8  9  2  0  0  0  0
  9 10  1  0  0  0  0
 10 11  2  0  0  0  0
 11 12  1  0  0  0  0
M  END
