92249
  Marvin  01040800003D          

 22 23  0  0  0  0            999 V2000
    0.4018    2.1067    0.0596 O   0  0  0  0  0  0  0  0  0  0  0  0
    2.1674    3.2845    0.0589 O   0  0  0  0  0  0  0  0  0  0  0  0
   -3.7893    0.0191   -0.1395 N   0  0  0  0  0  0  0  0  0  0  0  0
    0.3733   -0.2320    0.0406 C   0  0  0  0  0  0  0  0  0  0  0  0
    1.7964   -0.1805    0.0493 C   0  0  0  0  0  0  0  0  0  0  0  0
   -0.2993    1.0294    0.0421 C   0  0  0  0  0  0  0  0  0  0  0  0
   -0.4397   -1.3922    0.0182 C   0  0  0  0  0  0  0  0  0  0  0  0
   -1.7038    1.1209    0.0071 C   0  0  0  0  0  0  0  0  0  0  0  0
   -2.4804   -0.0519   -0.0552 C   0  0  0  0  0  0  0  0  0  0  0  0
    2.4037    1.0329    0.0544 C   0  0  0  0  0  0  0  0  0  0  0  0
   -1.8434   -1.3070   -0.0385 C   0  0  0  0  0  0  0  0  0  0  0  0
    2.6739   -1.3510    0.0420 C   0  0  0  0  0  0  0  0  0  0  0  0
    1.6529    2.1753    0.0595 C   0  0  0  0  0  0  0  0  0  0  0  0
   -0.0428   -2.3311    0.0351 H   0  0  0  0  0  0  0  0  0  0  0  0
   -2.1541    2.0406    0.0127 H   0  0  0  0  0  0  0  0  0  0  0  0
    3.3970    1.1195    0.0525 H   0  0  0  0  0  0  0  0  0  0  0  0
   -2.3950   -2.1691   -0.0681 H   0  0  0  0  0  0  0  0  0  0  0  0
    3.3091   -1.3392   -0.8469 H   0  0  0  0  0  0  0  0  0  0  0  0
    3.3169   -1.3470    0.9253 H   0  0  0  0  0  0  0  0  0  0  0  0
    2.1721   -2.3152    0.0397 H   0  0  0  0  0  0  0  0  0  0  0  0
   -4.2245    0.8438   -0.0587 H   0  0  0  0  0  0  0  0  0  0  0  0
   -4.2922   -0.7566   -0.2902 H   0  0  0  0  0  0  0  0  0  0  0  0
  1  6  1  0  0  0  0
  1 13  1  0  0  0  0
  2 13  2  0  0  0  0
  3  9  1  0  0  0  0
  3 21  1  0  0  0  0
  3 22  1  0  0  0  0
  4  5  1  0  0  0  0
  4  6  2  0  0  0  0
  4  7  1  0  0  0  0
  5 10  2  0  0  0  0
  5 12  1  0  0  0  0
  6  8  1  0  0  0  0
  7 11  2  0  0  0  0
  7 14  1  0  0  0  0
  8  9  2  0  0  0  0
  8 15  1  0  0  0  0
  9 11  1  0  0  0  0
 10 13  1  0  0  0  0
 10 16  1  0  0  0  0
 11 17  1  0  0  0  0
 12 18  1  0  0  0  0
 12 19  1  0  0  0  0
 12 20  1  0  0  0  0
M  END
> <PUBCHEM_BONDANNOTATIONS>
1  13  8
1  6  8
10  13  8
4  5  8
4  6  8
4  7  8
5  10  8
6  8  8
7  11  8
8  9  8
9  11  8

$$$$
