8655
  Marvin  12300703363D          

 23 23  0  0  0  0            999 V2000
   -1.6153   -1.9235   -0.3924 O   0  0  0  0  0  0  0  0  0  0  0  0
    2.4177    0.3956   -0.3868 O   0  0  0  0  0  0  0  0  0  0  0  0
    1.0691   -1.9512   -0.5638 O   0  0  0  0  0  0  0  0  0  0  0  0
   -1.1665    3.9151   -0.5880 O   0  0  0  0  0  0  0  0  0  0  0  0
   -0.9588   -0.8455   -0.5240 C   0  0  0  0  0  0  0  0  0  0  0  0
    1.1562    0.3706   -0.5239 C   0  0  0  0  0  0  0  0  0  0  0  0
    0.4522   -0.8524   -0.5478 C   0  0  0  0  0  0  0  0  0  0  0  0
   -0.9686    1.6180   -0.6062 C   0  0  0  0  0  0  0  0  0  0  0  0
   -1.6535    0.3800   -0.5847 C   0  0  0  0  0  0  0  0  0  0  0  0
    0.4465    1.5874   -0.5850 C   0  0  0  0  0  0  0  0  0  0  0  0
   -1.6840    2.8073   -0.6060 C   0  0  0  0  0  0  0  0  0  0  0  0
   -1.8988   -2.5001    0.7821 C   0  0  0  0  0  0  0  0  0  0  0  0
    3.0524    0.3538    0.7916 C   0  0  0  0  0  0  0  0  0  0  0  0
   -2.6782    0.3545   -0.5899 H   0  0  0  0  0  0  0  0  0  0  0  0
    0.9836    2.4596   -0.5898 H   0  0  0  0  0  0  0  0  0  0  0  0
   -2.6766    2.8023   -0.6033 H   0  0  0  0  0  0  0  0  0  0  0  0
    1.9483   -1.9811   -0.5985 H   0  0  0  0  0  0  0  0  0  0  0  0
   -2.4421   -3.4260    0.5982 H   0  0  0  0  0  0  0  0  0  0  0  0
   -2.5291   -1.8524    1.3975 H   0  0  0  0  0  0  0  0  0  0  0  0
   -0.9944   -2.7450    1.3459 H   0  0  0  0  0  0  0  0  0  0  0  0
    4.1271    0.3612    0.6145 H   0  0  0  0  0  0  0  0  0  0  0  0
    2.8036    1.2235    1.4058 H   0  0  0  0  0  0  0  0  0  0  0  0
    2.8092   -0.5516    1.3546 H   0  0  0  0  0  0  0  0  0  0  0  0
  1  5  1  0  0  0  0
  1 12  1  0  0  0  0
  2  6  1  0  0  0  0
  2 13  1  0  0  0  0
  3  7  1  0  0  0  0
  3 17  1  0  0  0  0
  4 11  2  0  0  0  0
  5  7  2  0  0  0  0
  5  9  1  0  0  0  0
  6  7  1  0  0  0  0
  6 10  2  0  0  0  0
  8  9  2  0  0  0  0
  8 10  1  0  0  0  0
  8 11  1  0  0  0  0
  9 14  1  0  0  0  0
 10 15  1  0  0  0  0
 11 16  1  0  0  0  0
 12 18  1  0  0  0  0
 12 19  1  0  0  0  0
 12 20  1  0  0  0  0
 13 21  1  0  0  0  0
 13 22  1  0  0  0  0
 13 23  1  0  0  0  0
M  END
> <PUBCHEM_BONDANNOTATIONS>
5  7  8
5  9  8
6  10  8
6  7  8
8  10  8
8  9  8

$$$$
