
  ACD/Labs03221914022D

 13 13  0  0  0  0  0  0  0  0  1 V2000
    0.0000   -5.9834    0.0000 C   0  0  0  0  0  0  0  0  0  0  0  0
    0.0000   -4.6551    0.0000 O   0  0  0  0  0  0  0  0  0  0  0  0
    1.1488   -3.9909    0.0000 C   0  0  0  0  0  0  0  0  0  0  0  0
    1.1488   -2.6566    0.0000 C   0  0  0  0  0  0  0  0  0  0  0  0
    2.3036   -1.9925    0.0000 C   0  0  0  0  0  0  0  0  0  0  0  0
    3.4584   -2.6566    0.0000 C   0  0  0  0  0  0  0  0  0  0  0  0
    3.4584   -3.9909    0.0000 C   0  0  0  0  0  0  0  0  0  0  0  0
    2.3036   -4.6551    0.0000 C   0  0  0  0  0  0  0  0  0  0  0  0
    2.3036   -5.9834    0.0000 O   0  0  0  0  0  0  0  0  0  0  0  0
    4.6072   -4.6551    0.0000 O   0  0  0  0  0  0  0  0  0  0  0  0
    5.7560   -3.9909    0.0000 C   0  0  0  0  0  0  0  0  0  0  0  0
    2.3036   -0.6642    0.0000 C   0  0  0  0  0  0  0  0  0  0  0  0
    1.1548    0.0000    0.0000 O   0  0  0  0  0  0  0  0  0  0  0  0
  1  2  1  0  0  0  0
  2  3  1  0  0  0  0
  3  4  2  0  0  0  0
  3  8  1  0  0  0  0
  4  5  1  0  0  0  0
  5  6  2  0  0  0  0
  5 12  1  0  0  0  0
  6  7  1  0  0  0  0
  7  8  2  0  0  0  0
  7 10  1  0  0  0  0
  8  9  1  0  0  0  0
 10 11  1  0  0  0  0
 12 13  2  0  0  0  0
M  END
