867
  Marvin  12300703363D          

 11 10  0  0  0  0            999 V2000
    1.8329   -1.4491   -0.0000 O   0  0  0  0  0  0  0  0  0  0  0  0
   -1.9772    1.2450    0.0000 O   0  0  0  0  0  0  0  0  0  0  0  0
    2.0820    0.5960    0.0000 O   0  0  0  0  0  0  0  0  0  0  0  0
   -0.1321    2.1616    0.0000 O   0  0  0  0  0  0  0  0  0  0  0  0
   -0.1470   -0.2079   -0.0000 C   0  0  0  0  0  0  0  0  0  0  0  0
    1.3020   -0.3441   -0.0000 C   0  0  0  0  0  0  0  0  0  0  0  0
   -0.7584    1.1128   -0.0000 C   0  0  0  0  0  0  0  0  0  0  0  0
   -0.5214   -0.7374    0.8803 H   0  0  0  0  0  0  0  0  0  0  0  0
   -0.5214   -0.7374   -0.8803 H   0  0  0  0  0  0  0  0  0  0  0  0
    1.3547   -2.1875    0.0000 H   0  0  0  0  0  0  0  0  0  0  0  0
   -2.5140    0.5480   -0.0000 H   0  0  0  0  0  0  0  0  0  0  0  0
  1  6  1  0  0  0  0
  1 10  1  0  0  0  0
  2  7  1  0  0  0  0
  2 11  1  0  0  0  0
  3  6  2  0  0  0  0
  4  7  2  0  0  0  0
  5  6  1  0  0  0  0
  5  7  1  0  0  0  0
  5  8  1  0  0  0  0
  5  9  1  0  0  0  0
M  END
$$$$
