
  ACD/Labs03221914022D

 10  9  0  0  0  0  0  0  0  0  1 V2000
    2.3046   -1.9974    0.0000 C   0  0  0  0  0  0  0  0  0  0  0  0
    1.1500   -2.6585    0.0000 C   0  0  0  0  0  0  0  0  0  0  0  0
    1.1500   -3.9901    0.0000 C   0  0  0  0  0  0  0  0  0  0  0  0
    2.3046   -4.6558    0.0000 O   0  0  0  0  0  0  0  0  0  0  0  0
    0.0000   -4.6558    0.0000 O   0  0  0  0  0  0  0  0  0  0  0  0
    0.0000   -1.9974    0.0000 O   0  0  0  0  0  0  0  0  0  0  0  0
    2.3046   -0.6658    0.0000 C   0  0  0  0  0  0  0  0  0  0  0  0
    3.4546    0.0000    0.0000 O   0  0  0  0  0  0  0  0  0  0  0  0
    1.1500    0.0000    0.0000 O   0  0  0  0  0  0  0  0  0  0  0  0
    3.4546   -2.6585    0.0000 O   0  0  0  0  0  0  0  0  0  0  0  0
  1  2  1  0  0  0  0
  1  7  1  0  0  0  0
  1 10  1  0  0  0  0
  2  3  1  0  0  0  0
  2  6  1  0  0  0  0
  3  4  2  0  0  0  0
  3  5  1  0  0  0  0
  7  8  2  0  0  0  0
  7  9  1  0  0  0  0
M  END
