875
  Marvin  12300703363D          

 16 15  0  0  1  0            999 V2000
    1.2596    0.6009    1.1929 O   0  0  0  0  0  0  0  0  0  0  0  0
   -1.2596   -0.6009   -1.1929 O   0  0  0  0  0  0  0  0  0  0  0  0
    2.5176   -1.6066   -0.0022 O   0  0  0  0  0  0  0  0  0  0  0  0
   -2.5176    1.6066    0.0022 O   0  0  0  0  0  0  0  0  0  0  0  0
    0.6112   -2.4208    0.0287 O   0  0  0  0  0  0  0  0  0  0  0  0
   -0.6112    2.4208   -0.0287 O   0  0  0  0  0  0  0  0  0  0  0  0
    0.7756   -0.0650    0.0238 C   0  0  2  0  0  0  0  0  0  0  0  0
   -0.7756    0.0650   -0.0238 C   0  0  1  0  0  0  0  0  0  0  0  0
    1.3092   -1.4163    0.0179 C   0  0  0  0  0  0  0  0  0  0  0  0
   -1.3092    1.4163   -0.0179 C   0  0  0  0  0  0  0  0  0  0  0  0
    1.1817    0.4558   -0.8492 H   0  0  0  0  0  0  0  0  0  0  0  0
   -1.1817   -0.4558    0.8492 H   0  0  0  0  0  0  0  0  0  0  0  0
    2.2359    0.6314    1.1079 H   0  0  0  0  0  0  0  0  0  0  0  0
   -2.2359   -0.6314   -1.1079 H   0  0  0  0  0  0  0  0  0  0  0  0
    3.0732   -0.9241   -0.0086 H   0  0  0  0  0  0  0  0  0  0  0  0
   -3.0732    0.9241    0.0086 H   0  0  0  0  0  0  0  0  0  0  0  0
  1  7  1  0  0  0  0
  1 13  1  0  0  0  0
  2  8  1  0  0  0  0
  2 14  1  0  0  0  0
  3  9  1  0  0  0  0
  3 15  1  0  0  0  0
  4 10  1  0  0  0  0
  4 16  1  0  0  0  0
  5  9  2  0  0  0  0
  6 10  2  0  0  0  0
  7  8  1  0  0  0  0
  7  9  1  0  0  0  0
  7 11  1  0  0  0  0
  8 10  1  0  0  0  0
  8 12  1  0  0  0  0
M  END
> <PUBCHEM_BONDANNOTATIONS>
7  1  3
8  2  3

$$$$
