876
  Marvin  12300703363D          

 20 19  0  0  1  0            999 V2000
   -2.6767    0.6223   -0.2040 S   0  0  0  0  0  0  0  0  0  0  0  0
    3.0587   -2.3532   -0.1965 O   0  0  0  0  0  0  0  0  0  0  0  0
    1.1586   -3.1606   -0.1623 O   0  0  0  0  0  0  0  0  0  0  0  0
    1.8242   -0.0906    1.0326 N   0  0  0  0  0  0  0  0  0  0  0  0
   -0.2561   -0.7050   -0.1663 C   0  0  0  0  0  0  0  0  0  0  0  0
    1.2978   -0.8029   -0.1426 C   0  0  2  0  0  0  0  0  0  0  0  0
   -0.8677    0.7192   -0.1889 C   0  0  0  0  0  0  0  0  0  0  0  0
    1.8493   -2.1512   -0.1655 C   0  0  0  0  0  0  0  0  0  0  0  0
   -3.1018    2.3754   -0.1832 C   0  0  0  0  0  0  0  0  0  0  0  0
   -0.6142   -1.2324   -1.0559 H   0  0  0  0  0  0  0  0  0  0  0  0
   -0.6491   -1.2327    0.7080 H   0  0  0  0  0  0  0  0  0  0  0  0
    1.6768   -0.2870   -1.0288 H   0  0  0  0  0  0  0  0  0  0  0  0
   -0.5322    1.2597   -1.0767 H   0  0  0  0  0  0  0  0  0  0  0  0
   -0.5570    1.2790    0.6957 H   0  0  0  0  0  0  0  0  0  0  0  0
    2.8444   -0.1499    1.0034 H   0  0  0  0  0  0  0  0  0  0  0  0
    1.5158   -0.5952    1.8665 H   0  0  0  0  0  0  0  0  0  0  0  0
   -4.1882    2.4660   -0.1798 H   0  0  0  0  0  0  0  0  0  0  0  0
   -2.7060    2.8531    0.7134 H   0  0  0  0  0  0  0  0  0  0  0  0
   -2.7089    2.8716   -1.0708 H   0  0  0  0  0  0  0  0  0  0  0  0
    3.6324   -1.6856   -0.1982 H   0  0  0  0  0  0  0  0  0  0  0  0
  1  7  1  0  0  0  0
  1  9  1  0  0  0  0
  2  8  1  0  0  0  0
  2 20  1  0  0  0  0
  3  8  2  0  0  0  0
  4  6  1  0  0  0  0
  4 15  1  0  0  0  0
  4 16  1  0  0  0  0
  5  6  1  0  0  0  0
  5  7  1  0  0  0  0
  5 10  1  0  0  0  0
  5 11  1  0  0  0  0
  6  8  1  0  0  0  0
  6 12  1  0  0  0  0
  7 13  1  0  0  0  0
  7 14  1  0  0  0  0
  9 17  1  0  0  0  0
  9 18  1  0  0  0  0
  9 19  1  0  0  0  0
M  END
> <PUBCHEM_BONDANNOTATIONS>
6  4  3

$$$$
