
  ACD/Labs03221914022D

  8  7  0  0  0  0  0  0  0  0  1 V2000
    0.0000    0.0000    0.0000 C   0  0  0  0  0  0  0  0  0  0  0  0
    1.1525   -0.6694    0.0000 C   0  0  0  0  0  0  0  0  0  0  0  0
    2.2981    0.0000    0.0000 C   0  0  0  0  0  0  0  0  0  0  0  0
    3.4506   -0.6694    0.0000 C   0  0  0  0  0  0  0  0  0  0  0  0
    4.6031    0.0000    0.0000 C   0  0  0  0  0  0  0  0  0  0  0  0
    5.7487   -0.6694    0.0000 C   0  0  0  0  0  0  0  0  0  0  0  0
    5.7487   -1.9945    0.0000 O   0  0  0  0  0  0  0  0  0  0  0  0
    6.9012    0.0000    0.0000 O   0  0  0  0  0  0  0  0  0  0  0  0
  1  2  1  0  0  0  0
  2  3  1  0  0  0  0
  3  4  1  0  0  0  0
  4  5  1  0  0  0  0
  5  6  1  0  0  0  0
  6  7  2  0  0  0  0
  6  8  1  0  0  0  0
M  END
