
  ACD/Labs04281711352D

 14 14  0  0  0  0  0  0  0  0  2 V2000
    5.3209   -5.7586    0.0000 N   0  0  0  0  0  0  0  0  0  0  0  0
    4.6529   -4.6069    0.0000 C   0  0  0  0  0  0  0  0  0  0  0  0
    5.3209   -3.4551    0.0000 C   0  0  0  0  0  0  0  0  0  0  0  0
    4.6529   -2.3034    0.0000 C   0  0  0  0  0  0  0  0  0  0  0  0
    3.3227   -2.3034    0.0000 C   0  0  0  0  0  0  0  0  0  0  0  0
    2.6605   -3.4551    0.0000 C   0  0  0  0  0  0  0  0  0  0  0  0
    3.3227   -4.6069    0.0000 C   0  0  0  0  0  0  0  0  0  0  0  0
    1.3302   -3.4551    0.0000 C   0  0  0  0  0  0  0  0  0  0  0  0
    1.3302   -2.1249    0.0000 F   0  0  0  0  0  0  0  0  0  0  0  0
    1.3302   -4.7854    0.0000 F   0  0  0  0  0  0  0  0  0  0  0  0
    0.0000   -3.4551    0.0000 F   0  0  0  0  0  0  0  0  0  0  0  0
    2.6605   -1.1517    0.0000 N   0  3  0  0  0  0  0  0  0  0  0  0
    3.3227    0.0000    0.0000 O   0  5  0  0  0  0  0  0  0  0  0  0
    1.3302   -1.1517    0.0000 O   0  0  0  0  0  0  0  0  0  0  0  0
  1  2  1  0  0  0  0
  2  3  1  0  0  0  0
  2  7  2  0  0  0  0
  3  4  2  0  0  0  0
  4  5  1  0  0  0  0
  5  6  2  0  0  0  0
  5 12  1  0  0  0  0
  6  7  1  0  0  0  0
  6  8  1  0  0  0  0
  8  9  1  0  0  0  0
  8 10  1  0  0  0  0
  8 11  1  0  0  0  0
 12 13  1  0  0  0  0
 12 14  2  0  0  0  0
M  CHG  2  12   1  13  -1
M  END
