94955
  Marvin  01040800003D          

 19 19  0  0  0  0            999 V2000
   -2.1173   -1.9879    1.0532 F   0  0  0  0  0  0  0  0  0  0  0  0
   -2.1162   -1.9550   -1.1747 F   0  0  0  0  0  0  0  0  0  0  0  0
   -0.8500   -3.2740   -0.0741 F   0  0  0  0  0  0  0  0  0  0  0  0
    3.0771   -1.7625   -0.0668 O   0  5  0  0  0  0  0  0  0  0  0  0
    1.6227   -2.9455   -0.0696 O   0  0  0  0  0  0  0  0  0  0  0  0
    1.9028   -1.8172   -0.0623 N   0  3  0  0  0  0  0  0  0  0  0  0
   -1.1488    2.8006    0.1282 N   0  0  0  0  0  0  0  0  0  0  0  0
   -0.3864   -0.7978   -0.0405 C   0  0  0  0  0  0  0  0  0  0  0  0
    1.0544   -0.7603   -0.0432 C   0  0  0  0  0  0  0  0  0  0  0  0
   -1.0957    0.4380   -0.0055 C   0  0  0  0  0  0  0  0  0  0  0  0
   -0.4555    1.6860    0.0533 C   0  0  0  0  0  0  0  0  0  0  0  0
    1.6678    0.5272   -0.0170 C   0  0  0  0  0  0  0  0  0  0  0  0
   -1.3088   -1.9858   -0.0609 C   0  0  2  0  0  0  0  0  0  0  0  0
    0.9440    1.7252    0.0392 C   0  0  0  0  0  0  0  0  0  0  0  0
   -2.1217    0.4537   -0.0121 H   0  0  0  0  0  0  0  0  0  0  0  0
    2.6858    0.6374   -0.0333 H   0  0  0  0  0  0  0  0  0  0  0  0
    1.4424    2.6196    0.0686 H   0  0  0  0  0  0  0  0  0  0  0  0
   -2.0828    2.7784    0.0571 H   0  0  0  0  0  0  0  0  0  0  0  0
   -0.7138    3.6198    0.2604 H   0  0  0  0  0  0  0  0  0  0  0  0
  1 13  1  0  0  0  0
  2 13  1  0  0  0  0
  3 13  1  0  0  0  0
  4  6  1  0  0  0  0
  5  6  2  0  0  0  0
  6  9  1  0  0  0  0
  7 11  1  0  0  0  0
  7 18  1  0  0  0  0
  7 19  1  0  0  0  0
  8  9  2  0  0  0  0
  8 10  1  0  0  0  0
  8 13  1  0  0  0  0
  9 12  1  0  0  0  0
 10 11  2  0  0  0  0
 10 15  1  0  0  0  0
 11 14  1  0  0  0  0
 12 14  2  0  0  0  0
 12 16  1  0  0  0  0
 14 17  1  0  0  0  0
M  CHG  2   4  -1   6   1
M  END
> <PUBCHEM_BONDANNOTATIONS>
10  11  8
11  14  8
12  14  8
8  10  8
8  9  8
9  12  8

$$$$
