95459
  Marvin  01040800003D          

 24 24  0  0  1  0            999 V2000
   -1.6314   -0.9139   -2.3314 O   0  0  0  0  0  0  0  0  0  0  0  0
   -2.6846   -0.4214   -0.6180 O   0  0  0  0  0  0  0  0  0  0  0  0
   -1.5428   -3.1141    2.3392 O   0  0  0  0  0  0  0  0  0  0  0  0
   -1.5796   -3.3521    0.2850 O   0  0  0  0  0  0  0  0  0  0  0  0
   -0.3822   -0.8052   -0.3333 C   0  0  1  0  0  0  0  0  0  0  0  0
    0.3969    0.4779   -0.3162 C   0  0  0  0  0  0  0  0  0  0  0  0
   -0.5870   -1.3749    1.1082 C   0  0  0  0  0  0  0  0  0  0  0  0
    1.8154    0.4645   -0.3253 C   0  0  0  0  0  0  0  0  0  0  0  0
   -0.2367    1.7461   -0.2740 C   0  0  0  0  0  0  0  0  0  0  0  0
   -1.6112   -0.7178   -1.1225 C   0  0  0  0  0  0  0  0  0  0  0  0
   -1.2589   -2.6589    1.2387 C   0  0  0  0  0  0  0  0  0  0  0  0
    2.5632    1.6583   -0.3195 C   0  0  0  0  0  0  0  0  0  0  0  0
    0.4994    2.9436   -0.2856 C   0  0  0  0  0  0  0  0  0  0  0  0
    1.9027    2.8985   -0.3084 C   0  0  0  0  0  0  0  0  0  0  0  0
    0.2330   -1.5571   -0.8430 H   0  0  0  0  0  0  0  0  0  0  0  0
    0.3881   -1.4830    1.5935 H   0  0  0  0  0  0  0  0  0  0  0  0
   -1.1482   -0.6402    1.6933 H   0  0  0  0  0  0  0  0  0  0  0  0
    2.3290   -0.4207   -0.3336 H   0  0  0  0  0  0  0  0  0  0  0  0
   -1.2548    1.8244   -0.2405 H   0  0  0  0  0  0  0  0  0  0  0  0
    3.5856    1.6271   -0.3241 H   0  0  0  0  0  0  0  0  0  0  0  0
    0.0124    3.8428   -0.2772 H   0  0  0  0  0  0  0  0  0  0  0  0
    2.4396    3.7688   -0.3143 H   0  0  0  0  0  0  0  0  0  0  0  0
   -0.8955   -1.1226   -2.7652 H   0  0  0  0  0  0  0  0  0  0  0  0
   -1.3522   -2.6702    3.0741 H   0  0  0  0  0  0  0  0  0  0  0  0
  1 10  1  0  0  0  0
  1 23  1  0  0  0  0
  2 10  2  0  0  0  0
  3 11  1  0  0  0  0
  3 24  1  0  0  0  0
  4 11  2  0  0  0  0
  5  6  1  0  0  0  0
  5  7  1  0  0  0  0
  5 10  1  0  0  0  0
  5 15  1  0  0  0  0
  6  8  2  0  0  0  0
  6  9  1  0  0  0  0
  7 11  1  0  0  0  0
  7 16  1  0  0  0  0
  7 17  1  0  0  0  0
  8 12  1  0  0  0  0
  8 18  1  0  0  0  0
  9 13  2  0  0  0  0
  9 19  1  0  0  0  0
 12 14  2  0  0  0  0
 12 20  1  0  0  0  0
 13 14  1  0  0  0  0
 13 21  1  0  0  0  0
 14 22  1  0  0  0  0
M  END
> <PUBCHEM_BONDANNOTATIONS>
12  14  8
13  14  8
5  7  3
6  8  8
6  9  8
8  12  8
9  13  8

$$$$
