
  ACD/Labs06251410052D

 11 11  0  0  0  0  0  0  0  0  1 V2000
    1.9920   -5.7572    0.0000 C   0  0  0  0  0  0  0  0  0  0  0  0
    2.6598   -4.6058    0.0000 C   0  0  0  0  0  0  0  0  0  0  0  0
    3.9898   -4.6058    0.0000 O   0  0  0  0  0  0  0  0  0  0  0  0
    1.9920   -3.4543    0.0000 C   0  0  0  0  0  0  0  0  0  0  0  0
    2.6598   -2.3029    0.0000 C   0  0  0  0  0  0  0  0  0  0  0  0
    1.9920   -1.1514    0.0000 C   0  0  0  0  0  0  0  0  0  0  0  0
    2.6598    0.0000    0.0000 Br  0  0  0  0  0  0  0  0  0  0  0  0
    0.6621   -1.1514    0.0000 C   0  0  0  0  0  0  0  0  0  0  0  0
    0.0000   -2.3029    0.0000 C   0  0  0  0  0  0  0  0  0  0  0  0
    0.6621   -3.4543    0.0000 C   0  0  0  0  0  0  0  0  0  0  0  0
    0.0000   -4.6058    0.0000 O   0  0  0  0  0  0  0  0  0  0  0  0
  1  2  1  0  0  0  0
  2  3  2  0  0  0  0
  2  4  1  0  0  0  0
  4  5  1  0  0  0  0
  4 10  2  0  0  0  0
  5  6  2  0  0  0  0
  6  7  1  0  0  0  0
  6  8  1  0  0  0  0
  8  9  2  0  0  0  0
  9 10  1  0  0  0  0
 10 11  1  0  0  0  0
M  END
