95991
  Marvin  01040800003D          

 18 18  0  0  0  0            999 V2000
   -1.5220    3.9355   -0.0000 Br  0  0  0  0  0  0  0  0  0  0  0  0
    1.7606   -0.9897   -0.0000 O   0  0  0  0  0  0  0  0  0  0  0  0
   -2.3908   -1.3375   -0.0000 O   0  0  0  0  0  0  0  0  0  0  0  0
   -0.4488   -0.1327   -0.0000 C   0  0  0  0  0  0  0  0  0  0  0  0
    0.9737   -0.0120    0.0000 C   0  0  0  0  0  0  0  0  0  0  0  0
   -1.1657    1.1004   -0.0000 C   0  0  0  0  0  0  0  0  0  0  0  0
   -1.1645   -1.3526    0.0000 C   0  0  0  0  0  0  0  0  0  0  0  0
    1.6173    1.2426   -0.0000 C   0  0  0  0  0  0  0  0  0  0  0  0
   -0.5339    2.3579   -0.0000 C   0  0  0  0  0  0  0  0  0  0  0  0
    0.8665    2.4260    0.0000 C   0  0  0  0  0  0  0  0  0  0  0  0
   -0.6893   -2.7310    0.0000 C   0  0  0  0  0  0  0  0  0  0  0  0
   -2.1888    1.1201    0.0000 H   0  0  0  0  0  0  0  0  0  0  0  0
    2.6395    1.3153   -0.0000 H   0  0  0  0  0  0  0  0  0  0  0  0
    1.3420    3.3304   -0.0000 H   0  0  0  0  0  0  0  0  0  0  0  0
   -1.0574   -3.2558    0.8850 H   0  0  0  0  0  0  0  0  0  0  0  0
   -1.0574   -3.2558   -0.8850 H   0  0  0  0  0  0  0  0  0  0  0  0
    0.3838   -2.8788    0.0000 H   0  0  0  0  0  0  0  0  0  0  0  0
    2.6353   -0.8822   -0.0000 H   0  0  0  0  0  0  0  0  0  0  0  0
  1  9  1  0  0  0  0
  2  5  1  0  0  0  0
  2 18  1  0  0  0  0
  3  7  2  0  0  0  0
  4  5  2  0  0  0  0
  4  6  1  0  0  0  0
  4  7  1  0  0  0  0
  5  8  1  0  0  0  0
  6  9  2  0  0  0  0
  6 12  1  0  0  0  0
  7 11  1  0  0  0  0
  8 10  2  0  0  0  0
  8 13  1  0  0  0  0
  9 10  1  0  0  0  0
 10 14  1  0  0  0  0
 11 15  1  0  0  0  0
 11 16  1  0  0  0  0
 11 17  1  0  0  0  0
M  END
> <PUBCHEM_BONDANNOTATIONS>
4  5  8
4  6  8
5  8  8
6  9  8
8  10  8
9  10  8

$$$$
