
  ACD/Labs04281710322D

 19 20  0  0  0  0  0  0  0  0  1 V2000
    3.4552   -5.9799    0.0000 C   0  0  0  0  0  0  0  0  0  0  0  0
    3.4552   -4.6531    0.0000 O   0  0  0  0  0  0  0  0  0  0  0  0
    2.3035   -3.9897    0.0000 C   0  0  0  0  0  0  0  0  0  0  0  0
    2.3035   -2.6536    0.0000 C   0  0  0  0  0  0  0  0  0  0  0  0
    1.1517   -1.9902    0.0000 N   0  0  0  0  0  0  0  0  0  0  0  0
    0.0000   -2.6536    0.0000 C   0  0  0  0  0  0  0  0  0  0  0  0
    0.0000   -3.9897    0.0000 C   0  0  0  0  0  0  0  0  0  0  0  0
    1.1517   -4.6531    0.0000 N   0  0  0  0  0  0  0  0  0  0  0  0
    3.4552   -1.9902    0.0000 N   0  0  0  0  0  0  0  0  0  0  0  0
    4.6070   -2.6536    0.0000 S   0  0  0  0  0  0  0  0  0  0  0  0
    3.7501   -3.6764    0.0000 O   0  0  0  0  0  0  0  0  0  0  0  0
    5.4639   -3.6764    0.0000 O   0  0  0  0  0  0  0  0  0  0  0  0
    5.7587   -1.9902    0.0000 C   0  0  0  0  0  0  0  0  0  0  0  0
    5.7587   -0.6634    0.0000 C   0  0  0  0  0  0  0  0  0  0  0  0
    6.9105    0.0000    0.0000 C   0  0  0  0  0  0  0  0  0  0  0  0
    8.0622   -0.6634    0.0000 C   0  0  0  0  0  0  0  0  0  0  0  0
    9.2140    0.0000    0.0000 N   0  0  0  0  0  0  0  0  0  0  0  0
    8.0622   -1.9902    0.0000 C   0  0  0  0  0  0  0  0  0  0  0  0
    6.9105   -2.6536    0.0000 C   0  0  0  0  0  0  0  0  0  0  0  0
  1  2  1  0  0  0  0
  2  3  1  0  0  0  0
  3  4  2  0  0  0  0
  3  8  1  0  0  0  0
  4  5  1  0  0  0  0
  4  9  1  0  0  0  0
  5  6  2  0  0  0  0
  6  7  1  0  0  0  0
  7  8  2  0  0  0  0
  9 10  1  0  0  0  0
 10 11  2  0  0  0  0
 10 12  2  0  0  0  0
 10 13  1  0  0  0  0
 13 14  2  0  0  0  0
 13 19  1  0  0  0  0
 14 15  1  0  0  0  0
 15 16  2  0  0  0  0
 16 17  1  0  0  0  0
 16 18  1  0  0  0  0
 18 19  2  0  0  0  0
M  END
