9047
  Marvin  12300703363D          

 31 32  0  0  0  0            999 V2000
    1.2532   -1.9804   -0.0775 S   0  0  1  0  0  0  0  0  0  0  0  0
    1.3879   -3.3842   -0.8138 O   0  0  0  0  0  0  0  0  0  0  0  0
    2.3046   -1.9981    1.1161 O   0  0  0  0  0  0  0  0  0  0  0  0
    3.2085    1.6623   -1.1116 O   0  0  0  0  0  0  0  0  0  0  0  0
    1.7797   -0.7669   -1.0833 N   0  0  0  0  0  0  0  0  0  0  0  0
   -0.1375    0.5363   -1.4687 N   0  0  0  0  0  0  0  0  0  0  0  0
   -4.1136   -0.3966    1.6603 N   0  0  0  0  0  0  0  0  0  0  0  0
    1.3055    2.7865   -1.4641 N   0  0  0  0  0  0  0  0  0  0  0  0
   -0.3642   -1.7221    0.5229 C   0  0  0  0  0  0  0  0  0  0  0  0
   -0.6005   -1.3238    1.8558 C   0  0  0  0  0  0  0  0  0  0  0  0
   -1.4512   -1.8131   -0.3715 C   0  0  0  0  0  0  0  0  0  0  0  0
    1.2023    0.4096   -1.2755 C   0  0  0  0  0  0  0  0  0  0  0  0
   -2.9433   -0.8864    1.3224 C   0  0  0  0  0  0  0  0  0  0  0  0
   -1.8853   -0.9109    2.2550 C   0  0  0  0  0  0  0  0  0  0  0  0
   -2.7289   -1.3708    0.0167 C   0  0  0  0  0  0  0  0  0  0  0  0
    1.9567    1.6058   -1.2862 C   0  0  0  0  0  0  0  0  0  0  0  0
   -0.7961    1.7075   -1.6430 C   0  0  0  0  0  0  0  0  0  0  0  0
   -0.0371    2.8878   -1.6309 C   0  0  0  0  0  0  0  0  0  0  0  0
    3.8651    1.5650    0.0470 C   0  0  0  0  0  0  0  0  0  0  0  0
    2.6140   -0.8984   -1.4867 H   0  0  0  0  0  0  0  0  0  0  0  0
    0.1577   -1.3029    2.5417 H   0  0  0  0  0  0  0  0  0  0  0  0
   -1.3127   -2.1470   -1.3287 H   0  0  0  0  0  0  0  0  0  0  0  0
   -2.0344   -0.6078    3.2211 H   0  0  0  0  0  0  0  0  0  0  0  0
   -3.4886   -1.3852   -0.6689 H   0  0  0  0  0  0  0  0  0  0  0  0
   -4.8014   -0.3441    1.0283 H   0  0  0  0  0  0  0  0  0  0  0  0
   -4.2590   -0.0803    2.5283 H   0  0  0  0  0  0  0  0  0  0  0  0
   -1.8091    1.7189   -1.7741 H   0  0  0  0  0  0  0  0  0  0  0  0
   -0.4786    3.8018   -1.7421 H   0  0  0  0  0  0  0  0  0  0  0  0
    4.9334    1.6121   -0.1625 H   0  0  0  0  0  0  0  0  0  0  0  0
    3.6115    2.3990    0.7063 H   0  0  0  0  0  0  0  0  0  0  0  0
    3.6615    0.6264    0.5672 H   0  0  0  0  0  0  0  0  0  0  0  0
  1  2  2  0  0  0  0
  1  3  2  0  0  0  0
  1  5  1  0  0  0  0
  1  9  1  0  0  0  0
  4 16  1  0  0  0  0
  4 19  1  0  0  0  0
  5 12  1  0  0  0  0
  5 20  1  0  0  0  0
  6 12  2  0  0  0  0
  6 17  1  0  0  0  0
  7 13  1  0  0  0  0
  7 25  1  0  0  0  0
  7 26  1  0  0  0  0
  8 16  2  0  0  0  0
  8 18  1  0  0  0  0
  9 10  2  0  0  0  0
  9 11  1  0  0  0  0
 10 14  1  0  0  0  0
 10 21  1  0  0  0  0
 11 15  2  0  0  0  0
 11 22  1  0  0  0  0
 12 16  1  0  0  0  0
 13 14  2  0  0  0  0
 13 15  1  0  0  0  0
 14 23  1  0  0  0  0
 15 24  1  0  0  0  0
 17 18  2  0  0  0  0
 17 27  1  0  0  0  0
 18 28  1  0  0  0  0
 19 29  1  0  0  0  0
 19 30  1  0  0  0  0
 19 31  1  0  0  0  0
M  END
> <PUBCHEM_BONDANNOTATIONS>
10  14  8
11  15  8
12  16  8
13  14  8
13  15  8
17  18  8
6  12  8
6  17  8
8  16  8
8  18  8
9  10  8
9  11  8

$$$$
