9086
  Marvin  12300703363D          

 14 13  0  0  0  0            999 V2000
   -2.4220    1.1187    0.0595 O   0  0  0  0  0  0  0  0  0  0  0  0
    1.5810   -1.7377    0.0826 N   0  0  0  0  0  0  0  0  0  0  0  0
   -0.4465   -0.3096    0.0608 C   0  0  0  0  0  0  0  0  0  0  0  0
    1.0955   -0.3541    0.0636 C   0  0  0  0  0  0  0  0  0  0  0  0
   -1.0000    1.1319    0.0597 C   0  0  0  0  0  0  0  0  0  0  0  0
   -0.8245   -0.8338    0.9435 H   0  0  0  0  0  0  0  0  0  0  0  0
   -0.8224   -0.8344   -0.8223 H   0  0  0  0  0  0  0  0  0  0  0  0
    1.4923    0.1396   -0.8266 H   0  0  0  0  0  0  0  0  0  0  0  0
    1.4892    0.1552    0.9459 H   0  0  0  0  0  0  0  0  0  0  0  0
   -0.6585    1.6695    0.9467 H   0  0  0  0  0  0  0  0  0  0  0  0
   -0.6579    1.6689   -0.8277 H   0  0  0  0  0  0  0  0  0  0  0  0
    2.6005   -1.6984    0.0347 H   0  0  0  0  0  0  0  0  0  0  0  0
    1.2560   -2.1792   -0.7798 H   0  0  0  0  0  0  0  0  0  0  0  0
   -2.6827    2.0635    0.0596 H   0  0  0  0  0  0  0  0  0  0  0  0
  1  5  1  0  0  0  0
  1 14  1  0  0  0  0
  2  4  1  0  0  0  0
  2 12  1  0  0  0  0
  2 13  1  0  0  0  0
  3  4  1  0  0  0  0
  3  5  1  0  0  0  0
  3  6  1  0  0  0  0
  3  7  1  0  0  0  0
  4  8  1  0  0  0  0
  4  9  1  0  0  0  0
  5 10  1  0  0  0  0
  5 11  1  0  0  0  0
M  END
$$$$
