101412
  Marvin  01040808023D          

 17 17  0  0  0  0            999 V2000
   -1.1810    3.1357   -0.1477 F   0  0  0  0  0  0  0  0  0  0  0  0
   -2.3811   -1.7548    0.4181 O   0  0  0  0  0  0  0  0  0  0  0  0
   -0.8266   -2.6828   -0.5379 O   0  0  0  0  0  0  0  0  0  0  0  0
    1.6537   -1.5031    0.0798 N   0  0  0  0  0  0  0  0  0  0  0  0
   -0.5181   -0.4591   -0.0449 C   0  0  0  0  0  0  0  0  0  0  0  0
    0.9056   -0.4225   -0.0235 C   0  0  0  0  0  0  0  0  0  0  0  0
   -1.2073    0.7810   -0.0818 C   0  0  0  0  0  0  0  0  0  0  0  0
    1.5937    0.8098   -0.0840 C   0  0  0  0  0  0  0  0  0  0  0  0
   -0.5210    2.0093   -0.1182 C   0  0  0  0  0  0  0  0  0  0  0  0
    0.8837    2.0207   -0.1284 C   0  0  0  0  0  0  0  0  0  0  0  0
   -1.2512   -1.6468   -0.0486 C   0  0  0  0  0  0  0  0  0  0  0  0
   -2.2307    0.8148   -0.0953 H   0  0  0  0  0  0  0  0  0  0  0  0
    2.6165    0.8460   -0.0857 H   0  0  0  0  0  0  0  0  0  0  0  0
    1.3928    2.9076   -0.1632 H   0  0  0  0  0  0  0  0  0  0  0  0
    2.5834   -1.4439   -0.0145 H   0  0  0  0  0  0  0  0  0  0  0  0
    1.2664   -2.3338    0.2596 H   0  0  0  0  0  0  0  0  0  0  0  0
   -2.7788   -1.0779    0.8161 H   0  0  0  0  0  0  0  0  0  0  0  0
  1  9  1  0  0  0  0
  2 11  1  0  0  0  0
  2 17  1  0  0  0  0
  3 11  2  0  0  0  0
  4  6  1  0  0  0  0
  4 15  1  0  0  0  0
  4 16  1  0  0  0  0
  5  6  2  0  0  0  0
  5  7  1  0  0  0  0
  5 11  1  0  0  0  0
  6  8  1  0  0  0  0
  7  9  2  0  0  0  0
  7 12  1  0  0  0  0
  8 10  2  0  0  0  0
  8 13  1  0  0  0  0
  9 10  1  0  0  0  0
 10 14  1  0  0  0  0
M  END
> <PUBCHEM_BONDANNOTATIONS>
5  6  8
5  7  8
6  8  8
7  9  8
8  10  8
9  10  8

$$$$
