
  ACD/Labs06251410112D

 11 11  0  0  0  0  0  0  0  0  1 V2000
    3.9913   -4.6076    0.0000 N   0  0  0  0  0  0  0  0  0  0  0  0
    3.3232   -3.4557    0.0000 C   0  0  0  0  0  0  0  0  0  0  0  0
    3.9913   -2.3038    0.0000 C   0  0  0  0  0  0  0  0  0  0  0  0
    3.3232   -1.1519    0.0000 C   0  0  0  0  0  0  0  0  0  0  0  0
    1.9928   -1.1519    0.0000 C   0  0  0  0  0  0  0  0  0  0  0  0
    1.3304    0.0000    0.0000 F   0  0  0  0  0  0  0  0  0  0  0  0
    1.3304   -2.3038    0.0000 C   0  0  0  0  0  0  0  0  0  0  0  0
    1.9928   -3.4557    0.0000 C   0  0  0  0  0  0  0  0  0  0  0  0
    1.3304   -4.6076    0.0000 C   0  0  0  0  0  0  0  0  0  0  0  0
    0.0000   -4.6076    0.0000 O   0  0  0  0  0  0  0  0  0  0  0  0
    1.9928   -5.7595    0.0000 O   0  0  0  0  0  0  0  0  0  0  0  0
  1  2  1  0  0  0  0
  2  3  1  0  0  0  0
  2  8  2  0  0  0  0
  3  4  2  0  0  0  0
  4  5  1  0  0  0  0
  5  6  1  0  0  0  0
  5  7  2  0  0  0  0
  7  8  1  0  0  0  0
  8  9  1  0  0  0  0
  9 10  1  0  0  0  0
  9 11  2  0  0  0  0
M  END
