957
  Marvin  12300703363D          

 27 26  0  0  0  0            999 V2000
   -4.6477    2.8038    0.0000 O   0  0  0  0  0  0  0  0  0  0  0  0
   -0.5704   -0.1195   -0.0000 C   0  0  0  0  0  0  0  0  0  0  0  0
    0.9767   -0.1623    0.0000 C   0  0  0  0  0  0  0  0  0  0  0  0
   -1.1302    1.3220    0.0000 C   0  0  0  0  0  0  0  0  0  0  0  0
    1.5336   -1.6051   -0.0000 C   0  0  0  0  0  0  0  0  0  0  0  0
   -2.6768    1.3726   -0.0000 C   0  0  0  0  0  0  0  0  0  0  0  0
    3.0801   -1.6640   -0.0000 C   0  0  0  0  0  0  0  0  0  0  0  0
   -3.2257    2.8140   -0.0000 C   0  0  0  0  0  0  0  0  0  0  0  0
    3.6220   -3.1078    0.0000 C   0  0  0  0  0  0  0  0  0  0  0  0
   -0.9424   -0.6469    0.8834 H   0  0  0  0  0  0  0  0  0  0  0  0
   -0.9424   -0.6469   -0.8834 H   0  0  0  0  0  0  0  0  0  0  0  0
    1.3488    0.3649   -0.8834 H   0  0  0  0  0  0  0  0  0  0  0  0
    1.3488    0.3649    0.8834 H   0  0  0  0  0  0  0  0  0  0  0  0
   -0.7555    1.8473    0.8834 H   0  0  0  0  0  0  0  0  0  0  0  0
   -0.7555    1.8473   -0.8834 H   0  0  0  0  0  0  0  0  0  0  0  0
    1.1571   -2.1291   -0.8834 H   0  0  0  0  0  0  0  0  0  0  0  0
    1.1571   -2.1291    0.8834 H   0  0  0  0  0  0  0  0  0  0  0  0
   -3.0560    0.8507    0.8832 H   0  0  0  0  0  0  0  0  0  0  0  0
   -3.0560    0.8507   -0.8832 H   0  0  0  0  0  0  0  0  0  0  0  0
    3.4645   -1.1454   -0.8827 H   0  0  0  0  0  0  0  0  0  0  0  0
    3.4645   -1.1454    0.8827 H   0  0  0  0  0  0  0  0  0  0  0  0
   -2.8835    3.3507   -0.8876 H   0  0  0  0  0  0  0  0  0  0  0  0
   -2.8835    3.3507    0.8876 H   0  0  0  0  0  0  0  0  0  0  0  0
    4.7128   -3.0979    0.0000 H   0  0  0  0  0  0  0  0  0  0  0  0
    3.2814   -3.6450   -0.8875 H   0  0  0  0  0  0  0  0  0  0  0  0
    3.2814   -3.6450    0.8875 H   0  0  0  0  0  0  0  0  0  0  0  0
   -4.9030    3.7497    0.0000 H   0  0  0  0  0  0  0  0  0  0  0  0
  1  8  1  0  0  0  0
  1 27  1  0  0  0  0
  2  3  1  0  0  0  0
  2  4  1  0  0  0  0
  2 10  1  0  0  0  0
  2 11  1  0  0  0  0
  3  5  1  0  0  0  0
  3 12  1  0  0  0  0
  3 13  1  0  0  0  0
  4  6  1  0  0  0  0
  4 14  1  0  0  0  0
  4 15  1  0  0  0  0
  5  7  1  0  0  0  0
  5 16  1  0  0  0  0
  5 17  1  0  0  0  0
  6  8  1  0  0  0  0
  6 18  1  0  0  0  0
  6 19  1  0  0  0  0
  7  9  1  0  0  0  0
  7 20  1  0  0  0  0
  7 21  1  0  0  0  0
  8 22  1  0  0  0  0
  8 23  1  0  0  0  0
  9 24  1  0  0  0  0
  9 25  1  0  0  0  0
  9 26  1  0  0  0  0
M  END
$$$$
