
  ACLJDraw11091409422D

 11 11  0  0  0  0  0  0  0  0999 V2000
    1.7321    0.0005    0.0000 O   0  0  0  0  0  0  0  0  0  0  0  0
    0.8659    0.5002    0.0000 C   0  0  0  0  0  0  0  0  0  0  0  0
    0.8659    1.5002    0.0000 O   0  0  0  0  0  0  0  0  0  0  0  0
    0.0000    0.0000    0.0000 C   0  0  0  0  0  0  0  0  0  0  0  0
   -0.8723    0.5045    0.0000 C   0  0  0  0  0  0  0  0  0  0  0  0
   -0.8723    1.5045    0.0000 F   0  0  0  0  0  0  0  0  0  0  0  0
   -1.7377   -0.0022    0.0000 C   0  0  0  0  0  0  0  0  0  0  0  0
   -1.7377   -1.0079    0.0000 C   0  0  0  0  0  0  0  0  0  0  0  0
   -0.8697   -1.5068    0.0000 C   0  0  0  0  0  0  0  0  0  0  0  0
    0.0000   -1.0057    0.0000 C   0  0  0  0  0  0  0  0  0  0  0  0
    0.8673   -1.5058    0.0000 F   0  0  0  0  0  0  0  0  0  0  0  0
  1  2  1  0  0  0  0
  2  3  2  0  0  0  0
  2  4  1  0  0  0  0
  4  5  1  0  0  0  0
  4 10  2  0  0  0  0
  5  6  1  0  0  0  0
  5  7  2  0  0  0  0
  7  8  1  0  0  0  0
  8  9  2  0  0  0  0
  9 10  1  0  0  0  0
 10 11  1  0  0  0  0
M  END
