
  ACD/Labs04281712232D

 13 13  0  0  0  0  0  0  0  0  1 V2000
    1.3159   -5.3277    0.0000 O   0  0  0  0  0  0  0  0  0  0  0  0
    1.3106   -3.9958    0.0000 C   0  0  0  0  0  0  0  0  0  0  0  0
    0.1598   -3.3351    0.0000 O   0  0  0  0  0  0  0  0  0  0  0  0
    2.4667   -3.3298    0.0000 C   0  0  0  0  0  0  0  0  0  0  0  0
    2.4667   -1.9979    0.0000 C   0  0  0  0  0  0  0  0  0  0  0  0
    3.6175   -1.3319    0.0000 C   0  0  0  0  0  0  0  0  0  0  0  0
    4.7683   -1.9979    0.0000 C   0  0  0  0  0  0  0  0  0  0  0  0
    4.7683   -3.3245    0.0000 C   0  0  0  0  0  0  0  0  0  0  0  0
    3.6122   -3.9851    0.0000 C   0  0  0  0  0  0  0  0  0  0  0  0
    1.3106   -1.3319    0.0000 C   0  0  0  0  0  0  0  0  0  0  0  0
    1.3106    0.0000    0.0000 F   0  0  0  0  0  0  0  0  0  0  0  0
    0.0000   -1.1028    0.0000 F   0  0  0  0  0  0  0  0  0  0  0  0
    0.8578   -2.5839    0.0000 F   0  0  0  0  0  0  0  0  0  0  0  0
  1  2  1  0  0  0  0
  2  3  2  0  0  0  0
  2  4  1  0  0  0  0
  4  5  2  0  0  0  0
  4  9  1  0  0  0  0
  5  6  1  0  0  0  0
  5 10  1  0  0  0  0
  6  7  2  0  0  0  0
  7  8  1  0  0  0  0
  8  9  2  0  0  0  0
 10 11  1  0  0  0  0
 10 12  1  0  0  0  0
 10 13  1  0  0  0  0
M  END
