9899
  Marvin  12300703363D          

 18 18  0  0  0  0            999 V2000
   -2.4978   -1.4788    1.0689 F   0  0  0  0  0  0  0  0  0  0  0  0
   -2.3940   -1.6284   -1.1478 F   0  0  0  0  0  0  0  0  0  0  0  0
   -1.0730   -2.7781    0.1624 F   0  0  0  0  0  0  0  0  0  0  0  0
    2.5587   -1.5158    0.4918 O   0  0  0  0  0  0  0  0  0  0  0  0
    1.2913   -2.3639   -0.8858 O   0  0  0  0  0  0  0  0  0  0  0  0
   -0.7528   -0.3309   -0.0554 C   0  0  0  0  0  0  0  0  0  0  0  0
    0.6800   -0.3041   -0.0792 C   0  0  0  0  0  0  0  0  0  0  0  0
   -1.4422    0.9124   -0.0600 C   0  0  0  0  0  0  0  0  0  0  0  0
   -1.6377   -1.5401   -0.0031 C   0  0  2  0  0  0  0  0  0  0  0  0
    1.3409    0.9544   -0.0613 C   0  0  0  0  0  0  0  0  0  0  0  0
   -0.7690    2.1431   -0.0539 C   0  0  0  0  0  0  0  0  0  0  0  0
    0.6302    2.1641   -0.0473 C   0  0  0  0  0  0  0  0  0  0  0  0
    1.5112   -1.4195   -0.1432 C   0  0  0  0  0  0  0  0  0  0  0  0
   -2.4660    0.9510   -0.0591 H   0  0  0  0  0  0  0  0  0  0  0  0
    2.3629    1.0296   -0.0721 H   0  0  0  0  0  0  0  0  0  0  0  0
   -1.2935    3.0215   -0.0511 H   0  0  0  0  0  0  0  0  0  0  0  0
    1.1293    3.0569   -0.0382 H   0  0  0  0  0  0  0  0  0  0  0  0
    2.8216   -0.8736    1.0342 H   0  0  0  0  0  0  0  0  0  0  0  0
  1  9  1  0  0  0  0
  2  9  1  0  0  0  0
  3  9  1  0  0  0  0
  4 13  1  0  0  0  0
  4 18  1  0  0  0  0
  5 13  2  0  0  0  0
  6  7  1  0  0  0  0
  6  8  2  0  0  0  0
  6  9  1  0  0  0  0
  7 10  2  0  0  0  0
  7 13  1  0  0  0  0
  8 11  1  0  0  0  0
  8 14  1  0  0  0  0
 10 12  1  0  0  0  0
 10 15  1  0  0  0  0
 11 12  2  0  0  0  0
 11 16  1  0  0  0  0
 12 17  1  0  0  0  0
M  END
> <PUBCHEM_BONDANNOTATIONS>
10  12  8
11  12  8
6  7  8
6  8  8
7  10  8
8  11  8

$$$$
