978
  Marvin  12300703363D          

 17 17  0  0  0  0            999 V2000
   -0.9616   -3.2411    0.4932 O   0  0  0  0  0  0  0  0  0  0  0  0
   -2.5652   -2.2804   -0.3557 O   0  0  0  0  0  0  0  0  0  0  0  0
    1.4257    2.5825   -0.1811 N   0  0  0  0  0  0  0  0  0  0  0  0
   -0.7021   -0.9952    0.0114 C   0  0  0  0  0  0  0  0  0  0  0  0
    0.7550    1.4563   -0.1085 C   0  0  0  0  0  0  0  0  0  0  0  0
    0.7155   -0.9790    0.0387 C   0  0  0  0  0  0  0  0  0  0  0  0
   -1.3676    0.2542   -0.0649 C   0  0  0  0  0  0  0  0  0  0  0  0
    1.4378    0.2280   -0.0216 C   0  0  0  0  0  0  0  0  0  0  0  0
   -0.6534    1.4658   -0.1225 C   0  0  0  0  0  0  0  0  0  0  0  0
   -1.4156   -2.1899    0.0516 C   0  0  0  0  0  0  0  0  0  0  0  0
    1.2535   -1.8478    0.0900 H   0  0  0  0  0  0  0  0  0  0  0  0
   -2.3899    0.3071   -0.0742 H   0  0  0  0  0  0  0  0  0  0  0  0
    2.4609    0.2007   -0.0082 H   0  0  0  0  0  0  0  0  0  0  0  0
   -1.1690    2.3483   -0.1740 H   0  0  0  0  0  0  0  0  0  0  0  0
    2.3608    2.5778   -0.1310 H   0  0  0  0  0  0  0  0  0  0  0  0
    0.9709    3.3945   -0.2880 H   0  0  0  0  0  0  0  0  0  0  0  0
   -0.1558   -3.2818    0.8449 H   0  0  0  0  0  0  0  0  0  0  0  0
  1 10  1  0  0  0  0
  1 17  1  0  0  0  0
  2 10  2  0  0  0  0
  3  5  1  0  0  0  0
  3 15  1  0  0  0  0
  3 16  1  0  0  0  0
  4  6  2  0  0  0  0
  4  7  1  0  0  0  0
  4 10  1  0  0  0  0
  5  8  2  0  0  0  0
  5  9  1  0  0  0  0
  6  8  1  0  0  0  0
  6 11  1  0  0  0  0
  7  9  2  0  0  0  0
  7 12  1  0  0  0  0
  8 13  1  0  0  0  0
  9 14  1  0  0  0  0
M  END
> <PUBCHEM_BONDANNOTATIONS>
4  6  8
4  7  8
5  8  8
5  9  8
6  8  8
7  9  8

$$$$
