
  ACD/Labs03221914022D

 10 10  0  0  0  0  0  0  0  0  2 V2000
    3.4546   -3.3280    0.0000 C   0  0  0  0  0  0  0  0  0  0  0  0
    2.3031   -3.9901    0.0000 C   0  0  0  0  0  0  0  0  0  0  0  0
    1.1515   -3.3280    0.0000 C   0  0  0  0  0  0  0  0  0  0  0  0
    1.1515   -1.9979    0.0000 C   0  0  0  0  0  0  0  0  0  0  0  0
    2.3031   -1.3300    0.0000 C   0  0  0  0  0  0  0  0  0  0  0  0
    3.4546   -1.9979    0.0000 C   0  0  0  0  0  0  0  0  0  0  0  0
    4.6062   -1.3300    0.0000 N   0  3  0  0  0  0  0  0  0  0  0  0
    5.7577   -1.9979    0.0000 O   0  5  0  0  0  0  0  0  0  0  0  0
    4.6062    0.0000    0.0000 O   0  0  0  0  0  0  0  0  0  0  0  0
    0.0000   -3.9901    0.0000 O   0  0  0  0  0  0  0  0  0  0  0  0
  1  2  2  0  0  0  0
  1  6  1  0  0  0  0
  2  3  1  0  0  0  0
  3  4  2  0  0  0  0
  3 10  1  0  0  0  0
  4  5  1  0  0  0  0
  5  6  2  0  0  0  0
  6  7  1  0  0  0  0
  7  8  1  0  0  0  0
  7  9  2  0  0  0  0
M  CHG  2   7   1   8  -1
M  END
