980
  Marvin  12300703363D          

 15 15  0  0  0  0            999 V2000
    1.4331    2.5545   -0.0000 O   0  0  0  0  0  0  0  0  0  0  0  0
   -2.4904   -2.2463   -0.0000 O   0  5  0  0  0  0  0  0  0  0  0  0
   -0.8134   -3.2188   -0.0000 O   0  0  0  0  0  0  0  0  0  0  0  0
   -1.3207   -2.1655    0.0000 N   0  3  0  0  0  0  0  0  0  0  0  0
   -0.6452   -1.0029   -0.0000 C   0  0  0  0  0  0  0  0  0  0  0  0
    0.7744   -0.9669   -0.0000 C   0  0  0  0  0  0  0  0  0  0  0  0
   -1.3112    0.2520    0.0000 C   0  0  0  0  0  0  0  0  0  0  0  0
    0.8001    1.4699   -0.0000 C   0  0  0  0  0  0  0  0  0  0  0  0
    1.4911    0.2444   -0.0000 C   0  0  0  0  0  0  0  0  0  0  0  0
   -0.6071    1.4711    0.0000 C   0  0  0  0  0  0  0  0  0  0  0  0
    1.3180   -1.8326    0.0000 H   0  0  0  0  0  0  0  0  0  0  0  0
   -2.3329    0.2984   -0.0000 H   0  0  0  0  0  0  0  0  0  0  0  0
    2.5135    0.2274    0.0000 H   0  0  0  0  0  0  0  0  0  0  0  0
   -1.1236    2.3544    0.0000 H   0  0  0  0  0  0  0  0  0  0  0  0
    2.3143    2.5609   -0.0000 H   0  0  0  0  0  0  0  0  0  0  0  0
  1  8  1  0  0  0  0
  1 15  1  0  0  0  0
  2  4  1  0  0  0  0
  3  4  2  0  0  0  0
  4  5  1  0  0  0  0
  5  6  2  0  0  0  0
  5  7  1  0  0  0  0
  6  9  1  0  0  0  0
  6 11  1  0  0  0  0
  7 10  2  0  0  0  0
  7 12  1  0  0  0  0
  8  9  2  0  0  0  0
  8 10  1  0  0  0  0
  9 13  1  0  0  0  0
 10 14  1  0  0  0  0
M  CHG  2   2  -1   4   1
M  END
> <PUBCHEM_BONDANNOTATIONS>
5  6  8
5  7  8
6  9  8
7  10  8
8  10  8
8  9  8

$$$$
