
  ACD/Labs06251410132D

 12 12  0  0  0  0  0  0  0  0  1 V2000
    3.9905   -4.6067    0.0000 O   0  0  0  0  0  0  0  0  0  0  0  0
    4.6546   -3.4580    0.0000 C   0  0  0  0  0  0  0  0  0  0  0  0
    5.9827   -3.4580    0.0000 O   0  0  0  0  0  0  0  0  0  0  0  0
    3.9905   -2.3033    0.0000 C   0  0  0  0  0  0  0  0  0  0  0  0
    4.6546   -1.1547    0.0000 C   0  0  0  0  0  0  0  0  0  0  0  0
    3.9905    0.0000    0.0000 N   0  0  0  0  0  0  0  0  0  0  0  0
    2.6563    0.0000    0.0000 C   0  0  0  0  0  0  0  0  0  0  0  0
    1.9922   -1.1547    0.0000 C   0  0  0  0  0  0  0  0  0  0  0  0
    2.6563   -2.3033    0.0000 C   0  0  0  0  0  0  0  0  0  0  0  0
    0.6641   -1.1547    0.0000 C   0  0  0  0  0  0  0  0  0  0  0  0
    0.0000    0.0000    0.0000 O   0  0  0  0  0  0  0  0  0  0  0  0
    0.0000   -2.3033    0.0000 O   0  0  0  0  0  0  0  0  0  0  0  0
  1  2  1  0  0  0  0
  2  3  2  0  0  0  0
  2  4  1  0  0  0  0
  4  5  1  0  0  0  0
  4  9  2  0  0  0  0
  5  6  2  0  0  0  0
  6  7  1  0  0  0  0
  7  8  2  0  0  0  0
  8  9  1  0  0  0  0
  8 10  1  0  0  0  0
 10 11  1  0  0  0  0
 10 12  2  0  0  0  0
M  END
